0 	 0
3000 	 -1.376
3024 	 -1.496
3050 	 -1.88
3062 	 -2.472
3078 	 -3.176
3112 	 -3.62
3158 	 -3.808
3164 	 -3.728
3186 	 -2.828
3198 	 -2.688
3216 	 -1.912
3232 	 -1.736
3238 	 -1.364
3262 	 -0.608
3296 	 -0.264
3400 	 -0.024
3636 	 -0.008
3904 	 0
6000 	 -2.478
6020 	 -2.638
6042 	 -3.286
6064 	 -3.582
6088 	 -3.11
6120 	 -2.686
6138 	 -2.872
6154 	 -3.312
6180 	 -3.048
6190 	 -3.516
6198 	 -3.5
6234 	 -3.9
6284 	 -4.203
6296 	 -4.179
6346 	 -4.159
6360 	 -2.871
6374 	 -2.271
6376 	 -1.719
6424 	 -1.319
6444 	 -0.761
6504 	 -0.637
6506 	 -0.613
6552 	 -0.501
6634 	 -0.359
6704 	 -0.331
6710 	 -0.307
6726 	 -0.295
6728 	 -0.267
6782 	 -0.263
6894 	 -0.165
6990 	 -0.145
6994 	 -0.125
7002 	 -0.093
7272 	 -0.089
7278 	 -0.085
7290 	 -0.073
7324 	 -0.025
9000 	 -1.433
9024 	 -1.537
9050 	 -2.497
9078 	 -3.177
9112 	 -3.761
9158 	 -3.713
9162 	 -3.797
9174 	 -3.705
9186 	 -2.857
9216 	 -3.589
9232 	 -3.413
9238 	 -3.801
9262 	 -1.973
9268 	 -1.305
9298 	 -0.417
9304 	 -0.413
9306 	 -0.409
9334 	 -0.277
9400 	 -0.025
9660 	 -0.009
9904 	 -0.001
12000 	 -2.128
12004 	 -2.439
12006 	 -3.112
12008 	 -4.351
12010 	 -4.989
12012 	 -5.63
12016 	 -5.959
12020 	 -6.408
12028 	 -6.542
12040 	 -6.507
12042 	 -6.983
12054 	 -6.494
12064 	 -6.594
12070 	 -6.953
12074 	 -6.474
12086 	 -6.739
12088 	 -6.127
12100 	 -6.031
12102 	 -5.915
12114 	 -6.056
12120 	 -5.528
12130 	 -5.315
12132 	 -5.631
12140 	 -5.896
12154 	 -7.064
12164 	 -6.954
12178 	 -6.969
12180 	 -6.923
12184 	 -6.775
12186 	 -6.792
12190 	 -7.108
12192 	 -7.051
12200 	 -6.839
12210 	 -6.856
12212 	 -7.9
12226 	 -7.891
12228 	 -8.036
12230 	 -7.887
12234 	 -9.235
12236 	 -8.922
12242 	 -8.961
12248 	 -8.922
12252 	 -8.167
12254 	 -8.29
12260 	 -8.272
12264 	 -8.207
12272 	 -8.206
12274 	 -6.954
12276 	 -7.16
12282 	 -6.863
12290 	 -6.591
12296 	 -6.897
12304 	 -6.786
12320 	 -6.788
12324 	 -6.184
12328 	 -6.382
12330 	 -6.382
12332 	 -6.414
12336 	 -6.341
12338 	 -6.089
12344 	 -5.293
12350 	 -5.274
12352 	 -5.341
12354 	 -5.329
12358 	 -5.31
12360 	 -4.358
12378 	 -4.342
12382 	 -4.197
12386 	 -4.096
12398 	 -4.026
12402 	 -3.847
12404 	 -3.575
12406 	 -3.649
12412 	 -3.685
12420 	 -3.674
12436 	 -4.112
12438 	 -3.569
12444 	 -3.512
12452 	 -3.739
12460 	 -3.656
12462 	 -3.588
12464 	 -3.455
12466 	 -3.92
12480 	 -4.106
12494 	 -4.067
12496 	 -4.044
12500 	 -4.055
12502 	 -4.036
12516 	 -3.986
12520 	 -3.956
12521 	 -4.201
12532 	 -4.192
12536 	 -4.561
12546 	 -4.723
12548 	 -4.704
12550 	 -4.675
12552 	 -4.555
12564 	 -4.723
12566 	 -4.804
12576 	 -4.771
12590 	 -4.73
12596 	 -4.255
12600 	 -4.383
12604 	 -4.378
12612 	 -4.252
12614 	 -4.229
12618 	 -4.221
12624 	 -4.192
12626 	 -4.373
12630 	 -4.844
12638 	 -4.84
12640 	 -5.083
12646 	 -4.942
12692 	 -4.92
12700 	 -4.893
12706 	 -5.121
12710 	 -5.117
12714 	 -5.004
12726 	 -5.008
12728 	 -5.039
12754 	 -5.024
12758 	 -5.022
12762 	 -5.139
12768 	 -5.204
12770 	 -5.437
12774 	 -5.399
12786 	 -5.299
12788 	 -5.84
12792 	 -5.846
12802 	 -6.467
12804 	 -6.574
12814 	 -6.837
12826 	 -7.214
12840 	 -7.034
12850 	 -7.246
12858 	 -6.962
12860 	 -7.019
12864 	 -7.38
12868 	 -7.39
12872 	 -7.234
12874 	 -7.181
12878 	 -7.482
12884 	 -7.454
12888 	 -7.387
12892 	 -7.771
12894 	 -7.768
12896 	 -7.673
12898 	 -7.766
12900 	 -7.631
12902 	 -7.422
12908 	 -7.145
12914 	 -7.185
12918 	 -7.252
12920 	 -7.162
12922 	 -6.946
12924 	 -6.911
12926 	 -6.994
12928 	 -6.978
12930 	 -6.822
12938 	 -6.648
12942 	 -6.68
12952 	 -6.645
12954 	 -6.576
12958 	 -6.722
12968 	 -6.585
12970 	 -6.58
12972 	 -6.533
12984 	 -6.478
12986 	 -6.295
12990 	 -6.289
12996 	 -6.294
13002 	 -6.182
13004 	 -6.108
13008 	 -6.129
13010 	 -6.182
13014 	 -6.241
13018 	 -6.234
13022 	 -6.137
13026 	 -6.168
13028 	 -6.393
13034 	 -6.383
13040 	 -6.939
13042 	 -7.091
13044 	 -7.314
13048 	 -7.346
13052 	 -7.306
13056 	 -7.408
13060 	 -7.552
13062 	 -7.607
13064 	 -7.459
13068 	 -7.34
13076 	 -7.389
13078 	 -7.417
13080 	 -7.092
13084 	 -6.498
13088 	 -6.452
13094 	 -6.428
13098 	 -6.474
13102 	 -6.538
13104 	 -6.604
13106 	 -6.573
13110 	 -6.361
13114 	 -6.34
13120 	 -6.383
13122 	 -6.337
13124 	 -6.301
13130 	 -6.429
13138 	 -5.966
13146 	 -5.956
13154 	 -5.944
13156 	 -5.99
13160 	 -5.612
13170 	 -5.598
13174 	 -5.424
13176 	 -5.4
13184 	 -5.319
13188 	 -5.379
13200 	 -5.485
13204 	 -5.441
13206 	 -5.378
13208 	 -5.363
13214 	 -5.326
13226 	 -5.171
13234 	 -5.162
13240 	 -5.088
13248 	 -4.583
13254 	 -4.675
13258 	 -4.673
13260 	 -4.751
13266 	 -4.744
13274 	 -4.937
13278 	 -4.976
13282 	 -4.91
13286 	 -5.121
13290 	 -5.104
13296 	 -5.097
13308 	 -5.075
13322 	 -4.953
13332 	 -4.978
13338 	 -5.003
13340 	 -4.609
13342 	 -4.625
13346 	 -4.83
13356 	 -4.754
13358 	 -4.804
13362 	 -4.852
13372 	 -4.84
13380 	 -4.869
13382 	 -4.894
13384 	 -4.89
13388 	 -4.884
13390 	 -4.872
13394 	 -4.869
13402 	 -4.689
13408 	 -4.396
13414 	 -4.46
13422 	 -4.452
13426 	 -4.413
13428 	 -4.303
13432 	 -4.351
13438 	 -4.281
13442 	 -4.205
13450 	 -4.203
13454 	 -4.162
13478 	 -4.155
13482 	 -4.177
13484 	 -3.982
13486 	 -4.044
13502 	 -4.033
13514 	 -4.024
13518 	 -3.863
13522 	 -3.922
13534 	 -3.896
13536 	 -3.908
13540 	 -3.975
13542 	 -3.971
13546 	 -4.294
13552 	 -4.248
13558 	 -4.226
13564 	 -4.012
13572 	 -3.828
13586 	 -4.067
13588 	 -4.081
13592 	 -4.012
13598 	 -3.959
13620 	 -3.945
13622 	 -3.922
13632 	 -3.594
13654 	 -3.508
13658 	 -3.483
13666 	 -3.362
13684 	 -3.715
13690 	 -3.877
13700 	 -3.831
13706 	 -3.69
13712 	 -3.745
13724 	 -3.734
13726 	 -3.725
13730 	 -3.715
13736 	 -3.705
13744 	 -3.489
13754 	 -3.484
13764 	 -3.44
13766 	 -3.284
13770 	 -3.109
13778 	 -3.092
13784 	 -3.089
13788 	 -2.927
13790 	 -2.852
13798 	 -3.003
13806 	 -2.995
13810 	 -2.941
13812 	 -2.924
13814 	 -2.882
13826 	 -2.875
13830 	 -2.832
13834 	 -2.688
13836 	 -2.829
13842 	 -3.083
13848 	 -3.02
13850 	 -3.005
13862 	 -2.997
13876 	 -3.299
13880 	 -3.501
13900 	 -3.493
13902 	 -3.44
13912 	 -3.28
13916 	 -3.309
13922 	 -2.93
13930 	 -2.971
13934 	 -2.939
13938 	 -2.936
13950 	 -2.912
13952 	 -2.961
13954 	 -2.837
13974 	 -2.821
13982 	 -2.752
13984 	 -2.794
13986 	 -2.523
13990 	 -2.437
13992 	 -2.421
14008 	 -2.416
14010 	 -2.413
14012 	 -2.368
14014 	 -2.33
14016 	 -2.343
14022 	 -2.342
14028 	 -2.289
14032 	 -2.211
14038 	 -2.164
14042 	 -2.191
14052 	 -2.118
14056 	 -2.188
14058 	 -2.219
14072 	 -2.22
14078 	 -2.123
14088 	 -2.242
14096 	 -2.238
14102 	 -2.231
14106 	 -2.193
14118 	 -2.08
14132 	 -2.042
14148 	 -1.906
14164 	 -1.938
14178 	 -1.865
14180 	 -1.847
14192 	 -1.604
14194 	 -1.676
14198 	 -1.646
14200 	 -1.651
14206 	 -1.65
14222 	 -1.62
14232 	 -1.343
14246 	 -1.341
14250 	 -1.321
14256 	 -1.348
14260 	 -1.296
14278 	 -1.295
14280 	 -1.19
14288 	 -1.18
14294 	 -1.165
14298 	 -1.152
14308 	 -1.112
14318 	 -1.11
14324 	 -1.065
14326 	 -1.064
14328 	 -1.287
14340 	 -1.286
14357 	 -1.352
14364 	 -1.334
14385 	 -1.558
14399 	 -1.645
14400 	 -1.464
14414 	 -1.456
14422 	 -1.455
14426 	 -1.813
14440 	 -1.812
14444 	 -1.888
14478 	 -1.992
14482 	 -1.914
14502 	 -1.887
14508 	 -1.988
14528 	 -1.875
14554 	 -1.376
14558 	 -1.426
14570 	 -1.345
14576 	 -1.377
14596 	 -1.266
14628 	 -1.225
14640 	 -1.64
14650 	 -1.618
14676 	 -1.617
14694 	 -1.575
14698 	 -1.588
14704 	 -2.135
14720 	 -2.168
14722 	 -2.1
14732 	 -2.075
14746 	 -2.064
14752 	 -2.13
14758 	 -1.808
14760 	 -1.767
14762 	 -1.691
14774 	 -1.642
14788 	 -1.471
14802 	 -1.416
14814 	 -1.327
14816 	 -0.978
14830 	 -0.872
14860 	 -0.76
14870 	 -0.716
14872 	 -0.556
14922 	 -0.524
15000 	 -1.533
15024 	 -1.653
15050 	 -2.597
15078 	 -3.265
15096 	 -3.291
15112 	 -3.898
15134 	 -3.919
15158 	 -3.945
15162 	 -4.008
15174 	 -3.936
15186 	 -3.152
15200 	 -3.131
15216 	 -4.163
15232 	 -3.987
15238 	 -4.21
15250 	 -4.204
15262 	 -2.808
15266 	 -2.78
15268 	 -2.522
15276 	 -2.359
15282 	 -1.963
15298 	 -1.443
15300 	 -1.308
15308 	 -1.242
15310 	 -1.283
15332 	 -1.257
15336 	 -1.555
15342 	 -1.552
15346 	 -1.474
15356 	 -1.644
15374 	 -1.264
15400 	 -0.759
15422 	 -0.599
15456 	 -0.337
15486 	 -0.145
15510 	 -0.133
15558 	 -0.063
15660 	 -0.054
15666 	 -0.051
15720 	 -0.05
15746 	 -0.046
15864 	 -0.038
15904 	 -0.03
16000 	 -0.027
16104 	 -0.024
16116 	 -0.022
16196 	 -0.02
16218 	 -0.019
16388 	 -0.013
18000 	 -2.129
18020 	 -2.255
18042 	 -2.799
18064 	 -2.979
18088 	 -2.447
18120 	 -1.871
18154 	 -3.313
18180 	 -3.049
18190 	 -3.899
18234 	 -5.597
18252 	 -5.565
18262 	 -5.379
18270 	 -4.087
18278 	 -4.003
18286 	 -3.815
18296 	 -4.337
18316 	 -4.397
18328 	 -4.641
18336 	 -4.173
18342 	 -4.165
18348 	 -3.377
18360 	 -2.371
18368 	 -2.065
18384 	 -2.079
18402 	 -1.417
18420 	 -0.783
18426 	 -0.695
18434 	 -0.577
18448 	 -0.237
18472 	 -0.207
18552 	 -0.025
18864 	 -0.017
19002 	 -0.001
19498 	 0
21000 	 -1.44
21001 	 -1.44
