0 	 0
3000 	 -1.376
3024 	 -1.496
3050 	 -1.88
3062 	 -2.472
3078 	 -3.176
3112 	 -3.62
3158 	 -3.808
3164 	 -3.728
3186 	 -2.828
3198 	 -2.688
3216 	 -1.912
3232 	 -1.736
3238 	 -1.364
3262 	 -0.608
3296 	 -0.264
3400 	 -0.024
3636 	 -0.008
3904 	 0
6000 	 -2.478
6020 	 -2.638
6042 	 -3.286
6064 	 -3.582
6088 	 -3.11
6120 	 -2.686
6138 	 -2.872
6154 	 -3.312
6180 	 -3.048
6190 	 -3.516
6198 	 -3.5
6234 	 -3.9
6284 	 -4.203
6296 	 -4.179
6346 	 -4.159
6360 	 -2.871
6374 	 -2.271
6376 	 -1.719
6424 	 -1.319
6444 	 -0.761
6504 	 -0.637
6506 	 -0.613
6552 	 -0.501
6634 	 -0.359
6704 	 -0.331
6710 	 -0.307
6726 	 -0.295
6728 	 -0.267
6782 	 -0.263
6894 	 -0.165
6990 	 -0.145
6994 	 -0.125
7002 	 -0.093
7272 	 -0.089
7278 	 -0.085
7290 	 -0.073
7324 	 -0.025
9000 	 -1.433
9024 	 -1.537
9050 	 -2.497
9078 	 -3.177
9112 	 -3.761
9158 	 -3.713
9162 	 -3.797
9174 	 -3.705
9186 	 -2.857
9216 	 -3.589
9232 	 -3.413
9238 	 -3.801
9262 	 -1.973
9268 	 -1.305
9298 	 -0.417
9304 	 -0.413
9306 	 -0.409
9334 	 -0.277
9400 	 -0.025
9660 	 -0.009
9904 	 -0.001
12000 	 -2.128
12004 	 -2.519
12006 	 -3.192
12008 	 -5.253
12010 	 -5.891
12012 	 -6.962
12016 	 -7.291
12020 	 -7.966
12028 	 -8.1
12040 	 -8.241
12042 	 -8.717
12054 	 -8.228
12064 	 -8.328
12070 	 -9.046
12074 	 -8.567
12086 	 -8.832
12088 	 -8.22
12100 	 -8.028
12102 	 -7.912
12114 	 -8.194
12120 	 -7.666
12130 	 -7.217
12132 	 -7.533
12140 	 -7.798
12154 	 -8.966
12164 	 -8.856
12178 	 -8.923
12180 	 -8.876
12184 	 -8.58
12186 	 -8.597
12190 	 -8.913
12192 	 -8.799
12200 	 -8.375
12210 	 -8.493
12212 	 -9.537
12226 	 -9.954
12228 	 -10.099
12230 	 -9.801
12234 	 -11.149
12236 	 -10.871
12242 	 -10.889
12248 	 -10.853
12252 	 -10.059
12254 	 -9.655
12260 	 -9.637
12264 	 -9.541
12266 	 -9.288
12272 	 -9.287
12274 	 -8.035
12276 	 -8.073
12282 	 -7.445
12290 	 -7.173
12296 	 -7.479
12304 	 -6.92
12320 	 -6.924
12324 	 -6.32
12328 	 -6.361
12330 	 -6.283
12332 	 -6.315
12338 	 -6.063
12344 	 -5.267
12350 	 -5.248
12354 	 -5.236
12356 	 -5.184
12358 	 -5.118
12360 	 -4.166
12370 	 -4.304
12382 	 -4.296
12384 	 -4.318
12386 	 -4.246
12400 	 -4.312
12404 	 -4.04
12406 	 -4.114
12412 	 -4.151
12420 	 -4.14
12436 	 -4.419
12438 	 -3.866
12444 	 -3.811
12452 	 -4.099
12460 	 -4.016
12462 	 -4.012
12464 	 -3.963
12466 	 -4.428
12476 	 -4.399
12480 	 -4.402
12494 	 -4.363
12496 	 -4.673
12500 	 -4.695
12502 	 -4.676
12510 	 -4.562
12516 	 -4.799
12520 	 -4.769
12524 	 -4.9
12532 	 -4.882
12542 	 -4.913
12550 	 -4.792
12552 	 -4.672
12560 	 -4.44
12564 	 -4.608
12578 	 -4.522
12586 	 -4.511
12590 	 -4.47
12604 	 -4.23
12614 	 -4.18
12620 	 -4.369
12626 	 -4.55
12630 	 -5.021
12638 	 -5.017
12640 	 -5.098
12650 	 -5.234
12656 	 -5.226
12660 	 -5.221
12670 	 -5.181
12678 	 -5.175
12684 	 -4.945
12700 	 -4.918
12704 	 -4.894
12706 	 -5.122
12710 	 -5.118
12714 	 -4.973
12726 	 -5.13
12744 	 -5.066
12754 	 -5.178
12758 	 -5.176
12768 	 -5.285
12770 	 -5.966
12778 	 -6.219
12782 	 -6.768
12784 	 -6.74
12786 	 -6.64
12796 	 -7.346
12802 	 -7.324
12804 	 -7.421
12814 	 -7.417
12826 	 -7.617
12840 	 -7.813
12844 	 -7.766
12848 	 -7.69
12852 	 -7.672
12856 	 -7.742
12868 	 -7.756
12870 	 -7.759
12872 	 -7.572
12874 	 -7.526
12876 	 -7.238
12878 	 -7.207
12882 	 -7.204
12884 	 -7.537
12896 	 -7.442
12900 	 -7.569
12908 	 -6.626
12912 	 -6.593
12914 	 -6.678
12920 	 -6.588
12924 	 -6.553
12928 	 -6.167
12930 	 -6.231
12932 	 -6.193
12936 	 -6.285
12938 	 -6.118
12940 	 -6.038
12942 	 -6.07
12952 	 -5.986
12954 	 -5.917
12960 	 -6.001
12964 	 -5.914
12966 	 -5.78
12970 	 -5.703
12972 	 -5.656
12980 	 -5.613
12982 	 -5.665
12986 	 -5.701
12990 	 -5.747
12996 	 -5.753
13000 	 -5.747
13004 	 -5.673
13006 	 -5.596
13008 	 -6.054
13012 	 -6.06
13016 	 -6.102
13020 	 -6.086
13022 	 -5.798
13024 	 -6.384
13028 	 -6.277
13040 	 -6.251
13044 	 -6.62
13048 	 -6.655
13050 	 -6.595
13052 	 -6.582
13054 	 -7.129
13062 	 -7.076
13064 	 -7.017
13068 	 -6.898
13070 	 -6.87
13076 	 -6.932
13078 	 -6.784
13080 	 -6.464
13084 	 -6.462
13086 	 -6.529
13088 	 -6.496
13096 	 -6.819
13102 	 -6.623
13110 	 -6.584
13114 	 -6.543
13116 	 -6.666
13120 	 -6.497
13128 	 -6.348
13132 	 -6.3
13134 	 -6.338
13138 	 -6.347
13142 	 -6.42
13144 	 -6.592
13148 	 -6.565
13152 	 -6.324
13156 	 -6.123
13158 	 -6.034
13162 	 -5.73
13164 	 -5.916
13178 	 -5.924
13182 	 -6.014
13188 	 -5.866
13194 	 -5.697
13206 	 -6.11
13208 	 -6.198
13214 	 -6.16
13224 	 -6.118
13232 	 -6.137
13248 	 -5.409
13258 	 -5.407
13286 	 -5.5
13290 	 -5.483
13294 	 -5.713
13328 	 -5.702
13330 	 -5.754
13338 	 -5.773
13340 	 -5.403
13346 	 -5.578
13358 	 -5.62
13360 	 -5.683
13372 	 -5.671
13376 	 -5.659
13386 	 -5.658
13388 	 -5.652
13394 	 -5.505
13396 	 -5.479
13408 	 -4.996
13414 	 -5.016
13416 	 -4.875
13428 	 -4.833
13430 	 -4.791
13432 	 -4.775
13442 	 -4.464
13456 	 -4.418
13466 	 -4.458
13468 	 -4.385
13470 	 -4.291
13474 	 -4.322
13476 	 -4.434
13478 	 -4.485
13490 	 -4.475
13492 	 -4.541
13496 	 -4.609
13512 	 -4.644
13514 	 -4.635
13530 	 -4.683
13536 	 -4.707
13538 	 -4.665
13542 	 -4.661
13546 	 -4.499
13554 	 -4.512
13588 	 -4.327
13592 	 -4.258
13594 	 -4.272
13606 	 -4.342
13608 	 -4.335
13614 	 -4.164
13618 	 -4.111
13624 	 -4.128
13626 	 -4.06
13640 	 -4.017
13654 	 -3.925
13658 	 -3.846
13666 	 -3.417
13670 	 -3.397
13680 	 -3.392
13686 	 -3.329
13690 	 -3.304
13702 	 -3.297
13704 	 -3.241
13712 	 -3.17
13726 	 -3.116
13744 	 -2.729
13750 	 -2.689
13768 	 -2.71
13784 	 -2.703
13786 	 -2.752
13790 	 -2.628
13796 	 -2.713
13804 	 -2.698
13814 	 -2.646
13822 	 -2.468
13842 	 -2.458
13844 	 -2.429
13850 	 -2.181
13858 	 -2.179
13862 	 -1.941
13870 	 -1.936
13876 	 -1.925
13882 	 -1.922
13886 	 -1.76
13888 	 -1.69
13900 	 -1.682
13902 	 -1.571
13904 	 -1.513
13912 	 -1.507
13920 	 -1.353
13922 	 -1.323
13930 	 -1.136
13940 	 -1.13
13946 	 -1.117
13958 	 -1.091
13964 	 -1.036
13966 	 -1.034
13984 	 -0.858
14000 	 -0.846
14012 	 -0.831
14032 	 -0.753
14038 	 -0.727
14046 	 -0.673
14052 	 -0.664
14054 	 -0.658
14074 	 -0.625
14086 	 -0.556
14108 	 -0.551
14158 	 -0.55
14200 	 -0.494
14210 	 -0.489
14254 	 -0.487
14268 	 -0.485
14278 	 -0.462
14298 	 -0.451
14318 	 -0.449
14326 	 -0.448
14380 	 -0.433
14426 	 -0.282
14430 	 -0.268
14470 	 -0.266
14582 	 -0.265
15000 	 -1.419
15024 	 -1.559
15050 	 -2.337
15078 	 -2.92
15112 	 -3.352
15158 	 -3.311
15162 	 -3.371
15174 	 -3.299
15186 	 -2.551
15216 	 -3.162
15232 	 -2.986
15238 	 -3.178
15250 	 -3.172
15262 	 -1.93
15268 	 -1.672
15282 	 -1.276
15298 	 -0.755
15310 	 -0.776
15336 	 -0.925
15342 	 -0.922
15346 	 -0.844
15356 	 -0.929
15360 	 -0.926
15374 	 -0.736
15400 	 -0.39
15422 	 -0.31
15456 	 -0.179
15486 	 -0.082
15558 	 -0.047
15660 	 -0.038
15864 	 -0.034
15904 	 -0.026
16000 	 -0.023
16388 	 -0.017
18000 	 -2.128
18020 	 -2.236
18042 	 -2.716
18064 	 -2.813
18088 	 -2.218
18120 	 -1.597
18154 	 -2.616
18180 	 -2.352
18190 	 -2.87
18234 	 -4.036
18252 	 -4.012
18262 	 -3.919
18270 	 -2.95
18278 	 -2.887
18286 	 -2.746
18296 	 -2.923
18316 	 -2.968
18328 	 -3.09
18336 	 -2.739
18342 	 -2.718
18348 	 -2.127
18360 	 -1.303
18368 	 -1.15
18384 	 -1.157
18402 	 -0.75
18420 	 -0.433
18426 	 -0.389
18434 	 -0.33
18448 	 -0.16
18472 	 -0.145
18552 	 -0.016
18864 	 -0.012
19002 	 0
21000 	 -1.44
21001 	 -1.44
