0 	 0
3000 	 -1.376
3024 	 -1.496
3050 	 -1.88
3062 	 -2.472
3078 	 -3.176
3112 	 -3.62
3158 	 -3.808
3164 	 -3.728
3186 	 -2.828
3198 	 -2.688
3216 	 -1.912
3232 	 -1.736
3238 	 -1.364
3262 	 -0.608
3296 	 -0.264
3400 	 -0.024
3636 	 -0.008
3904 	 0
6000 	 -2.478
6020 	 -2.638
6042 	 -3.286
6064 	 -3.582
6088 	 -3.11
6120 	 -2.686
6138 	 -2.872
6154 	 -3.312
6180 	 -3.048
6190 	 -3.516
6198 	 -3.5
6234 	 -3.9
6284 	 -4.203
6296 	 -4.179
6346 	 -4.159
6360 	 -2.871
6374 	 -2.271
6376 	 -1.719
6424 	 -1.319
6444 	 -0.761
6504 	 -0.637
6506 	 -0.613
6552 	 -0.501
6634 	 -0.359
6704 	 -0.331
6710 	 -0.307
6726 	 -0.295
6728 	 -0.267
6782 	 -0.263
6894 	 -0.165
6990 	 -0.145
6994 	 -0.125
7002 	 -0.093
7272 	 -0.089
7278 	 -0.085
7290 	 -0.073
7324 	 -0.025
9000 	 -1.433
9024 	 -1.537
9050 	 -2.497
9078 	 -3.177
9112 	 -3.761
9158 	 -3.713
9162 	 -3.797
9174 	 -3.705
9186 	 -2.857
9216 	 -3.589
9232 	 -3.413
9238 	 -3.801
9262 	 -1.973
9268 	 -1.305
9298 	 -0.417
9304 	 -0.413
9306 	 -0.409
9334 	 -0.277
9400 	 -0.025
9660 	 -0.009
9904 	 -0.001
12000 	 -2.128
12004 	 -2.479
12006 	 -3.152
12008 	 -4.802
12010 	 -5.44
12012 	 -6.296
12016 	 -6.625
12020 	 -7.187
12028 	 -7.321
12040 	 -7.374
12042 	 -7.85
12054 	 -7.361
12064 	 -7.461
12070 	 -8.004
12074 	 -7.525
12086 	 -7.79
12088 	 -7.178
12100 	 -7.065
12102 	 -6.949
12114 	 -7.09
12120 	 -6.562
12130 	 -6.143
12132 	 -6.459
12140 	 -6.724
12154 	 -7.892
12160 	 -8.25
12164 	 -8.14
12178 	 -8.203
12180 	 -8.156
12184 	 -8.008
12186 	 -8.026
12190 	 -8.342
12192 	 -8.285
12198 	 -8.263
12200 	 -8.127
12210 	 -8.179
12212 	 -9.223
12226 	 -9.214
12228 	 -9.359
12230 	 -9.262
12234 	 -10.61
12236 	 -10.3
12246 	 -10.556
12248 	 -10.496
12252 	 -9.741
12254 	 -9.49
12256 	 -9.388
12258 	 -9.612
12260 	 -9.594
12264 	 -9.529
12272 	 -9.64
12274 	 -8.388
12276 	 -8.331
12282 	 -8.005
12288 	 -8.179
12290 	 -7.907
12296 	 -8.213
12304 	 -7.991
12310 	 -8.045
12314 	 -8.008
12320 	 -8.01
12324 	 -7.406
12328 	 -7.341
12330 	 -7.312
12332 	 -7.344
12334 	 -7.321
12336 	 -7.356
12338 	 -7.104
12344 	 -6.308
12346 	 -6.37
12350 	 -6.277
12354 	 -6.265
12358 	 -6.25
12360 	 -5.298
12364 	 -5.319
12372 	 -5.235
12376 	 -5.134
12380 	 -4.981
12382 	 -4.973
12386 	 -4.867
12392 	 -4.879
12396 	 -5.032
12404 	 -4.452
12406 	 -4.526
12412 	 -4.563
12420 	 -4.552
12436 	 -4.881
12438 	 -3.973
12444 	 -3.914
12448 	 -3.8
12452 	 -4.027
12460 	 -3.944
12462 	 -3.868
12464 	 -3.847
12466 	 -4.312
12478 	 -4.105
12480 	 -4.291
12494 	 -4.252
12496 	 -4.226
12500 	 -4.374
12502 	 -4.355
12516 	 -4.941
12520 	 -4.911
12532 	 -4.902
12550 	 -4.854
12552 	 -4.734
12564 	 -4.902
12568 	 -4.748
12576 	 -4.744
12588 	 -4.522
12590 	 -4.481
12604 	 -4.476
12610 	 -4.438
12614 	 -4.39
12624 	 -4.377
12626 	 -4.558
12630 	 -5.029
12638 	 -5.025
12640 	 -5.119
12642 	 -4.956
12648 	 -5.059
12666 	 -5.214
12672 	 -5.198
12682 	 -5.082
12688 	 -5.046
12700 	 -5.019
12706 	 -5.247
12710 	 -5.243
12714 	 -5.112
12724 	 -5.138
12754 	 -5.353
12756 	 -5.341
12758 	 -5.339
12760 	 -5.411
12764 	 -5.422
12768 	 -5.464
12770 	 -5.697
12776 	 -6.079
12784 	 -6.754
12786 	 -6.654
12790 	 -6.586
12794 	 -6.766
12802 	 -6.744
12804 	 -6.806
12812 	 -7.011
12814 	 -7.009
12816 	 -6.954
12826 	 -7.112
12832 	 -6.905
12838 	 -7.009
12840 	 -7.004
12844 	 -7.359
12850 	 -7.378
12854 	 -7.155
12862 	 -7.436
12870 	 -7.251
12874 	 -7.128
12880 	 -7.156
12882 	 -7.367
12886 	 -7.476
12892 	 -7.457
12896 	 -7.362
12900 	 -7.528
12906 	 -7.775
12908 	 -7.48
12920 	 -5.849
12924 	 -6.098
12926 	 -6.068
12934 	 -6.188
12936 	 -6.094
12938 	 -6.171
12940 	 -6.341
12942 	 -6.373
12944 	 -6.27
12950 	 -6.264
12952 	 -6.18
12954 	 -6.111
12960 	 -6.1
12962 	 -6.14
12966 	 -6.346
12968 	 -6.162
12970 	 -6.157
12972 	 -6.043
12988 	 -6.248
12990 	 -6.239
12992 	 -6.135
12996 	 -6.15
12998 	 -6.146
13000 	 -6.133
13004 	 -6.191
13006 	 -5.971
13008 	 -5.957
13016 	 -6.217
13018 	 -6.257
13024 	 -6.606
13026 	 -6.578
13028 	 -6.537
13030 	 -6.33
13040 	 -6.269
13042 	 -6.222
13044 	 -6.482
13048 	 -6.642
13058 	 -6.749
13064 	 -6.648
13068 	 -6.529
13072 	 -6.371
13080 	 -6.051
13082 	 -6.07
13088 	 -6.032
13090 	 -6.026
13092 	 -6.154
13096 	 -5.949
13102 	 -5.977
13104 	 -6.025
13112 	 -5.861
13114 	 -5.84
13118 	 -5.86
13124 	 -5.974
13126 	 -5.996
13128 	 -5.976
13132 	 -5.9
13148 	 -5.841
13152 	 -5.41
13154 	 -5.439
13156 	 -5.415
13162 	 -4.909
13164 	 -5.019
13170 	 -5.006
13178 	 -5.117
13182 	 -5.116
13194 	 -5.076
13202 	 -5.034
13204 	 -4.993
13206 	 -5.109
13210 	 -5.011
13214 	 -4.973
13218 	 -5.056
13220 	 -5.069
13222 	 -5.054
13240 	 -5.053
13248 	 -4.741
13256 	 -4.839
13258 	 -4.837
13272 	 -5.138
13276 	 -5.401
13288 	 -5.4
13290 	 -5.383
13308 	 -5.279
13322 	 -5.226
13338 	 -5.282
13340 	 -4.888
13346 	 -5.004
13350 	 -5.049
13358 	 -5.081
13370 	 -5.196
13372 	 -5.221
13376 	 -5.137
13388 	 -5.131
13394 	 -5.128
13408 	 -4.633
13414 	 -4.549
13432 	 -4.408
13442 	 -4.5
13450 	 -4.49
13454 	 -4.489
13482 	 -4.47
13484 	 -5.026
13486 	 -4.911
13502 	 -4.838
13514 	 -4.829
13516 	 -4.814
13522 	 -4.989
13534 	 -5.011
13542 	 -5.123
13546 	 -4.372
13564 	 -4.331
13568 	 -4.359
13572 	 -4.248
13574 	 -4.041
13586 	 -4.041
13592 	 -3.972
13598 	 -3.801
13600 	 -3.739
13602 	 -3.717
13606 	 -3.651
13614 	 -3.6
13616 	 -3.595
13620 	 -3.749
13622 	 -3.666
13624 	 -3.634
13630 	 -3.67
13632 	 -3.64
13634 	 -3.614
13654 	 -3.612
13658 	 -2.787
13666 	 -2.795
13668 	 -2.836
13674 	 -2.831
13678 	 -2.812
13696 	 -2.686
13704 	 -2.669
13708 	 -2.652
13714 	 -2.6
13724 	 -2.592
13726 	 -2.588
13736 	 -2.587
13744 	 -2.122
13776 	 -2.082
13794 	 -2.178
13802 	 -2.267
13806 	 -2.247
13814 	 -2.322
13818 	 -2.3
13834 	 -2.282
13842 	 -2.395
13846 	 -2.38
13874 	 -2.373
13880 	 -2.352
13884 	 -2.376
13888 	 -2.427
13900 	 -2.419
13902 	 -2.372
13908 	 -2.291
13912 	 -2.285
13926 	 -2.321
13934 	 -2.287
13940 	 -2.275
13942 	 -2.269
13966 	 -2.065
13970 	 -2.025
13984 	 -2.042
13990 	 -2.081
13996 	 -2.081
14012 	 -2.066
14018 	 -2.041
14032 	 -2.008
14038 	 -2.181
14056 	 -2.19
14070 	 -2.167
14074 	 -2.201
14086 	 -2.195
14104 	 -2.207
14114 	 -2.378
14134 	 -2.377
14136 	 -2.376
14144 	 -2.424
14146 	 -2.409
14162 	 -2.474
14176 	 -2.472
14200 	 -2.513
14220 	 -2.643
14224 	 -2.704
14228 	 -2.925
14254 	 -2.894
14264 	 -2.635
14266 	 -2.425
14272 	 -2.586
14282 	 -2.588
14286 	 -2.579
14298 	 -2.355
14300 	 -2.31
14310 	 -2.147
14312 	 -2.146
14316 	 -2.168
14318 	 -2.186
14326 	 -2.185
14330 	 -2.136
14338 	 -2.022
14348 	 -1.851
14350 	 -1.99
14352 	 -1.975
14354 	 -1.908
14360 	 -1.872
14376 	 -1.868
14396 	 -1.848
14398 	 -1.832
14400 	 -1.587
14404 	 -1.542
14414 	 -1.515
14424 	 -1.505
14426 	 -1.13
14438 	 -1.129
14442 	 -1.118
14445 	 -1.552
14450 	 -1.551
14460 	 -1.646
14462 	 -1.63
14470 	 -1.629
14482 	 -1.627
14506 	 -1.626
14518 	 -1.683
14532 	 -1.673
14542 	 -1.635
14552 	 -1.607
14564 	 -1.597
14574 	 -1.359
14602 	 -1.738
14604 	 -1.626
14606 	 -2.287
14610 	 -2.291
14616 	 -2.154
14622 	 -2.139
14626 	 -2.198
14634 	 -2.325
14638 	 -2.446
14642 	 -2.379
14656 	 -2.334
14658 	 -2.23
14662 	 -2.339
14664 	 -2.314
14668 	 -2.264
14678 	 -2.28
14684 	 -2.445
14694 	 -2.44
14696 	 -2.409
14706 	 -2.129
14708 	 -1.895
14726 	 -1.553
14732 	 -1.46
14736 	 -1.383
14754 	 -1.426
14760 	 -1.498
14764 	 -1.391
14780 	 -1.269
14784 	 -1.229
14786 	 -1.194
14792 	 -1.151
14806 	 -1.158
14812 	 -1.167
14816 	 -1.166
14824 	 -1.108
14830 	 -1.069
14846 	 -0.807
14854 	 -0.493
14878 	 -0.42
14888 	 -0.353
15000 	 -1.457
15024 	 -1.585
15050 	 -2.095
15078 	 -2.414
15112 	 -2.47
15158 	 -2.416
15162 	 -2.437
15174 	 -2.414
15186 	 -2.047
15216 	 -1.806
15232 	 -1.63
15238 	 -1.73
15250 	 -1.724
15262 	 -1.454
15268 	 -1.368
15282 	 -1.235
15298 	 -1.062
15306 	 -1.078
15308 	 -1.094
15332 	 -1.239
15334 	 -1.391
15342 	 -1.388
15346 	 -1.362
15348 	 -1.36
15352 	 -1.459
15354 	 -1.547
15370 	 -1.387
15372 	 -1.354
15374 	 -1.139
15378 	 -1.118
15400 	 -0.716
15422 	 -0.62
15424 	 -0.516
15462 	 -0.379
15464 	 -0.23
15486 	 -0.228
15494 	 -0.155
15496 	 -0.092
15576 	 -0.065
15590 	 -0.043
15602 	 -0.039
15660 	 -0.036
15904 	 -0.028
15918 	 -0.025
15968 	 -0.023
16000 	 -0.02
16134 	 -0.019
16388 	 -0.013
16392 	 -0.012
16488 	 -0.011
18000 	 -2.128
18020 	 -2.227
18042 	 -2.675
18064 	 -2.726
18088 	 -2.125
18120 	 -1.552
18154 	 -1.968
18180 	 -1.704
18190 	 -1.963
18234 	 -2.362
18252 	 -2.354
18262 	 -2.166
18270 	 -1.843
18278 	 -1.822
18286 	 -1.775
18296 	 -2.335
18316 	 -2.35
18328 	 -2.594
18336 	 -2.477
18342 	 -2.52
18348 	 -2.323
18360 	 -2.064
18368 	 -1.758
18384 	 -1.772
18402 	 -1.338
18420 	 -0.704
18426 	 -0.616
18434 	 -0.498
18448 	 -0.158
18472 	 -0.128
18552 	 -0.012
18864 	 -0.004
19002 	 0
21000 	 -1.44
21001 	 -1.44
