0 	 0
3000 	 -1.376
3024 	 -1.496
3050 	 -1.88
3062 	 -2.472
3078 	 -3.176
3112 	 -3.62
3158 	 -3.808
3164 	 -3.728
3186 	 -2.828
3198 	 -2.688
3216 	 -1.912
3232 	 -1.736
3238 	 -1.364
3262 	 -0.608
3296 	 -0.264
3400 	 -0.024
3636 	 -0.008
3904 	 0
6000 	 -2.478
6020 	 -2.638
6042 	 -3.286
6064 	 -3.582
6088 	 -3.11
6120 	 -2.686
6138 	 -2.872
6154 	 -3.312
6180 	 -3.048
6190 	 -3.516
6198 	 -3.5
6234 	 -3.9
6284 	 -4.203
6296 	 -4.179
6346 	 -4.159
6360 	 -2.871
6374 	 -2.271
6376 	 -1.719
6424 	 -1.319
6444 	 -0.761
6504 	 -0.637
6506 	 -0.613
6552 	 -0.501
6634 	 -0.359
6704 	 -0.331
6710 	 -0.307
6726 	 -0.295
6728 	 -0.267
6782 	 -0.263
6894 	 -0.165
6990 	 -0.145
6994 	 -0.125
7002 	 -0.093
7272 	 -0.089
7278 	 -0.085
7290 	 -0.073
7324 	 -0.025
9000 	 -1.433
9024 	 -1.537
9050 	 -2.497
9078 	 -3.177
9112 	 -3.761
9158 	 -3.713
9162 	 -3.797
9174 	 -3.705
9186 	 -2.857
9216 	 -3.589
9232 	 -3.413
9238 	 -3.801
9262 	 -1.973
9268 	 -1.305
9298 	 -0.417
9304 	 -0.413
9306 	 -0.409
9334 	 -0.277
9400 	 -0.025
9660 	 -0.009
9904 	 -0.001
12000 	 -2.128
12004 	 -2.399
12006 	 -3.072
12008 	 -3.894
12010 	 -4.532
12012 	 -4.962
12016 	 -5.291
12020 	 -5.633
12028 	 -5.767
12040 	 -5.714
12042 	 -6.19
12054 	 -5.701
12064 	 -5.801
12070 	 -6.167
12074 	 -5.688
12088 	 -5.076
12100 	 -5.03
12102 	 -4.914
12120 	 -4.386
12130 	 -4.294
12140 	 -4.559
12154 	 -5.595
12164 	 -5.485
12178 	 -5.745
12180 	 -5.712
12186 	 -5.816
12190 	 -6.132
12200 	 -6.254
12206 	 -6.234
12212 	 -7.278
12228 	 -7.423
12230 	 -7.801
12234 	 -9.149
12252 	 -8.433
12254 	 -8.231
12256 	 -8.342
12264 	 -9.13
12274 	 -7.878
12282 	 -7.692
12286 	 -7.64
12290 	 -7.368
12296 	 -7.674
12300 	 -7.735
12304 	 -7.319
12312 	 -7.315
12314 	 -7.347
12324 	 -6.613
12332 	 -6.66
12338 	 -6.408
12344 	 -5.612
12348 	 -5.728
12350 	 -5.717
12354 	 -5.341
12360 	 -4.389
12368 	 -4.358
12370 	 -4.266
12372 	 -4.236
12382 	 -4.072
12386 	 -3.983
12394 	 -3.394
12404 	 -3.122
12410 	 -3.109
12420 	 -3.098
12436 	 -3.445
12438 	 -2.99
12444 	 -3.012
12446 	 -3.035
12452 	 -3.262
12454 	 -3.132
12460 	 -3.049
12462 	 -3.095
12466 	 -3.56
12470 	 -3.617
12480 	 -3.803
12494 	 -3.831
12496 	 -3.795
12502 	 -3.741
12520 	 -3.711
12530 	 -3.682
12552 	 -3.562
12564 	 -3.718
12570 	 -3.769
12576 	 -4.233
12578 	 -4.214
12590 	 -4.203
12604 	 -4.191
12606 	 -4.35
12608 	 -4.347
12626 	 -4.528
12630 	 -5.389
12636 	 -5.359
12638 	 -5.355
12650 	 -5.235
12652 	 -5.221
12672 	 -5.525
12680 	 -5.379
12698 	 -5.248
12706 	 -5.498
12710 	 -5.453
12712 	 -5.41
12726 	 -5.805
12740 	 -5.9
12758 	 -5.865
12768 	 -5.907
12770 	 -6.14
12774 	 -6.131
12776 	 -5.826
12790 	 -5.783
12806 	 -5.78
12810 	 -5.957
12812 	 -5.915
12818 	 -5.422
12820 	 -5.397
12834 	 -5.329
12850 	 -5.27
12856 	 -5.215
12872 	 -5.201
12894 	 -5.027
12898 	 -4.866
12908 	 -4.723
12920 	 -4.633
12924 	 -4.558
12936 	 -4.542
12942 	 -4.574
12948 	 -4.513
12954 	 -4.444
12956 	 -4.476
12958 	 -4.604
12972 	 -4.557
12990 	 -4.551
12996 	 -4.535
13004 	 -4.461
13008 	 -4.502
13028 	 -4.461
13044 	 -5.171
13068 	 -5.052
13076 	 -5.039
13080 	 -4.725
13086 	 -4.641
13092 	 -4.627
13102 	 -4.622
13114 	 -4.601
13120 	 -4.578
13130 	 -4.566
13146 	 -4.545
13168 	 -4.538
13206 	 -4.67
13248 	 -4.406
13288 	 -4.752
13290 	 -4.814
13302 	 -4.811
13310 	 -4.918
13340 	 -4.524
13346 	 -4.556
13372 	 -4.544
13374 	 -4.984
13388 	 -4.978
13394 	 -4.975
13406 	 -5.258
13414 	 -5.458
13426 	 -5.424
13428 	 -5.428
13436 	 -5.596
13442 	 -5.373
13444 	 -5.753
13456 	 -5.782
13458 	 -5.725
13464 	 -5.85
13468 	 -5.632
13476 	 -5.475
13484 	 -5.445
13488 	 -5.433
13490 	 -5.423
13494 	 -5.324
13496 	 -5.313
13508 	 -5.336
13514 	 -5.327
13516 	 -5.436
13520 	 -5.229
13534 	 -5.584
13538 	 -5.476
13542 	 -5.472
13546 	 -5.222
13548 	 -5.097
13554 	 -5.271
13564 	 -5.383
13566 	 -5.355
13568 	 -5.549
13572 	 -5.529
13588 	 -5.03
13592 	 -4.961
13596 	 -4.885
13602 	 -5.237
13604 	 -5.228
13606 	 -5.396
13616 	 -5.65
13618 	 -5.636
13620 	 -5.441
13624 	 -5.227
13634 	 -5.225
13658 	 -5.172
13660 	 -5.155
13680 	 -4.973
13682 	 -4.96
13692 	 -4.778
13700 	 -4.862
13708 	 -4.869
13740 	 -4.892
13744 	 -4.03
13762 	 -3.902
13776 	 -3.98
13786 	 -3.993
13794 	 -3.812
13796 	 -3.704
13798 	 -3.423
13806 	 -3.271
13810 	 -3.154
13814 	 -3.214
13816 	 -3.213
13824 	 -3.283
13826 	 -3.27
13828 	 -3.295
13838 	 -3.884
13844 	 -3.724
13848 	 -3.798
13852 	 -3.814
13856 	 -3.745
13860 	 -3.818
13862 	 -3.827
13874 	 -3.79
13888 	 -3.722
13890 	 -3.559
13896 	 -3.517
13898 	 -3.553
13900 	 -3.526
13902 	 -3.473
13906 	 -3.836
13910 	 -3.759
13912 	 -3.753
13914 	 -3.683
13916 	 -3.67
13918 	 -4.045
13934 	 -3.812
13938 	 -3.953
13942 	 -3.916
13946 	 -3.98
13956 	 -3.843
13958 	 -3.587
13960 	 -3.4
13966 	 -3.9
13984 	 -3.22
13990 	 -3.428
13996 	 -3.427
13998 	 -3.356
14002 	 -3.211
14006 	 -3.215
14010 	 -3.154
14012 	 -3.139
14016 	 -3.129
14018 	 -3.071
14028 	 -3.089
14032 	 -2.724
14040 	 -2.656
14042 	 -2.428
14044 	 -2.399
14048 	 -2.343
14050 	 -2.278
14058 	 -2.277
14060 	 -1.993
14064 	 -2.156
14076 	 -2.129
14080 	 -1.979
14102 	 -1.85
14106 	 -1.687
14108 	 -1.682
14110 	 -1.678
14112 	 -1.677
14118 	 -1.592
14120 	 -1.52
14124 	 -1.511
14148 	 -1.464
14156 	 -1.601
14166 	 -2.187
14172 	 -2.169
14182 	 -2.277
14184 	 -2.246
14190 	 -2.44
14192 	 -2.438
14194 	 -2.436
14200 	 -2.367
14202 	 -2.356
14206 	 -2.243
14216 	 -2.232
14220 	 -1.978
14226 	 -2.006
14234 	 -1.905
14236 	 -1.895
14248 	 -1.919
14256 	 -1.915
14258 	 -1.855
14260 	 -1.647
14268 	 -1.642
14278 	 -1.637
14284 	 -1.636
14292 	 -0.789
14294 	 -0.781
14296 	 -1.065
14298 	 -0.866
14308 	 -0.843
14314 	 -0.938
14318 	 -0.936
14320 	 -0.991
14326 	 -0.99
14344 	 -0.996
14346 	 -1.035
14352 	 -1.031
14356 	 -1.018
14358 	 -0.937
14380 	 -1.093
14402 	 -1.091
14406 	 -1.144
14414 	 -1.126
14416 	 -1.11
14426 	 -0.954
14428 	 -0.95
14430 	 -0.937
14434 	 -0.938
14436 	 -0.989
14438 	 -0.974
14462 	 -1.006
14466 	 -1.069
14486 	 -1.116
14506 	 -1.101
14508 	 -1.019
14528 	 -0.861
14532 	 -0.645
14548 	 -0.612
14552 	 -0.583
14574 	 -0.533
14586 	 -0.505
14592 	 -0.412
14598 	 -0.394
14646 	 -0.368
14648 	 -0.322
14662 	 -0.317
14684 	 -0.307
14750 	 -0.294
14762 	 -0.287
14784 	 -0.279
15000 	 -1.431
15024 	 -1.586
15050 	 -2.337
15078 	 -2.922
15112 	 -3.369
15158 	 -3.376
15162 	 -3.44
15174 	 -3.37
15186 	 -2.786
15216 	 -3.288
15232 	 -3.112
15238 	 -3.34
15250 	 -3.334
15262 	 -2.299
15266 	 -2.269
15268 	 -2.097
15276 	 -1.943
15282 	 -1.678
15298 	 -1.331
15300 	 -1.161
15308 	 -1.197
15334 	 -1.492
15342 	 -1.489
15346 	 -1.437
15350 	 -1.415
15354 	 -1.592
15360 	 -1.589
15372 	 -1.39
15374 	 -1.175
15400 	 -0.719
15422 	 -0.541
15460 	 -0.25
15486 	 -0.248
15492 	 -0.106
15574 	 -0.049
15658 	 -0.046
15660 	 -0.04
15714 	 -0.039
15842 	 -0.035
15904 	 -0.027
15916 	 -0.023
15948 	 -0.022
16000 	 -0.019
16206 	 -0.018
16356 	 -0.017
16388 	 -0.011
18000 	 -2.128
18020 	 -2.245
18042 	 -2.757
18064 	 -2.894
18088 	 -2.339
18120 	 -1.764
18154 	 -2.864
18180 	 -2.6
18190 	 -3.253
18234 	 -4.518
18252 	 -4.494
18262 	 -4.307
18270 	 -3.338
18278 	 -3.275
18286 	 -3.134
18296 	 -3.669
18316 	 -3.714
18328 	 -3.958
18336 	 -3.607
18342 	 -3.616
18348 	 -3.025
18360 	 -2.268
18368 	 -1.962
18384 	 -1.976
18402 	 -1.39
18420 	 -0.756
18426 	 -0.668
18434 	 -0.55
18448 	 -0.21
18472 	 -0.18
18552 	 -0.02
18864 	 -0.012
19002 	 0
21000 	 -1.44
21001 	 -1.44
