0 	 0
3000 	 -1.376
3024 	 -1.496
3050 	 -1.88
3062 	 -2.472
3078 	 -3.176
3112 	 -3.62
3158 	 -3.808
3164 	 -3.728
3186 	 -2.828
3198 	 -2.688
3216 	 -1.912
3232 	 -1.736
3238 	 -1.364
3262 	 -0.608
3296 	 -0.264
3400 	 -0.024
3636 	 -0.008
3904 	 0
6000 	 -2.478
6020 	 -2.638
6042 	 -3.286
6064 	 -3.582
6088 	 -3.11
6120 	 -2.686
6138 	 -2.872
6154 	 -3.312
6180 	 -3.048
6190 	 -3.516
6198 	 -3.5
6234 	 -3.9
6284 	 -4.203
6296 	 -4.179
6346 	 -4.159
6360 	 -2.871
6374 	 -2.271
6376 	 -1.719
6424 	 -1.319
6444 	 -0.761
6504 	 -0.637
6506 	 -0.613
6552 	 -0.501
6634 	 -0.359
6704 	 -0.331
6710 	 -0.307
6726 	 -0.295
6728 	 -0.267
6782 	 -0.263
6894 	 -0.165
6990 	 -0.145
6994 	 -0.125
7002 	 -0.093
7272 	 -0.089
7278 	 -0.085
7290 	 -0.073
7324 	 -0.025
9000 	 -1.433
9024 	 -1.537
9050 	 -2.497
9078 	 -3.177
9112 	 -3.761
9158 	 -3.713
9162 	 -3.797
9174 	 -3.705
9186 	 -2.857
9216 	 -3.589
9232 	 -3.413
9238 	 -3.801
9262 	 -1.973
9268 	 -1.305
9298 	 -0.417
9304 	 -0.413
9306 	 -0.409
9334 	 -0.277
9400 	 -0.025
9660 	 -0.009
9904 	 -0.001
12000 	 -2.128
12004 	 -2.439
12006 	 -3.112
12008 	 -4.351
12010 	 -4.989
12012 	 -5.63
12016 	 -5.959
12020 	 -6.408
12028 	 -6.542
12040 	 -6.507
12042 	 -6.983
12054 	 -6.494
12064 	 -6.594
12070 	 -6.953
12074 	 -6.474
12086 	 -6.739
12088 	 -6.127
12100 	 -6.031
12102 	 -5.915
12114 	 -6.056
12120 	 -5.528
12130 	 -5.315
12132 	 -5.631
12140 	 -5.896
12154 	 -7.064
12164 	 -6.954
12178 	 -6.975
12180 	 -6.929
12184 	 -6.781
12186 	 -6.798
12190 	 -7.114
12192 	 -7.057
12200 	 -6.845
12210 	 -6.902
12212 	 -7.946
12226 	 -8.405
12228 	 -8.55
12230 	 -8.401
12234 	 -9.749
12236 	 -9.433
12242 	 -9.436
12248 	 -9.432
12252 	 -8.677
12254 	 -8.475
12260 	 -8.457
12264 	 -8.392
12272 	 -8.391
12274 	 -7.139
12276 	 -7.178
12282 	 -6.881
12290 	 -6.609
12296 	 -6.915
12302 	 -7.027
12304 	 -6.948
12320 	 -6.95
12324 	 -6.346
12328 	 -6.621
12330 	 -6.607
12332 	 -6.639
12336 	 -6.709
12338 	 -6.457
12340 	 -6.318
12344 	 -5.522
12350 	 -5.503
12354 	 -5.491
12356 	 -5.413
12358 	 -5.394
12360 	 -4.442
12368 	 -4.552
12380 	 -4.405
12382 	 -4.397
12386 	 -4.34
12402 	 -4.088
12404 	 -3.816
12406 	 -3.89
12412 	 -3.911
12420 	 -3.9
12436 	 -4.353
12438 	 -3.824
12444 	 -3.777
12452 	 -4.004
12460 	 -3.921
12462 	 -3.847
12464 	 -3.716
12466 	 -4.04
12476 	 -3.997
12480 	 -4.183
12494 	 -4.144
12496 	 -4.121
12498 	 -4.102
12500 	 -4.12
12502 	 -4.101
12516 	 -4.051
12520 	 -4.021
12522 	 -4.025
12532 	 -4.016
12534 	 -4.603
12540 	 -4.581
12542 	 -4.717
12550 	 -4.674
12552 	 -4.554
12560 	 -4.707
12564 	 -4.829
12572 	 -4.805
12588 	 -4.619
12590 	 -4.578
12596 	 -4.518
12604 	 -4.513
12614 	 -4.455
12618 	 -4.209
12626 	 -4.39
12630 	 -4.861
12638 	 -4.857
12640 	 -4.92
12656 	 -4.908
12674 	 -5.016
12700 	 -5.073
12706 	 -5.137
12710 	 -5.133
12714 	 -4.964
12744 	 -5.018
12754 	 -5.001
12758 	 -4.999
12768 	 -5.041
12770 	 -5.276
12782 	 -5.356
12786 	 -5.256
12790 	 -5.83
12802 	 -5.808
12804 	 -5.934
12806 	 -6.7
12814 	 -6.698
12826 	 -6.803
12840 	 -6.862
12848 	 -7.142
12856 	 -7.253
12858 	 -6.97
12862 	 -6.985
12872 	 -7.201
12874 	 -6.965
12882 	 -7.363
12892 	 -7.316
12896 	 -7.221
12898 	 -7.244
12902 	 -7.372
12904 	 -7.133
12908 	 -6.835
12920 	 -6.819
12924 	 -6.784
12926 	 -6.665
12928 	 -6.754
12930 	 -6.658
12940 	 -6.944
12942 	 -6.976
12946 	 -6.888
12948 	 -6.657
12952 	 -6.641
12954 	 -6.434
12968 	 -6.561
12970 	 -6.535
12972 	 -6.488
12990 	 -7.072
12996 	 -7.077
13002 	 -6.977
13004 	 -6.734
13008 	 -6.754
13016 	 -7.334
13018 	 -7.331
13020 	 -7.539
13022 	 -7.464
13026 	 -7.451
13028 	 -7.41
13038 	 -7.525
13044 	 -7.713
13048 	 -8.008
13052 	 -7.794
13062 	 -7.71
13064 	 -7.966
13066 	 -7.919
13068 	 -7.783
13070 	 -7.945
13072 	 -8.035
13080 	 -7.715
13082 	 -7.854
13084 	 -7.851
13086 	 -7.103
13088 	 -7.198
13098 	 -7.239
13102 	 -7.234
13104 	 -7.28
13106 	 -7.145
13114 	 -7.26
13116 	 -7.282
13120 	 -7.342
13124 	 -7.176
13132 	 -6.782
13136 	 -6.772
13144 	 -6.929
13146 	 -6.91
13148 	 -6.762
13150 	 -6.794
13154 	 -6.789
13162 	 -6.806
13164 	 -6.808
13168 	 -6.725
13174 	 -6.745
13176 	 -6.281
13186 	 -6.146
13188 	 -5.995
13206 	 -5.734
13208 	 -5.665
13210 	 -5.604
13214 	 -5.567
13220 	 -5.486
13228 	 -5.486
13246 	 -5.624
13248 	 -5.169
13252 	 -5.166
13254 	 -5.245
13258 	 -5.243
13260 	 -5.138
13264 	 -5.22
13266 	 -5.468
13268 	 -5.593
13270 	 -5.54
13278 	 -5.637
13282 	 -5.833
13284 	 -5.94
13286 	 -5.912
13290 	 -5.895
13296 	 -5.825
13300 	 -5.849
13308 	 -5.947
13312 	 -5.995
13326 	 -6
13332 	 -6.14
13334 	 -6.339
13340 	 -5.945
13342 	 -5.939
13344 	 -5.817
13346 	 -6.132
13364 	 -6.191
13372 	 -6.25
13374 	 -6.435
13388 	 -6.429
13394 	 -6.427
13398 	 -6.359
13408 	 -5.887
13414 	 -5.683
13432 	 -5.39
13442 	 -5.772
13450 	 -5.77
13476 	 -6.033
13484 	 -6.528
13486 	 -6.324
13488 	 -6.196
13490 	 -6.186
13514 	 -6.177
13518 	 -6.173
13522 	 -6.196
13524 	 -6.275
13528 	 -6.054
13542 	 -6.05
13544 	 -6.1
13546 	 -4.947
13552 	 -5.012
13554 	 -5.033
13556 	 -4.979
13558 	 -4.945
13562 	 -4.961
13570 	 -4.925
13572 	 -5.054
13576 	 -5.078
13578 	 -5.117
13580 	 -5.181
13582 	 -5.294
13592 	 -5.211
13598 	 -5.273
13602 	 -5.359
13616 	 -5.341
13618 	 -5.327
13622 	 -5.265
13624 	 -5.248
13640 	 -5.278
13644 	 -5.282
13646 	 -5.278
13654 	 -5.276
13658 	 -4.928
13670 	 -4.92
13672 	 -4.908
13674 	 -4.9
13680 	 -5.059
13682 	 -5.242
13684 	 -5.233
13690 	 -5.183
13692 	 -5.09
13708 	 -5.094
13710 	 -4.961
13726 	 -5.109
13730 	 -5.118
13736 	 -5.081
13744 	 -5.15
13758 	 -5.149
13760 	 -4.972
13768 	 -4.959
13776 	 -4.956
13778 	 -4.916
13786 	 -4.998
13790 	 -4.812
13792 	 -4.845
13794 	 -4.817
13804 	 -4.794
13810 	 -4.788
13812 	 -4.761
13814 	 -4.732
13816 	 -4.708
13818 	 -4.685
13824 	 -4.66
13828 	 -4.658
13838 	 -4.645
13844 	 -4.344
13846 	 -3.887
13848 	 -3.67
13856 	 -3.638
13858 	 -3.635
13864 	 -3.548
13868 	 -3.517
13870 	 -3.517
13872 	 -3.422
13874 	 -3.377
13876 	 -3.37
13878 	 -3.349
13884 	 -3.314
13890 	 -3.274
13900 	 -3.266
13902 	 -3.213
13906 	 -2.953
13908 	 -2.885
13910 	 -2.817
13912 	 -2.811
13926 	 -2.8
13928 	 -2.758
13932 	 -2.689
13942 	 -2.469
13946 	 -2.403
13948 	 -2.467
13952 	 -2.376
13960 	 -2.375
13972 	 -2.352
13984 	 -2.496
13994 	 -2.44
13996 	 -2.345
14000 	 -2.268
14002 	 -2.178
14012 	 -2.168
14020 	 -2.168
14024 	 -2.127
14028 	 -2.112
14032 	 -2.034
14062 	 -1.935
14064 	 -1.838
14076 	 -1.742
14096 	 -1.775
14104 	 -1.774
14108 	 -1.769
14110 	 -1.768
14128 	 -1.734
14132 	 -1.601
14162 	 -1.58
14178 	 -1.639
14200 	 -1.663
14210 	 -1.636
14238 	 -1.696
14240 	 -1.689
14254 	 -1.714
14268 	 -1.823
14272 	 -1.812
14274 	 -1.788
14292 	 -1.786
14300 	 -1.605
14318 	 -1.603
14320 	 -1.574
14326 	 -1.573
14330 	 -1.572
14332 	 -1.937
14338 	 -1.862
14356 	 -1.838
14362 	 -1.831
14368 	 -2.187
14370 	 -2.519
14376 	 -2.725
14378 	 -2.711
14380 	 -2.758
14384 	 -2.735
14386 	 -2.732
14394 	 -2.731
14400 	 -2.878
14406 	 -2.851
14420 	 -2.839
14426 	 -3.732
14450 	 -4.029
14472 	 -4.028
14478 	 -3.295
14482 	 -3.664
14484 	 -3.698
14492 	 -3.365
14494 	 -3.293
14496 	 -3.175
14514 	 -3.042
14518 	 -3.009
14520 	 -2.845
14530 	 -3.065
14536 	 -2.967
14546 	 -2.695
14554 	 -3.239
14574 	 -3.513
14582 	 -3.656
14588 	 -4.177
14592 	 -4.169
14598 	 -4.307
14608 	 -4.141
14622 	 -3.807
14630 	 -3.628
14640 	 -3.777
14642 	 -3.547
14648 	 -3.544
14650 	 -3.9
14652 	 -3.722
14654 	 -3.598
14672 	 -3.75
14682 	 -3.615
14698 	 -2.723
14704 	 -3.049
14708 	 -2.95
14712 	 -2.786
14720 	 -3.079
14726 	 -2.897
14728 	 -2.726
14736 	 -2.515
14740 	 -2.647
14750 	 -2.602
14758 	 -2.553
14764 	 -2.36
14770 	 -2.272
14772 	 -2.247
14780 	 -2.116
14790 	 -2.016
14800 	 -2.071
14804 	 -2
14816 	 -2.099
14822 	 -1.942
14824 	 -1.938
14836 	 -1.827
14840 	 -1.62
14848 	 -1.628
14850 	 -1.639
14864 	 -1.526
14870 	 -1.474
14880 	 -1.457
14886 	 -1.395
14894 	 -1.283
14896 	 -1.151
14900 	 -1.144
14904 	 -1
14918 	 -0.869
14932 	 -0.788
15000 	 -1.599
15024 	 -1.728
15050 	 -2.669
15078 	 -3.363
15108 	 -3.341
15112 	 -3.992
15158 	 -4.102
15162 	 -4.187
15174 	 -4.092
15184 	 -4.085
15186 	 -3.42
15196 	 -3.414
15204 	 -3.391
15216 	 -4.355
15232 	 -4.179
15238 	 -4.437
15246 	 -4.526
15250 	 -4.522
15262 	 -3.264
15266 	 -3.223
15268 	 -2.966
15270 	 -2.94
15276 	 -2.786
15282 	 -2.389
15298 	 -1.869
15300 	 -1.699
15308 	 -1.716
15310 	 -1.773
15318 	 -1.77
15334 	 -1.922
15336 	 -2.225
15342 	 -2.222
15346 	 -2.144
15350 	 -2.122
15354 	 -2.209
15356 	 -2.362
15360 	 -2.359
15370 	 -2.348
15374 	 -1.941
15376 	 -1.731
15378 	 -1.72
15400 	 -1.147
15408 	 -1.104
15414 	 -1.021
15422 	 -0.941
15430 	 -0.85
15446 	 -0.845
15456 	 -0.714
15460 	 -0.421
15486 	 -0.324
15492 	 -0.192
15536 	 -0.191
15542 	 -0.16
15544 	 -0.139
15558 	 -0.104
15598 	 -0.09
15658 	 -0.087
15660 	 -0.078
15670 	 -0.069
15684 	 -0.068
15864 	 -0.064
15904 	 -0.056
15906 	 -0.033
16000 	 -0.031
16012 	 -0.03
16054 	 -0.029
16076 	 -0.026
16388 	 -0.02
16446 	 -0.019
16480 	 -0.017
16632 	 -0.016
18000 	 -2.129
18020 	 -2.264
18042 	 -2.84
18064 	 -3.06
18088 	 -2.568
18120 	 -2.038
18154 	 -3.561
18180 	 -3.297
18190 	 -4.282
18234 	 -6.079
18252 	 -6.047
18262 	 -5.766
18270 	 -4.474
18278 	 -4.39
18286 	 -4.202
18296 	 -5.083
18316 	 -5.143
18328 	 -5.509
18336 	 -5.041
18342 	 -5.063
18348 	 -4.275
18360 	 -3.336
18368 	 -2.879
18384 	 -2.898
18402 	 -2.057
18420 	 -1.106
18426 	 -0.974
18434 	 -0.797
18448 	 -0.287
18472 	 -0.242
18552 	 -0.029
18864 	 -0.017
19002 	 -0.001
21000 	 -1.441
21001 	 -1.441
