0 	 0
3000 	 -1.376
3024 	 -1.496
3050 	 -1.88
3062 	 -2.472
3078 	 -3.176
3112 	 -3.62
3158 	 -3.808
3164 	 -3.728
3186 	 -2.828
3198 	 -2.688
3216 	 -1.912
3232 	 -1.736
3238 	 -1.364
3262 	 -0.608
3296 	 -0.264
3400 	 -0.024
3636 	 -0.008
3904 	 0
6000 	 -2.478
6020 	 -2.638
6042 	 -3.286
6064 	 -3.582
6088 	 -3.11
6120 	 -2.686
6138 	 -2.872
6154 	 -3.312
6180 	 -3.048
6190 	 -3.516
6198 	 -3.5
6234 	 -3.9
6284 	 -4.203
6296 	 -4.179
6346 	 -4.159
6360 	 -2.871
6374 	 -2.271
6376 	 -1.719
6424 	 -1.319
6444 	 -0.761
6504 	 -0.637
6506 	 -0.613
6552 	 -0.501
6634 	 -0.359
6704 	 -0.331
6710 	 -0.307
6726 	 -0.295
6728 	 -0.267
6782 	 -0.263
6894 	 -0.165
6990 	 -0.145
6994 	 -0.125
7002 	 -0.093
7272 	 -0.089
7278 	 -0.085
7290 	 -0.073
7324 	 -0.025
9000 	 -1.433
9024 	 -1.537
9050 	 -2.497
9078 	 -3.177
9112 	 -3.761
9158 	 -3.713
9162 	 -3.797
9174 	 -3.705
9186 	 -2.857
9216 	 -3.589
9232 	 -3.413
9238 	 -3.801
9262 	 -1.973
9268 	 -1.305
9298 	 -0.417
9304 	 -0.413
9306 	 -0.409
9334 	 -0.277
9400 	 -0.025
9660 	 -0.009
9904 	 -0.001
12000 	 -2.128
12004 	 -2.439
12006 	 -3.112
12008 	 -4.345
12010 	 -4.983
12012 	 -5.628
12016 	 -5.957
12020 	 -6.412
12028 	 -6.546
12040 	 -6.581
12042 	 -7.057
12054 	 -6.568
12064 	 -6.668
12070 	 -7.211
12074 	 -6.732
12088 	 -6.12
12100 	 -6.007
12102 	 -5.891
12114 	 -6.032
12120 	 -5.504
12130 	 -5.085
12140 	 -5.35
12154 	 -6.386
12160 	 -6.744
12164 	 -6.634
12178 	 -6.727
12180 	 -6.694
12184 	 -6.546
12186 	 -6.546
12190 	 -6.862
12192 	 -6.805
12198 	 -6.783
12200 	 -6.647
12210 	 -6.748
12212 	 -7.792
12226 	 -7.783
12228 	 -7.928
12230 	 -7.831
12234 	 -9.179
12246 	 -9.444
12248 	 -9.388
12252 	 -8.633
12254 	 -8.399
12256 	 -8.297
12258 	 -8.521
12264 	 -8.456
12272 	 -8.613
12274 	 -7.361
12276 	 -7.304
12282 	 -6.978
12288 	 -7.152
12290 	 -6.88
12296 	 -7.186
12304 	 -6.915
12310 	 -6.916
12314 	 -6.879
12320 	 -6.881
12324 	 -6.277
12328 	 -6.116
12330 	 -6.141
12332 	 -6.173
12334 	 -6.15
12338 	 -5.898
12344 	 -5.102
12346 	 -5.164
12350 	 -5.098
12358 	 -5.083
12360 	 -4.131
12372 	 -4.047
12374 	 -4.134
12376 	 -4.033
12380 	 -3.893
12382 	 -3.885
12392 	 -3.897
12404 	 -3.369
12420 	 -3.358
12436 	 -3.718
12438 	 -3.155
12444 	 -3.177
12448 	 -3.063
12452 	 -3.29
12460 	 -3.207
12462 	 -3.289
12466 	 -3.754
12478 	 -3.471
12480 	 -3.657
12494 	 -3.618
12520 	 -3.588
12532 	 -3.579
12550 	 -3.906
12552 	 -3.786
12560 	 -3.805
12564 	 -3.973
12576 	 -3.969
12580 	 -4.021
12590 	 -4.01
12606 	 -4.084
12608 	 -3.989
12624 	 -3.976
12626 	 -4.157
12628 	 -4.194
12630 	 -4.665
12638 	 -4.661
12644 	 -4.557
12662 	 -4.549
12672 	 -4.533
12676 	 -5.012
12678 	 -5.485
12688 	 -5.449
12694 	 -5.804
12704 	 -5.899
12706 	 -6.127
12708 	 -6.086
12710 	 -6.082
12712 	 -6.046
12728 	 -6.027
12738 	 -5.6
12746 	 -5.4
12752 	 -5.372
12754 	 -5.424
12758 	 -5.422
12760 	 -5.159
12768 	 -5.071
12770 	 -5.304
12776 	 -5.294
12778 	 -5.711
12780 	 -5.906
12788 	 -5.711
12814 	 -5.709
12826 	 -5.785
12840 	 -5.809
12864 	 -5.801
12872 	 -6.074
12874 	 -6.095
12908 	 -5.753
12912 	 -5.87
12920 	 -5.78
12924 	 -5.745
12938 	 -5.95
12940 	 -6.072
12942 	 -6.104
12944 	 -6.524
12950 	 -6.997
12954 	 -6.928
12960 	 -7.087
12962 	 -7.583
12964 	 -7.574
12972 	 -7.527
12974 	 -7.518
12982 	 -7.511
12990 	 -7.502
12996 	 -7.486
13000 	 -7.126
13004 	 -7.047
13008 	 -7.033
13012 	 -7.079
13014 	 -7.54
13020 	 -7.336
13026 	 -7.341
13028 	 -7.3
13032 	 -7.25
13036 	 -7.845
13038 	 -7.627
13040 	 -7.599
13044 	 -7.964
13048 	 -7.99
13056 	 -7.979
13058 	 -8.051
13068 	 -7.932
13072 	 -7.956
13078 	 -8.065
13080 	 -7.751
13088 	 -7.519
13092 	 -7.227
13100 	 -6.675
13102 	 -6.617
13110 	 -6.565
13114 	 -6.544
13120 	 -6.555
13124 	 -6.547
13126 	 -6.633
13140 	 -6.548
13146 	 -6.508
13154 	 -6.244
13160 	 -6.029
13168 	 -5.337
13178 	 -5.404
13182 	 -5.403
13186 	 -5.694
13192 	 -5.92
13194 	 -5.859
13196 	 -5.747
13204 	 -5.913
13206 	 -5.821
13214 	 -5.779
13240 	 -5.777
13248 	 -5.193
13252 	 -5.27
13254 	 -5.235
13258 	 -5.109
13266 	 -5.054
13268 	 -5.063
13272 	 -5.097
13276 	 -5.094
13288 	 -5.064
13290 	 -5.047
13296 	 -5.079
13300 	 -5.125
13306 	 -5.198
13312 	 -5.27
13320 	 -4.932
13330 	 -4.926
13340 	 -4.532
13342 	 -4.494
13346 	 -4.773
13360 	 -4.657
13368 	 -4.736
13372 	 -4.724
13380 	 -4.522
13384 	 -4.682
13386 	 -4.629
13388 	 -4.623
13390 	 -4.652
13394 	 -4.649
13412 	 -4.755
13414 	 -4.775
13418 	 -4.893
13420 	 -4.833
13426 	 -4.658
13432 	 -4.415
13440 	 -4.204
13442 	 -4.349
13446 	 -4.416
13448 	 -4.417
13454 	 -4.416
13458 	 -4.389
13468 	 -4.343
13474 	 -4.623
13478 	 -4.422
13488 	 -4.509
13490 	 -4.33
13498 	 -4.538
13500 	 -4.404
13504 	 -4.4
13514 	 -4.391
13518 	 -4.336
13526 	 -4.298
13534 	 -4.241
13542 	 -4.233
13546 	 -3.57
13552 	 -3.528
13562 	 -3.054
13570 	 -2.893
13580 	 -2.891
13586 	 -2.946
13592 	 -2.877
13600 	 -2.849
13604 	 -2.727
13610 	 -2.685
13616 	 -2.679
13618 	 -2.665
13634 	 -2.623
13642 	 -2.65
13650 	 -2.758
13654 	 -2.756
13656 	 -2.756
13658 	 -2.495
13688 	 -2.646
13692 	 -2.731
13710 	 -2.728
13728 	 -2.719
13740 	 -2.69
13744 	 -1.931
13772 	 -1.924
13798 	 -2.058
13802 	 -2.055
13806 	 -1.99
13812 	 -2.061
13814 	 -2.019
13836 	 -2.108
13840 	 -2.061
13844 	 -2.048
13880 	 -1.96
13884 	 -1.851
13890 	 -1.843
13900 	 -1.732
13902 	 -1.679
13910 	 -1.67
13912 	 -1.664
13920 	 -1.599
13940 	 -1.587
13946 	 -1.525
13966 	 -1.526
13972 	 -1.502
13984 	 -1.559
14002 	 -1.499
14012 	 -1.484
14014 	 -1.528
14020 	 -1.527
14032 	 -1.449
14062 	 -1.364
14068 	 -1.381
14108 	 -1.334
14122 	 -1.326
14128 	 -1.208
14130 	 -1.338
14146 	 -1.337
14154 	 -1.336
14200 	 -1.327
14206 	 -1.199
14246 	 -1.083
14254 	 -1.109
14262 	 -1.053
14280 	 -0.993
14298 	 -0.87
14318 	 -0.849
14322 	 -1.021
14326 	 -1.02
14336 	 -0.996
14342 	 -0.98
14358 	 -0.955
14362 	 -0.947
14372 	 -1.102
14374 	 -1.522
14380 	 -1.521
14382 	 -1.442
14402 	 -1.488
14426 	 -1.775
14440 	 -1.774
14446 	 -1.73
14454 	 -1.805
14484 	 -1.768
14490 	 -1.833
14502 	 -1.748
14506 	 -1.736
14526 	 -1.626
14528 	 -1.467
14532 	 -1.46
14540 	 -1.391
14556 	 -1.341
14594 	 -1.455
14638 	 -2.32
14646 	 -2.245
14658 	 -2.342
14670 	 -2.418
14684 	 -2.426
14686 	 -2.327
14702 	 -2.331
14708 	 -2.362
14726 	 -2.372
14732 	 -2.159
14740 	 -3.519
14748 	 -3.095
14768 	 -2.885
14772 	 -3.156
14776 	 -3.094
14780 	 -3.07
14784 	 -3.004
14790 	 -2.808
14800 	 -2.815
14818 	 -2.966
14824 	 -3.078
14826 	 -2.968
14832 	 -2.872
14858 	 -1.71
14868 	 -1.568
14882 	 -1.61
14898 	 -1.181
14902 	 -1.198
14906 	 -1.175
14924 	 -1.29
14928 	 -1.295
14940 	 -1.484
14948 	 -1.425
14968 	 -1.281
15000 	 -2.231
15024 	 -2.357
15040 	 -2.332
15048 	 -2.356
15050 	 -3.016
15056 	 -3.031
15058 	 -3.015
15074 	 -3.047
15076 	 -2.925
15078 	 -3.381
15084 	 -3.369
15090 	 -3.397
15100 	 -3.304
15112 	 -3.571
15114 	 -3.472
15132 	 -3.294
15134 	 -3.307
15158 	 -3.314
15162 	 -3.357
15164 	 -3.29
15174 	 -3.243
15180 	 -3.216
15186 	 -2.737
15188 	 -2.686
15216 	 -2.901
15228 	 -2.892
15232 	 -2.716
15238 	 -2.847
15248 	 -2.926
15250 	 -2.92
15262 	 -2.344
15266 	 -2.315
15268 	 -2.229
15276 	 -2.074
15282 	 -1.932
15292 	 -1.873
15298 	 -1.7
15300 	 -1.53
15304 	 -1.604
15306 	 -1.69
15310 	 -1.71
15316 	 -1.699
15326 	 -1.851
15336 	 -2
15342 	 -1.997
15346 	 -1.92
15348 	 -2.247
15350 	 -2.225
15356 	 -2.31
15360 	 -2.307
15368 	 -1.839
15372 	 -1.838
15374 	 -1.648
15382 	 -1.627
15396 	 -1.62
15400 	 -1.05
15418 	 -0.965
15422 	 -0.799
15450 	 -0.685
15456 	 -0.554
15464 	 -0.39
15486 	 -0.293
15494 	 -0.228
15496 	 -0.17
15542 	 -0.146
15558 	 -0.111
15566 	 -0.093
15602 	 -0.078
15658 	 -0.075
15660 	 -0.071
15672 	 -0.041
15782 	 -0.038
15864 	 -0.034
15904 	 -0.026
15990 	 -0.025
16000 	 -0.022
16086 	 -0.019
16222 	 -0.017
16388 	 -0.011
18000 	 -2.128
18020 	 -2.245
18042 	 -2.757
18064 	 -2.891
18088 	 -2.353
18120 	 -1.825
18154 	 -2.664
18180 	 -2.4
18190 	 -2.991
18234 	 -3.922
18252 	 -3.906
18262 	 -3.626
18270 	 -2.98
18278 	 -2.938
18286 	 -2.844
18296 	 -3.748
18316 	 -3.778
18328 	 -4.144
18336 	 -3.91
18342 	 -3.966
18348 	 -3.572
18360 	 -3.131
18368 	 -2.672
18384 	 -2.693
18402 	 -2.004
18420 	 -1.053
18426 	 -0.921
18434 	 -0.744
18448 	 -0.234
18472 	 -0.189
18552 	 -0.02
18864 	 -0.008
19002 	 0
21000 	 -1.44
21001 	 -1.44
