0 	 0
3000 	 -1.376
3024 	 -1.496
3050 	 -1.88
3062 	 -2.472
3078 	 -3.176
3112 	 -3.62
3158 	 -3.808
3164 	 -3.728
3186 	 -2.828
3198 	 -2.688
3216 	 -1.912
3232 	 -1.736
3238 	 -1.364
3262 	 -0.608
3296 	 -0.264
3400 	 -0.024
3636 	 -0.008
3904 	 0
6000 	 -2.478
6020 	 -2.638
6042 	 -3.286
6064 	 -3.582
6088 	 -3.11
6120 	 -2.686
6138 	 -2.872
6154 	 -3.312
6180 	 -3.048
6190 	 -3.516
6198 	 -3.5
6234 	 -3.9
6284 	 -4.203
6296 	 -4.179
6346 	 -4.159
6360 	 -2.871
6374 	 -2.271
6376 	 -1.719
6424 	 -1.319
6444 	 -0.761
6504 	 -0.637
6506 	 -0.613
6552 	 -0.501
6634 	 -0.359
6704 	 -0.331
6710 	 -0.307
6726 	 -0.295
6728 	 -0.267
6782 	 -0.263
6894 	 -0.165
6990 	 -0.145
6994 	 -0.125
7002 	 -0.093
7272 	 -0.089
7278 	 -0.085
7290 	 -0.073
7324 	 -0.025
9000 	 -1.433
9024 	 -1.537
9050 	 -2.497
9078 	 -3.177
9112 	 -3.761
9158 	 -3.713
9162 	 -3.797
9174 	 -3.705
9186 	 -2.857
9216 	 -3.589
9232 	 -3.413
9238 	 -3.801
9262 	 -1.973
9268 	 -1.305
9298 	 -0.417
9304 	 -0.413
9306 	 -0.409
9334 	 -0.277
9400 	 -0.025
9660 	 -0.009
9904 	 -0.001
12000 	 -2.128
12004 	 -2.401
12006 	 -3.074
12008 	 -3.918
12010 	 -4.556
12012 	 -4.984
12016 	 -5.313
12020 	 -5.646
12028 	 -5.78
12040 	 -5.657
12042 	 -6.133
12054 	 -5.644
12064 	 -5.744
12070 	 -5.927
12074 	 -5.448
12088 	 -4.836
12100 	 -4.95
12102 	 -4.834
12120 	 -4.306
12130 	 -4.26
12140 	 -4.525
12154 	 -5.561
12164 	 -5.451
12178 	 -5.593
12180 	 -5.56
12182 	 -6.026
12186 	 -6.072
12190 	 -6.388
12200 	 -6.432
12206 	 -6.422
12208 	 -6.814
12212 	 -7.858
12228 	 -8.003
12230 	 -8.113
12234 	 -9.461
12252 	 -8.745
12254 	 -8.644
12256 	 -8.793
12264 	 -9.166
12266 	 -9.583
12274 	 -8.331
12282 	 -8.174
12286 	 -8.312
12290 	 -8.04
12296 	 -8.203
12304 	 -7.973
12312 	 -8.004
12322 	 -7.995
12324 	 -7.503
12332 	 -7.55
12338 	 -7.298
12344 	 -6.502
12350 	 -6.487
12354 	 -6.372
12360 	 -5.42
12368 	 -5.389
12372 	 -5.374
12382 	 -5.269
12386 	 -5.238
12394 	 -5.088
12404 	 -4.816
12406 	 -4.786
12410 	 -4.773
12412 	 -4.717
12418 	 -4.714
12420 	 -4.703
12436 	 -5.074
12437 	 -5.294
12438 	 -5.166
12440 	 -5.308
12452 	 -5.653
12458 	 -5.577
12460 	 -5.494
12464 	 -5.628
12466 	 -6.207
12468 	 -6.143
12472 	 -6.07
12476 	 -6.269
12480 	 -6.311
12494 	 -6.272
12496 	 -6.254
12502 	 -6.251
12508 	 -6.242
12516 	 -6.415
12520 	 -6.385
12526 	 -6.307
12540 	 -6.443
12542 	 -6.331
12544 	 -6.27
12548 	 -6.115
12552 	 -5.995
12562 	 -6.126
12564 	 -6.288
12566 	 -6.242
12568 	 -6.221
12576 	 -6.201
12578 	 -6.187
12582 	 -6.368
12586 	 -6.359
12590 	 -6.242
12594 	 -6.405
12604 	 -6.395
12606 	 -6.387
12616 	 -6.829
12618 	 -6.607
12626 	 -6.788
12630 	 -7.599
12634 	 -7.537
12638 	 -7.533
12648 	 -7.602
12658 	 -7.561
12664 	 -7.441
12672 	 -7.429
12680 	 -6.797
12706 	 -7.025
12710 	 -7.021
12712 	 -6.743
12730 	 -6.765
12748 	 -6.748
12750 	 -6.741
12752 	 -7.789
12758 	 -7.787
12766 	 -8.005
12768 	 -8.406
12770 	 -8.639
12782 	 -8.981
12784 	 -9.016
12798 	 -8.933
12806 	 -8.823
12816 	 -9.046
12826 	 -8.854
12840 	 -9.272
12844 	 -9.1
12874 	 -9.262
12894 	 -8.973
12896 	 -8.956
12902 	 -9.221
12908 	 -9.456
12916 	 -9.467
12920 	 -9.377
12924 	 -10.438
12934 	 -10.503
12940 	 -10.412
12942 	 -10.444
12948 	 -10.663
12950 	 -10.592
12954 	 -10.523
12964 	 -10.435
12972 	 -10.32
12986 	 -10.245
12990 	 -10.242
12992 	 -10.337
12994 	 -10.315
12996 	 -10.514
12998 	 -10.488
13000 	 -10.526
13004 	 -10.452
13008 	 -10.438
13010 	 -10.436
13014 	 -10.434
13016 	 -10.136
13024 	 -10.279
13028 	 -10.238
13034 	 -10.211
13042 	 -10.212
13044 	 -10.642
13050 	 -10.647
13056 	 -10.691
13062 	 -10.677
13068 	 -10.558
13072 	 -10.569
13074 	 -10.38
13076 	 -10.225
13078 	 -10.223
13080 	 -9.909
13082 	 -10.067
13088 	 -9.937
13096 	 -9.969
13102 	 -9.964
13110 	 -9.974
13114 	 -9.927
13116 	 -9.874
13118 	 -9.879
13122 	 -9.997
13124 	 -10.132
13146 	 -10.099
13150 	 -9.571
13154 	 -9.879
13166 	 -9.754
13170 	 -9.763
13180 	 -9.935
13206 	 -9.927
13220 	 -9.918
13224 	 -9.718
13234 	 -9.716
13242 	 -9.983
13248 	 -9.271
13266 	 -9.257
13278 	 -9.292
13284 	 -9.298
13290 	 -9.281
13298 	 -9.545
13302 	 -9.439
13306 	 -10.29
13312 	 -10.261
13320 	 -10.172
13322 	 -10.043
13338 	 -10.074
13340 	 -9.68
13344 	 -9.638
13346 	 -9.67
13360 	 -9.572
13372 	 -9.56
13374 	 -8.963
13388 	 -8.957
13390 	 -8.946
13394 	 -8.957
13414 	 -9.129
13424 	 -9.093
13430 	 -9.022
13434 	 -9.478
13438 	 -9.425
13440 	 -9.626
13442 	 -9.455
13450 	 -9.431
13452 	 -9.537
13454 	 -9.483
13458 	 -9.737
13468 	 -9.713
13474 	 -9.782
13480 	 -9.667
13484 	 -10.32
13490 	 -10.31
13498 	 -10.347
13500 	 -10.922
13506 	 -10.938
13508 	 -10.377
13514 	 -10.368
13516 	 -10.409
13520 	 -10.401
13522 	 -10.259
13524 	 -10.284
13526 	 -10.061
13528 	 -9.857
13530 	 -9.87
13534 	 -9.547
13536 	 -9.533
13542 	 -9.543
13544 	 -9.524
13546 	 -9.253
13550 	 -8.78
13556 	 -8.508
13560 	 -8.333
13562 	 -8.502
13566 	 -8.152
13570 	 -8.062
13572 	 -8.076
13578 	 -8.23
13582 	 -8.312
13590 	 -8.597
13592 	 -8.533
13596 	 -8.526
13598 	 -8.633
13602 	 -8.469
13604 	 -8.506
13610 	 -8.374
13612 	 -8.337
13618 	 -8.365
13624 	 -8.345
13626 	 -8.427
13658 	 -6.937
13662 	 -7.417
13670 	 -7.672
13672 	 -7.56
13674 	 -7.456
13678 	 -7.189
13680 	 -7.177
13682 	 -7.262
13684 	 -7.26
13690 	 -7.143
13696 	 -6.349
13698 	 -6.331
13700 	 -6.527
13702 	 -6.327
13708 	 -6.336
13710 	 -5.948
13712 	 -6.026
13716 	 -6.105
13722 	 -6.087
13724 	 -6.086
13726 	 -6.085
13728 	 -6.484
13732 	 -6.687
13742 	 -6.838
13744 	 -5.762
13746 	 -5.75
13748 	 -5.594
13754 	 -5.17
13758 	 -5.154
13764 	 -5.188
13772 	 -5.167
13776 	 -5.233
13782 	 -5.26
13784 	 -5.193
13786 	 -5.285
13788 	 -5.315
13790 	 -5.665
13794 	 -5.65
13798 	 -5.563
13804 	 -5.561
13806 	 -5.532
13814 	 -5.504
13818 	 -5.549
13820 	 -5.539
13822 	 -5.173
13826 	 -5.16
13828 	 -4.945
13830 	 -5.032
13842 	 -4.742
13844 	 -4.782
13848 	 -4.781
13852 	 -4.527
13854 	 -4.469
13856 	 -4.32
13862 	 -4.344
13864 	 -4.243
13868 	 -3.962
13880 	 -3.865
13888 	 -3.654
13890 	 -3.562
13892 	 -3.183
13900 	 -3.227
13902 	 -3.174
13906 	 -3.148
13912 	 -3.142
13914 	 -2.921
13916 	 -2.838
13918 	 -2.765
13922 	 -2.862
13924 	 -2.707
13932 	 -2.682
13936 	 -2.657
13944 	 -2.625
13958 	 -2.613
13976 	 -2.751
13978 	 -2.75
13984 	 -2.099
14006 	 -1.95
14010 	 -1.981
14012 	 -1.971
14014 	 -1.963
14026 	 -1.943
14032 	 -1.865
14036 	 -1.929
14042 	 -1.939
14046 	 -1.878
14056 	 -1.582
14064 	 -1.558
14072 	 -1.555
14076 	 -1.368
14084 	 -1.217
14096 	 -1.172
14100 	 -1.037
14108 	 -1.032
14110 	 -1.004
14112 	 -0.839
14124 	 -0.804
14130 	 -0.76
14138 	 -0.738
14178 	 -0.732
14180 	 -0.634
14182 	 -0.633
14188 	 -0.627
14190 	 -0.619
14200 	 -0.563
14210 	 -0.556
14220 	 -0.542
14234 	 -0.522
14236 	 -0.517
14256 	 -0.498
14272 	 -0.486
14318 	 -0.484
14326 	 -0.483
14350 	 -0.48
14358 	 -0.471
14384 	 -0.469
14420 	 -0.468
14422 	 -0.457
14426 	 -0.306
14430 	 -0.305
14436 	 -0.3
14460 	 -0.294
14470 	 -0.275
14552 	 -0.274
15000 	 -1.417
15024 	 -1.537
15050 	 -2.065
15078 	 -2.382
15112 	 -2.425
15158 	 -2.387
15162 	 -2.408
15174 	 -2.384
15186 	 -1.991
15216 	 -1.807
15232 	 -1.631
15238 	 -1.697
15250 	 -1.693
15262 	 -1.433
15268 	 -1.344
15282 	 -1.212
15298 	 -1.039
15308 	 -1.055
15310 	 -1.075
15334 	 -1.224
15336 	 -1.375
15342 	 -1.372
15346 	 -1.346
15354 	 -1.437
15356 	 -1.52
15360 	 -1.517
15374 	 -1.112
15400 	 -0.718
15422 	 -0.55
15456 	 -0.419
15460 	 -0.273
15486 	 -0.176
15492 	 -0.105
15536 	 -0.103
15558 	 -0.068
15574 	 -0.039
15660 	 -0.036
15864 	 -0.032
15904 	 -0.024
15916 	 -0.021
16000 	 -0.019
16260 	 -0.018
16388 	 -0.012
18000 	 -2.128
18020 	 -2.227
18042 	 -2.675
18064 	 -2.726
18088 	 -2.125
18120 	 -1.552
18154 	 -1.968
18180 	 -1.704
18190 	 -1.963
18234 	 -2.362
18252 	 -2.354
18262 	 -2.167
18270 	 -1.844
18278 	 -1.823
18286 	 -1.776
18296 	 -2.335
18316 	 -2.35
18328 	 -2.594
18336 	 -2.477
18342 	 -2.52
18348 	 -2.323
18360 	 -2.064
18368 	 -1.758
18384 	 -1.772
18402 	 -1.338
18420 	 -0.704
18426 	 -0.616
18434 	 -0.498
18448 	 -0.158
18472 	 -0.128
18552 	 -0.012
18864 	 -0.004
19002 	 0
21000 	 -1.44
21001 	 -1.44
