0 	 0
3000 	 -1.376
3024 	 -1.496
3050 	 -1.88
3062 	 -2.472
3078 	 -3.176
3112 	 -3.62
3158 	 -3.808
3164 	 -3.728
3186 	 -2.828
3198 	 -2.688
3216 	 -1.912
3232 	 -1.736
3238 	 -1.364
3262 	 -0.608
3296 	 -0.264
3400 	 -0.024
3636 	 -0.008
3904 	 0
6000 	 -2.478
6020 	 -2.638
6042 	 -3.286
6064 	 -3.582
6088 	 -3.11
6120 	 -2.686
6138 	 -2.872
6154 	 -3.312
6180 	 -3.048
6190 	 -3.516
6198 	 -3.5
6234 	 -3.9
6284 	 -4.203
6296 	 -4.179
6346 	 -4.159
6360 	 -2.871
6374 	 -2.271
6376 	 -1.719
6424 	 -1.319
6444 	 -0.761
6504 	 -0.637
6506 	 -0.613
6552 	 -0.501
6634 	 -0.359
6704 	 -0.331
6710 	 -0.307
6726 	 -0.295
6728 	 -0.267
6782 	 -0.263
6894 	 -0.165
6990 	 -0.145
6994 	 -0.125
7002 	 -0.093
7272 	 -0.089
7278 	 -0.085
7290 	 -0.073
7324 	 -0.025
9000 	 -1.433
9024 	 -1.537
9050 	 -2.497
9078 	 -3.177
9112 	 -3.761
9158 	 -3.713
9162 	 -3.797
9174 	 -3.705
9186 	 -2.857
9216 	 -3.589
9232 	 -3.413
9238 	 -3.801
9262 	 -1.973
9268 	 -1.305
9298 	 -0.417
9304 	 -0.413
9306 	 -0.409
9334 	 -0.277
9400 	 -0.025
9660 	 -0.009
9904 	 -0.001
12000 	 -2.128
12004 	 -2.441
12006 	 -3.114
12008 	 -4.375
12010 	 -5.013
12012 	 -5.652
12016 	 -5.981
12020 	 -6.421
12028 	 -6.555
12040 	 -6.45
12042 	 -6.926
12054 	 -6.437
12064 	 -6.537
12070 	 -6.72
12074 	 -6.241
12086 	 -6.466
12088 	 -5.854
12100 	 -5.995
12102 	 -5.879
12120 	 -5.351
12130 	 -5.305
12132 	 -5.641
12140 	 -5.906
12152 	 -6.043
12154 	 -7.079
12164 	 -6.969
12178 	 -7.111
12180 	 -7
12182 	 -7.344
12186 	 -7.389
12188 	 -7.517
12190 	 -7.833
12200 	 -7.909
12206 	 -8.02
12208 	 -8.234
12212 	 -9.278
12228 	 -9.423
12230 	 -9.683
12234 	 -11.031
12236 	 -10.827
12252 	 -10.111
12254 	 -10.01
12256 	 -10.152
12264 	 -10.508
12266 	 -10.891
12272 	 -10.937
12274 	 -9.685
12282 	 -9.528
12286 	 -9.321
12290 	 -9.113
12296 	 -9.276
12304 	 -9.046
12312 	 -9.011
12320 	 -9.222
12322 	 -9.142
12324 	 -8.913
12328 	 -9.012
12332 	 -9.044
12338 	 -8.792
12340 	 -8.853
12344 	 -8.057
12350 	 -8.042
12354 	 -8.069
12360 	 -7.117
12372 	 -7.102
12376 	 -7.102
12382 	 -7.035
12386 	 -6.785
12392 	 -6.768
12394 	 -6.618
12404 	 -6.346
12410 	 -6.472
12412 	 -6.322
12414 	 -6.311
12420 	 -6.3
12436 	 -6.757
12438 	 -6.253
12440 	 -6.395
12444 	 -6.463
12452 	 -6.69
12456 	 -6.686
12460 	 -6.603
12464 	 -6.709
12466 	 -7.174
12472 	 -7.101
12474 	 -6.871
12476 	 -7.003
12480 	 -7.045
12482 	 -6.954
12494 	 -6.915
12500 	 -6.816
12502 	 -6.797
12508 	 -6.863
12516 	 -6.813
12520 	 -6.783
12526 	 -6.705
12530 	 -6.543
12536 	 -6.823
12542 	 -7.183
12544 	 -7.122
12548 	 -7.108
12550 	 -6.983
12552 	 -7.054
12562 	 -7.082
12564 	 -7.244
12566 	 -7.202
12568 	 -7.06
12570 	 -7.115
12572 	 -7.152
12576 	 -7.132
12578 	 -7.1
12586 	 -7.097
12590 	 -6.946
12604 	 -6.679
12614 	 -6.552
12618 	 -6.48
12622 	 -6.552
12626 	 -6.567
12630 	 -7.099
12632 	 -6.996
12638 	 -6.992
12640 	 -7.296
12642 	 -7.351
12648 	 -7.274
12654 	 -7.083
12660 	 -7.16
12664 	 -7.142
12668 	 -7.266
12672 	 -7.254
12684 	 -7.338
12690 	 -7.239
12698 	 -7.232
12706 	 -7.46
12710 	 -7.456
12712 	 -6.822
12730 	 -6.844
12736 	 -6.84
12744 	 -6.846
12746 	 -6.83
12748 	 -6.848
12758 	 -6.619
12764 	 -6.746
12768 	 -6.788
12770 	 -7.021
12780 	 -6.966
12782 	 -6.936
12784 	 -7.096
12788 	 -7.21
12794 	 -7.216
12798 	 -7.23
12810 	 -7.164
12814 	 -7.823
12826 	 -8.001
12828 	 -7.785
12838 	 -8.225
12852 	 -8.465
12856 	 -8.407
12870 	 -8.264
12874 	 -8.446
12880 	 -8.511
12890 	 -8.472
12894 	 -8.46
12896 	 -8.47
12898 	 -8.574
12908 	 -7.463
12910 	 -7.436
12912 	 -7.647
12920 	 -7.557
12922 	 -7.447
12924 	 -7.415
12928 	 -7.144
12934 	 -6.98
12940 	 -6.859
12942 	 -6.891
12948 	 -6.719
12954 	 -6.649
12960 	 -6.581
12964 	 -6.437
12966 	 -6.578
12970 	 -6.573
12972 	 -6.526
12976 	 -6.226
12978 	 -6.128
12984 	 -5.923
12988 	 -5.865
12990 	 -5.862
12992 	 -5.808
12996 	 -5.588
13000 	 -5.682
13004 	 -5.608
13008 	 -5.594
13014 	 -5.568
13022 	 -5.465
13028 	 -5.424
13032 	 -5.548
13038 	 -5.651
13040 	 -5.679
13042 	 -5.675
13044 	 -6.614
13048 	 -6.491
13052 	 -6.479
13056 	 -6.377
13066 	 -6.462
13068 	 -6.343
13076 	 -6.225
13078 	 -6.337
13080 	 -6.202
13084 	 -7.174
13088 	 -7.127
13090 	 -7.105
13094 	 -7.113
13098 	 -6.985
13100 	 -7.056
13102 	 -7.051
13114 	 -6.987
13118 	 -6.966
13120 	 -6.397
13122 	 -6.323
13124 	 -6.49
13130 	 -6.462
13136 	 -6.509
13140 	 -6.597
13142 	 -6.644
13144 	 -6.399
13150 	 -6.331
13156 	 -6.242
13158 	 -6.17
13160 	 -6.264
13172 	 -6.322
13174 	 -6.311
13184 	 -5.725
13202 	 -5.37
13204 	 -5.339
13206 	 -5.123
13216 	 -5.094
13218 	 -5.092
13220 	 -5.083
13226 	 -4.996
13228 	 -4.954
13232 	 -4.809
13234 	 -4.807
13240 	 -4.779
13248 	 -4.356
13250 	 -4.344
13252 	 -4.393
13254 	 -4.492
13258 	 -4.49
13260 	 -4.372
13280 	 -4.43
13284 	 -4.544
13290 	 -4.713
13300 	 -4.775
13304 	 -4.743
13340 	 -4.435
13342 	 -4.512
13346 	 -4.54
13366 	 -4.579
13370 	 -4.563
13372 	 -4.551
13374 	 -4.274
13388 	 -4.268
13390 	 -4.288
13394 	 -4.331
13410 	 -4.368
13414 	 -4.388
13418 	 -4.431
13428 	 -4.381
13438 	 -4.354
13442 	 -4.233
13446 	 -4.07
13454 	 -4.112
13458 	 -3.963
13464 	 -3.953
13466 	 -3.926
13474 	 -3.913
13478 	 -3.891
13484 	 -3.574
13490 	 -3.564
13510 	 -3.548
13514 	 -3.498
13516 	 -3.457
13530 	 -3.544
13542 	 -3.54
13546 	 -3.415
13574 	 -3.28
13580 	 -3.454
13586 	 -3.292
13592 	 -3.221
13608 	 -3.101
13610 	 -3.089
13612 	 -3.05
13616 	 -2.979
13618 	 -2.965
13624 	 -2.908
13626 	 -2.877
13636 	 -2.862
13644 	 -2.812
13646 	 -2.684
13648 	 -2.51
13658 	 -2.431
13660 	 -2.409
13662 	 -2.384
13666 	 -2.349
13674 	 -2.252
13688 	 -2.116
13698 	 -2.101
13700 	 -2.082
13712 	 -2.024
13720 	 -1.995
13726 	 -1.994
13734 	 -1.91
13742 	 -1.901
13744 	 -1.326
13752 	 -1.32
13784 	 -1.312
13788 	 -1.305
13814 	 -1.263
13816 	 -1.378
13840 	 -1.365
13842 	 -1.352
13844 	 -1.339
13848 	 -1.338
13868 	 -1.336
13890 	 -1.415
13894 	 -1.406
13900 	 -1.398
13902 	 -1.345
13912 	 -1.339
13930 	 -1.329
13952 	 -1.325
13964 	 -1.287
13984 	 -1.191
14008 	 -1.178
14012 	 -1.163
14032 	 -1.085
14046 	 -0.991
14070 	 -0.959
14072 	 -0.926
14074 	 -0.925
14108 	 -0.92
14128 	 -0.884
14136 	 -0.857
14196 	 -0.775
14200 	 -0.719
14204 	 -0.69
14230 	 -0.684
14274 	 -0.682
14276 	 -0.554
14318 	 -0.552
14326 	 -0.551
14338 	 -0.549
14342 	 -0.481
14344 	 -0.479
14408 	 -0.42
14426 	 -0.269
14440 	 -0.266
14478 	 -0.262
14602 	 -0.246
15000 	 -1.419
15024 	 -1.559
15050 	 -2.339
15078 	 -2.918
15112 	 -3.363
15158 	 -3.472
15162 	 -3.533
15174 	 -3.462
15186 	 -2.916
15216 	 -3.443
15232 	 -3.267
15238 	 -3.494
15250 	 -3.488
15262 	 -2.736
15268 	 -2.478
15282 	 -2.081
15298 	 -1.561
15308 	 -1.58
15310 	 -1.622
15334 	 -1.766
15336 	 -2.064
15342 	 -2.061
15346 	 -1.983
15354 	 -2.083
15356 	 -2.253
15360 	 -2.25
15372 	 -2.073
15374 	 -1.693
15400 	 -1.076
15422 	 -0.83
15456 	 -0.568
15460 	 -0.429
15486 	 -0.237
15490 	 -0.15
15558 	 -0.08
15574 	 -0.051
15660 	 -0.042
15864 	 -0.034
15904 	 -0.026
15916 	 -0.023
16000 	 -0.02
16194 	 -0.019
16388 	 -0.013
16464 	 -0.012
18000 	 -2.128
18020 	 -2.254
18042 	 -2.798
18064 	 -2.975
18088 	 -2.46
18120 	 -1.931
18154 	 -3.112
18180 	 -2.848
18190 	 -3.636
18234 	 -5
18252 	 -4.976
18262 	 -4.696
18270 	 -3.727
18278 	 -3.664
18286 	 -3.523
18296 	 -4.415
18316 	 -4.46
18328 	 -4.826
18336 	 -4.475
18342 	 -4.514
18348 	 -3.923
18360 	 -3.233
18368 	 -2.774
18384 	 -2.795
18402 	 -2.03
18420 	 -1.079
18426 	 -0.947
18434 	 -0.77
18448 	 -0.26
18472 	 -0.215
18552 	 -0.024
18864 	 -0.012
19002 	 0
21000 	 -1.44
21001 	 -1.44
