0 	 0
3000 	 -1.376
3024 	 -1.496
3050 	 -1.88
3062 	 -2.472
3078 	 -3.176
3112 	 -3.62
3158 	 -3.808
3164 	 -3.728
3186 	 -2.828
3198 	 -2.688
3216 	 -1.912
3232 	 -1.736
3238 	 -1.364
3262 	 -0.608
3296 	 -0.264
3400 	 -0.024
3636 	 -0.008
3904 	 0
6000 	 -2.478
6020 	 -2.638
6042 	 -3.286
6064 	 -3.582
6088 	 -3.11
6120 	 -2.686
6138 	 -2.872
6154 	 -3.312
6180 	 -3.048
6190 	 -3.516
6198 	 -3.5
6234 	 -3.9
6284 	 -4.203
6296 	 -4.179
6346 	 -4.159
6360 	 -2.871
6374 	 -2.271
6376 	 -1.719
6424 	 -1.319
6444 	 -0.761
6504 	 -0.637
6506 	 -0.613
6552 	 -0.501
6634 	 -0.359
6704 	 -0.331
6710 	 -0.307
6726 	 -0.295
6728 	 -0.267
6782 	 -0.263
6894 	 -0.165
6990 	 -0.145
6994 	 -0.125
7002 	 -0.093
7272 	 -0.089
7278 	 -0.085
7290 	 -0.073
7324 	 -0.025
9000 	 -1.433
9024 	 -1.537
9050 	 -2.497
9078 	 -3.177
9112 	 -3.761
9158 	 -3.713
9162 	 -3.797
9174 	 -3.705
9186 	 -2.857
9216 	 -3.589
9232 	 -3.413
9238 	 -3.801
9262 	 -1.973
9268 	 -1.305
9298 	 -0.417
9304 	 -0.413
9306 	 -0.409
9334 	 -0.277
9400 	 -0.025
9660 	 -0.009
9904 	 -0.001
12000 	 -2.128
12004 	 -2.521
12006 	 -3.194
12008 	 -5.277
12010 	 -5.915
12012 	 -6.984
12016 	 -7.313
12020 	 -7.979
12028 	 -8.113
12040 	 -8.184
12042 	 -8.66
12054 	 -8.171
12064 	 -8.271
12070 	 -8.814
12074 	 -8.335
12086 	 -8.56
12088 	 -7.948
12100 	 -7.999
12102 	 -7.883
12114 	 -8.024
12120 	 -7.496
12130 	 -7.077
12132 	 -7.409
12140 	 -7.674
12152 	 -7.811
12154 	 -8.847
12160 	 -9.205
12164 	 -9.095
12178 	 -9.161
12180 	 -9.016
12182 	 -9.359
12184 	 -9.211
12186 	 -9.229
12188 	 -9.366
12190 	 -9.682
12192 	 -9.625
12198 	 -9.603
12200 	 -9.467
12206 	 -9.502
12208 	 -9.716
12210 	 -9.841
12212 	 -10.885
12226 	 -10.876
12228 	 -11.021
12230 	 -10.924
12234 	 -12.272
12236 	 -12.135
12246 	 -12.392
12248 	 -12.349
12252 	 -11.594
12254 	 -11.365
12256 	 -11.263
12258 	 -11.487
12264 	 -11.422
12266 	 -11.807
12272 	 -11.93
12274 	 -10.678
12276 	 -10.621
12282 	 -10.295
12288 	 -10.469
12290 	 -10.197
12296 	 -10.36
12304 	 -10.12
12310 	 -10.158
12314 	 -10.121
12320 	 -10.123
12322 	 -10.043
12324 	 -9.439
12328 	 -9.243
12330 	 -9.214
12332 	 -9.246
12334 	 -9.223
12336 	 -9.258
12338 	 -9.006
12344 	 -8.21
12346 	 -8.272
12350 	 -8.179
12354 	 -8.167
12358 	 -8.152
12360 	 -7.2
12364 	 -7.156
12372 	 -7.072
12376 	 -6.971
12380 	 -6.818
12382 	 -6.81
12386 	 -6.417
12392 	 -6.429
12404 	 -5.849
12412 	 -5.793
12420 	 -5.782
12436 	 -6.137
12438 	 -5.188
12440 	 -5.33
12444 	 -5.205
12448 	 -5.091
12452 	 -5.318
12456 	 -5.281
12460 	 -5.198
12464 	 -5.129
12466 	 -5.594
12472 	 -5.521
12476 	 -5.632
12478 	 -5.412
12480 	 -5.454
12482 	 -5.514
12494 	 -5.475
12502 	 -5.471
12508 	 -5.462
12510 	 -5.928
12516 	 -5.878
12520 	 -5.848
12526 	 -6.053
12532 	 -6.044
12536 	 -6.04
12544 	 -5.979
12550 	 -5.791
12552 	 -5.671
12562 	 -5.507
12564 	 -5.675
12566 	 -5.633
12568 	 -5.411
12570 	 -5.466
12576 	 -5.462
12578 	 -5.435
12580 	 -5.312
12590 	 -5.161
12604 	 -4.967
12614 	 -4.876
12618 	 -4.818
12624 	 -4.805
12626 	 -4.986
12630 	 -5.525
12638 	 -5.521
12664 	 -5.692
12672 	 -5.676
12686 	 -5.657
12688 	 -5.621
12696 	 -5.42
12706 	 -5.648
12710 	 -5.644
12712 	 -5.188
12718 	 -5.341
12726 	 -5.413
12748 	 -5.396
12758 	 -5.394
12760 	 -5.245
12768 	 -5.287
12770 	 -5.52
12776 	 -5.51
12780 	 -5.455
12782 	 -6.207
12792 	 -6.58
12794 	 -6.699
12808 	 -6.92
12812 	 -6.896
12814 	 -6.894
12816 	 -7.084
12826 	 -7.09
12830 	 -6.942
12840 	 -6.936
12844 	 -7.095
12848 	 -7.395
12850 	 -7.163
12856 	 -7.105
12864 	 -7.354
12866 	 -7.229
12870 	 -7.176
12874 	 -6.932
12876 	 -7.181
12880 	 -6.774
12886 	 -6.851
12890 	 -6.739
12904 	 -6.673
12908 	 -6.411
12914 	 -6.347
12920 	 -5.86
12924 	 -5.816
12928 	 -5.832
12936 	 -5.877
12942 	 -5.909
12946 	 -5.893
12948 	 -5.787
12952 	 -5.674
12954 	 -5.605
12964 	 -5.598
12970 	 -5.645
12972 	 -5.598
12984 	 -5.764
12990 	 -5.755
12994 	 -5.491
12996 	 -5.488
13002 	 -5.506
13004 	 -5.413
13008 	 -5.399
13010 	 -5.495
13018 	 -5.492
13022 	 -6.003
13026 	 -5.942
13028 	 -6.008
13042 	 -6.109
13044 	 -6.467
13046 	 -6.724
13050 	 -6.709
13052 	 -6.686
13058 	 -6.61
13062 	 -6.488
13064 	 -6.594
13066 	 -6.634
13068 	 -6.502
13072 	 -6.417
13078 	 -6.407
13080 	 -6.087
13088 	 -6.066
13096 	 -5.869
13098 	 -5.933
13102 	 -5.928
13108 	 -5.942
13110 	 -5.814
13114 	 -5.765
13116 	 -5.716
13122 	 -5.631
13130 	 -5.583
13144 	 -5.399
13148 	 -5.276
13150 	 -5.187
13152 	 -5.175
13154 	 -4.856
13170 	 -4.724
13172 	 -4.634
13174 	 -4.597
13178 	 -4.453
13182 	 -4.601
13194 	 -4.581
13196 	 -4.454
13202 	 -4.441
13206 	 -4.51
13212 	 -4.501
13220 	 -4.492
13222 	 -4.1
13224 	 -4.002
13226 	 -4.051
13234 	 -4.049
13240 	 -4.048
13248 	 -3.564
13250 	 -3.552
13254 	 -3.685
13258 	 -3.683
13262 	 -3.829
13270 	 -3.806
13274 	 -3.794
13286 	 -3.72
13288 	 -3.719
13290 	 -3.702
13306 	 -3.673
13308 	 -3.652
13322 	 -3.597
13332 	 -3.651
13340 	 -3.257
13346 	 -3.411
13354 	 -3.448
13364 	 -3.425
13366 	 -3.621
13368 	 -3.651
13372 	 -3.639
13374 	 -3.581
13388 	 -3.495
13394 	 -3.333
13410 	 -3.197
13414 	 -3.068
13416 	 -3.046
13432 	 -2.932
13434 	 -2.903
13442 	 -2.914
13452 	 -2.848
13454 	 -2.847
13468 	 -2.811
13474 	 -3.404
13478 	 -3.384
13490 	 -3.374
13494 	 -3.299
13514 	 -3.29
13536 	 -3.189
13542 	 -3.185
13546 	 -2.615
13550 	 -2.642
13562 	 -2.585
13570 	 -2.571
13572 	 -2.555
13592 	 -2.486
13598 	 -2.619
13618 	 -2.605
13648 	 -2.758
13650 	 -2.746
13654 	 -2.744
13658 	 -2.641
13688 	 -2.596
13690 	 -2.659
13694 	 -2.671
13726 	 -2.67
13744 	 -2.452
13774 	 -2.499
13778 	 -2.412
13782 	 -2.478
13794 	 -2.475
13806 	 -2.528
13814 	 -2.486
13820 	 -2.88
13830 	 -2.823
13844 	 -2.81
13846 	 -2.809
13870 	 -2.805
13872 	 -2.936
13876 	 -3.282
13882 	 -3.294
13900 	 -3.269
13902 	 -3.216
13912 	 -3.21
13932 	 -2.687
13938 	 -2.694
13942 	 -2.681
13948 	 -2.72
13960 	 -2.718
13974 	 -2.715
13984 	 -2.71
13994 	 -2.527
14006 	 -2.243
14012 	 -2.228
14020 	 -2.272
14024 	 -2.247
14028 	 -2.31
14030 	 -2.318
14032 	 -2.238
14038 	 -2.229
14062 	 -2.165
14066 	 -2.208
14068 	 -2.237
14074 	 -2.236
14086 	 -2.272
14096 	 -2.221
14104 	 -2.161
14108 	 -2.156
14114 	 -2.352
14118 	 -2.39
14122 	 -2.478
14136 	 -2.38
14142 	 -2.337
14164 	 -2.336
14166 	 -2.429
14172 	 -2.235
14178 	 -2.355
14186 	 -2.344
14192 	 -2.436
14200 	 -2.38
14202 	 -2.286
14206 	 -2.069
14222 	 -2.024
14226 	 -2.018
14248 	 -1.92
14250 	 -1.585
14270 	 -1.528
14276 	 -1.511
14288 	 -1.364
14296 	 -1.363
14300 	 -1.328
14304 	 -1.302
14308 	 -1.146
14316 	 -1.088
14318 	 -1.086
14320 	 -1.028
14326 	 -1.027
14330 	 -0.943
14338 	 -0.787
14344 	 -0.777
14346 	 -0.758
14362 	 -0.748
14368 	 -0.704
14382 	 -0.581
14390 	 -0.58
14394 	 -0.564
14398 	 -0.563
14404 	 -0.554
14418 	 -0.54
14426 	 -0.389
14434 	 -0.379
14446 	 -0.358
14454 	 -0.354
14464 	 -0.344
14468 	 -0.336
14474 	 -0.333
14480 	 -0.328
14506 	 -0.327
14508 	 -0.315
14514 	 -0.314
14522 	 -0.306
14538 	 -0.303
14540 	 -0.3
14564 	 -0.266
14632 	 -0.265
14668 	 -0.262
15000 	 -1.424
15024 	 -1.6
15050 	 -2.315
15078 	 -2.92
15112 	 -3.362
15158 	 -3.353
15162 	 -3.417
15174 	 -3.348
15186 	 -2.834
15216 	 -3.282
15232 	 -3.106
15238 	 -3.336
15250 	 -3.33
15262 	 -2.247
15266 	 -2.188
15268 	 -2.102
15276 	 -1.794
15282 	 -1.661
15298 	 -1.488
15300 	 -1.148
15310 	 -1.189
15336 	 -1.487
15342 	 -1.484
15346 	 -1.458
15350 	 -1.414
15356 	 -1.584
15360 	 -1.581
15374 	 -1.201
15400 	 -0.732
15422 	 -0.572
15456 	 -0.31
15486 	 -0.118
15558 	 -0.048
15658 	 -0.042
15660 	 -0.039
15864 	 -0.031
15904 	 -0.023
16000 	 -0.02
16388 	 -0.014
16482 	 -0.011
18000 	 -2.128
18020 	 -2.245
18042 	 -2.757
18064 	 -2.894
18088 	 -2.339
18120 	 -1.764
18154 	 -2.864
18180 	 -2.6
18190 	 -3.253
18234 	 -4.518
18252 	 -4.494
18262 	 -4.308
18270 	 -3.339
18278 	 -3.276
18286 	 -3.135
18296 	 -3.669
18316 	 -3.714
18328 	 -3.958
18336 	 -3.607
18342 	 -3.616
18348 	 -3.025
18360 	 -2.268
18368 	 -1.962
18384 	 -1.976
18402 	 -1.39
18420 	 -0.756
18426 	 -0.668
18434 	 -0.55
18448 	 -0.21
18472 	 -0.18
18552 	 -0.02
18864 	 -0.012
19002 	 0
21000 	 -1.44
21001 	 -1.44
