0 	 0
3000 	 -1.376
3024 	 -1.496
3050 	 -1.88
3062 	 -2.472
3078 	 -3.176
3112 	 -3.62
3158 	 -3.808
3164 	 -3.728
3186 	 -2.828
3198 	 -2.688
3216 	 -1.912
3232 	 -1.736
3238 	 -1.364
3262 	 -0.608
3296 	 -0.264
3400 	 -0.024
3636 	 -0.008
3904 	 0
6000 	 -2.478
6020 	 -2.638
6042 	 -3.286
6064 	 -3.582
6088 	 -3.11
6120 	 -2.686
6138 	 -2.872
6154 	 -3.312
6180 	 -3.048
6190 	 -3.516
6198 	 -3.5
6234 	 -3.9
6284 	 -4.203
6296 	 -4.179
6346 	 -4.159
6360 	 -2.871
6374 	 -2.271
6376 	 -1.719
6424 	 -1.319
6444 	 -0.761
6504 	 -0.637
6506 	 -0.613
6552 	 -0.501
6634 	 -0.359
6704 	 -0.331
6710 	 -0.307
6726 	 -0.295
6728 	 -0.267
6782 	 -0.263
6894 	 -0.165
6990 	 -0.145
6994 	 -0.125
7002 	 -0.093
7272 	 -0.089
7278 	 -0.085
7290 	 -0.073
7324 	 -0.025
9000 	 -1.433
9024 	 -1.537
9050 	 -2.497
9078 	 -3.177
9112 	 -3.761
9158 	 -3.713
9162 	 -3.797
9174 	 -3.705
9186 	 -2.857
9216 	 -3.589
9232 	 -3.413
9238 	 -3.801
9262 	 -1.973
9268 	 -1.305
9298 	 -0.417
9304 	 -0.413
9306 	 -0.409
9334 	 -0.277
9400 	 -0.025
9660 	 -0.009
9904 	 -0.001
12000 	 -2.128
12004 	 -2.481
12006 	 -3.154
12008 	 -4.826
12010 	 -5.464
12012 	 -6.318
12016 	 -6.647
12020 	 -7.2
12028 	 -7.334
12040 	 -7.317
12042 	 -7.793
12054 	 -7.304
12064 	 -7.404
12070 	 -7.763
12074 	 -7.284
12086 	 -7.509
12088 	 -6.897
12100 	 -6.965
12102 	 -6.849
12114 	 -6.99
12120 	 -6.462
12130 	 -6.249
12132 	 -6.581
12140 	 -6.846
12152 	 -6.983
12154 	 -8.019
12164 	 -7.909
12178 	 -7.927
12180 	 -7.783
12182 	 -8.126
12184 	 -7.978
12186 	 -7.995
12188 	 -8.132
12190 	 -8.448
12192 	 -8.391
12200 	 -8.179
12206 	 -8.214
12208 	 -8.428
12210 	 -8.519
12212 	 -9.563
12226 	 -9.554
12228 	 -9.699
12230 	 -9.55
12234 	 -10.898
12236 	 -10.762
12242 	 -10.801
12248 	 -10.769
12252 	 -10.014
12254 	 -10.137
12264 	 -10.072
12266 	 -10.527
12272 	 -10.526
12274 	 -9.274
12276 	 -9.48
12282 	 -9.183
12290 	 -8.911
12296 	 -9.074
12304 	 -8.924
12320 	 -8.926
12322 	 -8.846
12324 	 -8.242
12328 	 -8.313
12330 	 -8.313
12332 	 -8.345
12336 	 -8.244
12338 	 -7.992
12344 	 -7.196
12350 	 -7.177
12352 	 -7.244
12354 	 -7.232
12358 	 -7.213
12360 	 -6.261
12378 	 -6.11
12382 	 -5.965
12386 	 -5.498
12398 	 -5.428
12402 	 -5.249
12404 	 -4.977
12410 	 -5.063
12412 	 -5.007
12420 	 -4.996
12436 	 -5.339
12438 	 -4.77
12440 	 -4.912
12444 	 -4.815
12452 	 -5.042
12456 	 -5.005
12460 	 -4.922
12464 	 -4.789
12466 	 -5.254
12472 	 -5.181
12476 	 -5.24
12480 	 -5.282
12482 	 -5.339
12494 	 -5.3
12502 	 -5.281
12508 	 -5.272
12510 	 -5.329
12516 	 -5.685
12520 	 -5.655
12522 	 -5.644
12526 	 -5.566
12528 	 -5.92
12532 	 -5.911
12536 	 -5.907
12544 	 -5.846
12548 	 -5.827
12550 	 -5.706
12552 	 -5.586
12562 	 -5.42
12564 	 -5.588
12566 	 -5.546
12570 	 -5.601
12578 	 -5.574
12580 	 -5.336
12590 	 -5.185
12592 	 -5.049
12604 	 -5.034
12614 	 -4.943
12618 	 -4.724
12624 	 -4.695
12626 	 -4.876
12630 	 -5.382
12638 	 -5.378
12644 	 -5.45
12664 	 -5.54
12678 	 -5.539
12686 	 -5.608
12706 	 -5.836
12708 	 -5.803
12710 	 -5.596
12712 	 -5.115
12734 	 -5.295
12740 	 -5.373
12748 	 -5.356
12758 	 -5.354
12768 	 -5.396
12770 	 -5.629
12778 	 -5.456
12780 	 -5.401
12786 	 -5.757
12794 	 -5.847
12796 	 -6.618
12802 	 -6.887
12814 	 -6.885
12826 	 -6.899
12830 	 -6.975
12840 	 -6.968
12842 	 -7.123
12848 	 -6.845
12856 	 -6.787
12858 	 -7.252
12864 	 -7.081
12866 	 -7.1
12870 	 -7.025
12874 	 -6.773
12878 	 -6.835
12886 	 -7.001
12892 	 -6.837
12894 	 -6.906
12898 	 -7.072
12906 	 -6.832
12908 	 -6.575
12918 	 -6.462
12920 	 -6.372
12922 	 -6.137
12924 	 -6.102
12928 	 -6.199
12942 	 -6.234
12944 	 -4.887
12946 	 -5.532
12950 	 -5.649
12952 	 -5.835
12954 	 -5.549
12956 	 -5.625
12964 	 -5.618
12970 	 -5.518
12972 	 -5.534
12984 	 -5.761
12990 	 -5.755
12996 	 -5.769
13004 	 -5.695
13008 	 -5.67
13014 	 -5.529
13018 	 -5.523
13024 	 -5.524
13028 	 -5.483
13030 	 -5.375
13034 	 -5.914
13036 	 -5.854
13044 	 -6.205
13048 	 -6.295
13050 	 -6.163
13052 	 -6.346
13058 	 -6.35
13066 	 -6.491
13068 	 -6.361
13070 	 -6.347
13072 	 -6.316
13074 	 -6.317
13078 	 -6.315
13080 	 -5.895
13084 	 -5.991
13088 	 -5.926
13090 	 -6.074
13096 	 -5.786
13102 	 -5.803
13106 	 -5.755
13112 	 -5.725
13114 	 -5.676
13116 	 -5.515
13122 	 -5.559
13132 	 -5.573
13136 	 -5.402
13140 	 -5.357
13150 	 -5.289
13154 	 -5.189
13158 	 -4.953
13162 	 -4.943
13164 	 -4.784
13174 	 -4.728
13178 	 -4.398
13182 	 -4.491
13184 	 -4.579
13186 	 -4.498
13190 	 -4.425
13202 	 -4.412
13206 	 -4.247
13212 	 -4.222
13216 	 -4.108
13220 	 -4.099
13226 	 -3.939
13234 	 -3.937
13246 	 -3.957
13248 	 -3.496
13250 	 -3.484
13256 	 -3.541
13258 	 -3.661
13270 	 -3.644
13274 	 -3.598
13288 	 -3.704
13290 	 -3.687
13294 	 -3.738
13302 	 -3.655
13306 	 -3.648
13326 	 -3.697
13330 	 -3.748
13340 	 -3.354
13346 	 -3.525
13348 	 -3.521
13358 	 -3.568
13364 	 -3.538
13368 	 -3.754
13372 	 -3.742
13386 	 -3.779
13388 	 -3.773
13390 	 -3.626
13394 	 -3.623
13404 	 -3.527
13410 	 -3.404
13414 	 -3.283
13432 	 -3.253
13440 	 -3.044
13442 	 -3.099
13448 	 -3.042
13450 	 -3.039
13460 	 -3.005
13466 	 -2.987
13470 	 -3.118
13472 	 -3.089
13474 	 -3.076
13488 	 -3.088
13490 	 -3.078
13498 	 -3.046
13506 	 -3.051
13514 	 -3.042
13516 	 -2.737
13518 	 -2.599
13542 	 -2.595
13546 	 -2.379
13562 	 -2.337
13574 	 -2.504
13578 	 -2.418
13592 	 -2.372
13604 	 -2.413
13606 	 -2.432
13618 	 -2.418
13620 	 -2.409
13648 	 -2.551
13654 	 -2.549
13658 	 -2.436
13686 	 -2.434
13688 	 -2.561
13726 	 -2.56
13744 	 -2.495
13754 	 -2.477
13756 	 -2.469
13778 	 -2.379
13802 	 -2.324
13808 	 -2.407
13810 	 -2.557
13814 	 -2.529
13832 	 -2.574
13834 	 -2.563
13844 	 -2.55
13846 	 -2.546
13878 	 -2.536
13880 	 -2.57
13884 	 -2.432
13900 	 -2.424
13902 	 -2.371
13906 	 -2.433
13912 	 -2.427
13918 	 -2.412
13928 	 -2.428
13934 	 -2.414
13936 	 -2.41
13960 	 -2.325
13966 	 -2.323
13972 	 -2.339
13984 	 -2.152
13996 	 -2.262
14012 	 -2.252
14028 	 -2.242
14030 	 -2.432
14032 	 -2.353
14040 	 -2.399
14042 	 -2.445
14052 	 -2.55
14074 	 -2.549
14084 	 -2.53
14090 	 -2.485
14098 	 -2.482
14106 	 -2.261
14108 	 -2.256
14116 	 -2.255
14126 	 -2.252
14134 	 -2.178
14144 	 -2.133
14150 	 -2.131
14162 	 -1.956
14182 	 -1.966
14186 	 -1.922
14190 	 -1.647
14200 	 -1.526
14212 	 -1.623
14216 	 -1.633
14228 	 -1.614
14266 	 -1.626
14282 	 -1.731
14290 	 -1.673
14292 	 -1.774
14304 	 -1.848
14318 	 -1.846
14324 	 -1.771
14326 	 -1.77
14330 	 -1.769
14360 	 -1.805
14364 	 -1.939
14378 	 -1.808
14398 	 -1.807
14400 	 -1.753
14408 	 -1.727
14426 	 -1.576
14432 	 -1.29
14440 	 -1.236
14442 	 -1.008
14448 	 -0.989
14452 	 -1.053
14458 	 -1.008
14476 	 -1.007
14480 	 -0.906
14488 	 -0.898
14492 	 -0.754
14506 	 -0.746
14518 	 -0.764
14530 	 -0.74
14540 	 -0.697
14558 	 -0.767
14600 	 -0.759
14606 	 -0.738
14620 	 -0.867
14626 	 -0.861
14636 	 -0.855
14662 	 -0.843
14666 	 -0.88
14704 	 -0.854
14716 	 -0.616
14734 	 -0.613
14748 	 -0.605
14752 	 -0.546
14772 	 -0.397
14800 	 -0.359
14856 	 -0.346
14870 	 -0.308
14884 	 -0.307
15000 	 -1.428
15024 	 -1.565
15050 	 -2.061
15078 	 -2.388
15112 	 -2.425
15158 	 -2.298
15162 	 -2.319
15174 	 -2.296
15186 	 -1.88
15216 	 -1.656
15232 	 -1.48
15238 	 -1.545
15250 	 -1.541
15262 	 -0.985
15266 	 -0.955
15276 	 -0.799
15300 	 -0.631
15310 	 -0.652
15336 	 -0.801
15342 	 -0.798
15350 	 -0.776
15356 	 -0.861
15360 	 -0.858
15374 	 -0.668
15390 	 -0.664
15400 	 -0.385
15422 	 -0.305
15456 	 -0.174
15486 	 -0.077
15558 	 -0.042
15668 	 -0.039
15864 	 -0.035
15888 	 -0.031
15904 	 -0.023
16000 	 -0.021
16092 	 -0.02
16182 	 -0.019
16388 	 -0.013
18000 	 -2.128
18020 	 -2.218
18042 	 -2.634
18064 	 -2.645
18088 	 -2.004
18120 	 -1.385
18154 	 -1.72
18180 	 -1.456
18190 	 -1.58
18234 	 -1.88
18252 	 -1.872
18262 	 -1.779
18270 	 -1.456
18278 	 -1.435
18286 	 -1.388
18296 	 -1.589
18316 	 -1.604
18328 	 -1.726
18336 	 -1.609
18342 	 -1.622
18348 	 -1.425
18360 	 -1.099
18368 	 -0.947
18384 	 -0.953
18402 	 -0.698
18420 	 -0.381
18426 	 -0.337
18434 	 -0.278
18448 	 -0.108
18472 	 -0.093
18552 	 -0.008
18864 	 -0.004
19002 	 0
21000 	 -1.44
21001 	 -1.44
