0 	 0
3000 	 -1.376
3024 	 -1.496
3050 	 -1.88
3062 	 -2.472
3078 	 -3.176
3112 	 -3.62
3158 	 -3.808
3164 	 -3.728
3186 	 -2.828
3198 	 -2.688
3216 	 -1.912
3232 	 -1.736
3238 	 -1.364
3262 	 -0.608
3296 	 -0.264
3400 	 -0.024
3636 	 -0.008
3904 	 0
6000 	 -2.478
6020 	 -2.638
6042 	 -3.286
6064 	 -3.582
6088 	 -3.11
6120 	 -2.686
6138 	 -2.872
6154 	 -3.312
6180 	 -3.048
6190 	 -3.516
6198 	 -3.5
6234 	 -3.9
6284 	 -4.203
6296 	 -4.179
6346 	 -4.159
6360 	 -2.871
6374 	 -2.271
6376 	 -1.719
6424 	 -1.319
6444 	 -0.761
6504 	 -0.637
6506 	 -0.613
6552 	 -0.501
6634 	 -0.359
6704 	 -0.331
6710 	 -0.307
6726 	 -0.295
6728 	 -0.267
6782 	 -0.263
6894 	 -0.165
6990 	 -0.145
6994 	 -0.125
7002 	 -0.093
7272 	 -0.089
7278 	 -0.085
7290 	 -0.073
7324 	 -0.025
9000 	 -1.433
9024 	 -1.537
9050 	 -2.497
9078 	 -3.177
9112 	 -3.761
9158 	 -3.713
9162 	 -3.797
9174 	 -3.705
9186 	 -2.857
9216 	 -3.589
9232 	 -3.413
9238 	 -3.801
9262 	 -1.973
9268 	 -1.305
9298 	 -0.417
9304 	 -0.413
9306 	 -0.409
9334 	 -0.277
9400 	 -0.025
9660 	 -0.009
9904 	 -0.001
12000 	 -2.128
12004 	 -2.401
12006 	 -3.074
12008 	 -3.918
12010 	 -4.556
12012 	 -4.984
12016 	 -5.313
12020 	 -5.646
12028 	 -5.78
12040 	 -5.657
12042 	 -6.133
12054 	 -5.644
12064 	 -5.744
12070 	 -5.928
12074 	 -5.449
12088 	 -4.837
12100 	 -4.957
12102 	 -4.841
12120 	 -4.313
12130 	 -4.107
12140 	 -4.372
12154 	 -5.408
12160 	 -5.766
12164 	 -5.656
12178 	 -5.734
12180 	 -5.701
12182 	 -6.167
12186 	 -6.161
12190 	 -6.477
12198 	 -6.455
12200 	 -6.531
12208 	 -6.923
12212 	 -7.967
12228 	 -8.112
12230 	 -8.164
12234 	 -9.512
12246 	 -9.798
12252 	 -9.082
12254 	 -8.981
12256 	 -9.054
12266 	 -9.471
12274 	 -8.219
12276 	 -8.26
12282 	 -8.103
12290 	 -7.831
12296 	 -7.994
12304 	 -7.95
12310 	 -8.194
12314 	 -8.123
12322 	 -8.114
12324 	 -7.51
12332 	 -7.542
12334 	 -7.457
12338 	 -7.205
12344 	 -6.409
12350 	 -6.381
12358 	 -6.276
12360 	 -5.324
12362 	 -5.523
12376 	 -5.422
12378 	 -5.592
12380 	 -5.595
12382 	 -5.587
12386 	 -5.353
12388 	 -5.328
12392 	 -5.258
12404 	 -4.908
12406 	 -4.878
12412 	 -4.822
12418 	 -4.819
12420 	 -4.808
12436 	 -5.179
12437 	 -5.399
12438 	 -5.13
12440 	 -5.272
12452 	 -5.618
12460 	 -5.535
12462 	 -5.47
12464 	 -5.616
12466 	 -6.175
12472 	 -6.102
12476 	 -6.234
12480 	 -6.276
12488 	 -6.26
12494 	 -6.221
12502 	 -6.393
12506 	 -6.379
12508 	 -6.37
12511 	 -6.462
12516 	 -6.635
12520 	 -6.605
12526 	 -6.527
12540 	 -6.677
12544 	 -6.616
12550 	 -6.38
12552 	 -6.26
12562 	 -6.029
12564 	 -6.197
12566 	 -6.155
12574 	 -6.22
12576 	 -6.216
12590 	 -6.095
12594 	 -6.267
12602 	 -6.435
12604 	 -6.425
12614 	 -6.395
12618 	 -6.292
12624 	 -6.279
12626 	 -6.46
12630 	 -7.456
12638 	 -7.446
12648 	 -7.48
12662 	 -7.059
12664 	 -6.939
12666 	 -7.099
12684 	 -7.014
12706 	 -7.244
12710 	 -7.203
12712 	 -6.582
12714 	 -6.548
12728 	 -6.758
12730 	 -6.773
12748 	 -6.756
12758 	 -6.745
12764 	 -6.674
12768 	 -6.666
12770 	 -7.045
12776 	 -7.035
12782 	 -6.938
12784 	 -6.969
12808 	 -7.792
12818 	 -7.976
12840 	 -8.374
12852 	 -8.499
12874 	 -8.427
12906 	 -8.572
12908 	 -8.34
12912 	 -7.995
12920 	 -7.905
12924 	 -8.685
12930 	 -8.703
12942 	 -8.735
12946 	 -8.853
12952 	 -9.087
12954 	 -9.018
12956 	 -9.118
12960 	 -9.096
12964 	 -9.161
12972 	 -9.114
12988 	 -9.235
12990 	 -9.232
12996 	 -9.216
13002 	 -9.148
13004 	 -9.686
13006 	 -9.82
13008 	 -9.806
13016 	 -9.742
13028 	 -9.701
13034 	 -9.667
13040 	 -9.876
13042 	 -9.857
13044 	 -10.386
13048 	 -9.769
13052 	 -9.847
13064 	 -9.742
13066 	 -9.692
13068 	 -9.684
13078 	 -9.682
13080 	 -9.368
13086 	 -10.195
13088 	 -10.193
13090 	 -10.179
13096 	 -10.088
13100 	 -9.917
13102 	 -9.912
13104 	 -9.902
13112 	 -9.888
13114 	 -9.957
13140 	 -9.811
13144 	 -9.697
13150 	 -9.634
13156 	 -9.596
13160 	 -9.621
13176 	 -9.572
13182 	 -9.571
13190 	 -9.522
13196 	 -9.583
13204 	 -9.516
13206 	 -9.693
13220 	 -9.684
13222 	 -9.661
13228 	 -9.691
13234 	 -9.689
13236 	 -9.057
13240 	 -9.051
13244 	 -8.992
13246 	 -8.561
13248 	 -8.156
13254 	 -8.14
13258 	 -8.131
13274 	 -8.415
13276 	 -7.536
13280 	 -7.51
13282 	 -7.448
13290 	 -7.431
13292 	 -7.507
13298 	 -7.692
13300 	 -7.647
13306 	 -7.573
13312 	 -7.399
13314 	 -7.378
13320 	 -7.345
13324 	 -6.907
13334 	 -6.694
13340 	 -6.3
13342 	 -6.267
13346 	 -6.438
13350 	 -6.518
13354 	 -6.616
13360 	 -6.561
13364 	 -6.501
13372 	 -6.489
13380 	 -6.555
13388 	 -6.474
13394 	 -6.471
13414 	 -6.305
13420 	 -6.486
13422 	 -6.649
13432 	 -6.913
13436 	 -7.416
13442 	 -7.239
13446 	 -7.369
13448 	 -7.355
13450 	 -7.274
13452 	 -7.21
13454 	 -7.209
13458 	 -6.918
13460 	 -6.715
13468 	 -6.781
13470 	 -6.596
13472 	 -6.5
13488 	 -6.256
13490 	 -6.246
13492 	 -6.25
13496 	 -6.241
13502 	 -6.331
13508 	 -5.614
13514 	 -5.605
13520 	 -5.583
13526 	 -5.688
13534 	 -5.51
13542 	 -5.339
13546 	 -5.089
13548 	 -5.111
13552 	 -5.259
13556 	 -4.992
13564 	 -4.949
13572 	 -4.936
13578 	 -4.811
13580 	 -4.955
13582 	 -4.831
13584 	 -4.991
13590 	 -5.071
13592 	 -5.002
13608 	 -4.887
13618 	 -4.914
13624 	 -4.786
13628 	 -4.781
13630 	 -4.777
13658 	 -3.891
13660 	 -3.724
13666 	 -3.678
13682 	 -3.672
13684 	 -3.636
13698 	 -3.707
13702 	 -3.705
13708 	 -3.638
13718 	 -4.252
13724 	 -4.177
13728 	 -4.158
13736 	 -4.38
13744 	 -3.874
13754 	 -3.901
13760 	 -3.837
13772 	 -3.526
13776 	 -3.722
13778 	 -4.144
13784 	 -4.027
13788 	 -4.046
13798 	 -4.366
13812 	 -4.188
13814 	 -4.146
13816 	 -4.216
13822 	 -3.664
13836 	 -3.682
13838 	 -3.411
13844 	 -3.398
13846 	 -3.178
13848 	 -3.119
13850 	 -3.09
13856 	 -2.954
13866 	 -2.828
13868 	 -2.963
13880 	 -2.876
13882 	 -2.871
13886 	 -2.81
13894 	 -2.703
13900 	 -2.75
13902 	 -2.697
13904 	 -2.679
13910 	 -2.454
13912 	 -2.372
13916 	 -2.366
13918 	 -2.213
13920 	 -2.188
13922 	 -2.136
13926 	 -2.117
13940 	 -2.112
13942 	 -2.065
13952 	 -2.545
13960 	 -2.488
13966 	 -2.658
13978 	 -2.657
13984 	 -2.715
13990 	 -2.624
14006 	 -2.609
14008 	 -2.482
14012 	 -2.472
14024 	 -2.364
14030 	 -2.347
14032 	 -2.236
14034 	 -2.278
14038 	 -2.283
14052 	 -2.095
14056 	 -2.082
14058 	 -2.073
14062 	 -2.097
14076 	 -1.994
14078 	 -1.972
14084 	 -1.819
14086 	 -1.528
14098 	 -1.411
14108 	 -1.406
14122 	 -1.165
14138 	 -1.02
14140 	 -0.943
14150 	 -0.979
14166 	 -0.976
14170 	 -0.971
14172 	 -0.883
14184 	 -0.877
14194 	 -0.999
14200 	 -0.938
14204 	 -0.927
14224 	 -0.914
14234 	 -0.898
14248 	 -0.878
14272 	 -0.871
14274 	 -0.916
14286 	 -0.901
14296 	 -0.902
14298 	 -0.945
14302 	 -0.908
14318 	 -0.863
14322 	 -0.84
14326 	 -0.839
14338 	 -0.678
14352 	 -0.67
14360 	 -0.667
14372 	 -0.545
14398 	 -0.544
14406 	 -0.506
14410 	 -0.499
14426 	 -0.348
14462 	 -0.333
14470 	 -0.331
14508 	 -0.3
14554 	 -0.295
14568 	 -0.291
14650 	 -0.285
14662 	 -0.278
15000 	 -1.417
15024 	 -1.558
15050 	 -2.193
15078 	 -2.65
15112 	 -2.882
15158 	 -2.889
15162 	 -2.93
15174 	 -2.882
15186 	 -2.35
15216 	 -2.562
15232 	 -2.386
15238 	 -2.516
15248 	 -2.514
15250 	 -2.51
15262 	 -1.884
15268 	 -1.712
15282 	 -1.448
15286 	 -1.446
15298 	 -1.099
15308 	 -1.115
15310 	 -1.135
15334 	 -1.284
15336 	 -1.435
15342 	 -1.432
15346 	 -1.38
15354 	 -1.471
15356 	 -1.554
15360 	 -1.551
15374 	 -1.145
15400 	 -0.719
15422 	 -0.551
15456 	 -0.42
15460 	 -0.274
15486 	 -0.177
15492 	 -0.106
15558 	 -0.071
15574 	 -0.042
15658 	 -0.039
15660 	 -0.036
15864 	 -0.032
15904 	 -0.024
15916 	 -0.021
15992 	 -0.02
16000 	 -0.018
16144 	 -0.017
16388 	 -0.011
18000 	 -2.128
18020 	 -2.236
18042 	 -2.716
18064 	 -2.81
18088 	 -2.232
18120 	 -1.658
18154 	 -2.416
18180 	 -2.152
18190 	 -2.608
18234 	 -3.44
18252 	 -3.424
18262 	 -3.237
18270 	 -2.591
18278 	 -2.549
18286 	 -2.455
18296 	 -3.002
18316 	 -3.032
18328 	 -3.276
18336 	 -3.042
18342 	 -3.068
18348 	 -2.674
18360 	 -2.166
18368 	 -1.86
18384 	 -1.874
18402 	 -1.364
18420 	 -0.73
18426 	 -0.642
18434 	 -0.524
18448 	 -0.184
18472 	 -0.154
18552 	 -0.016
18864 	 -0.008
19002 	 0
21000 	 -1.44
21001 	 -1.44
