0 	 0
3000 	 -1.376
3024 	 -1.496
3050 	 -1.88
3062 	 -2.472
3078 	 -3.176
3112 	 -3.62
3158 	 -3.808
3164 	 -3.728
3186 	 -2.828
3198 	 -2.688
3216 	 -1.912
3232 	 -1.736
3238 	 -1.364
3262 	 -0.608
3296 	 -0.264
3400 	 -0.024
3636 	 -0.008
3904 	 0
6000 	 -2.478
6020 	 -2.638
6042 	 -3.286
6064 	 -3.582
6088 	 -3.11
6120 	 -2.686
6138 	 -2.872
6154 	 -3.312
6180 	 -3.048
6190 	 -3.516
6198 	 -3.5
6234 	 -3.9
6284 	 -4.203
6296 	 -4.179
6346 	 -4.159
6360 	 -2.871
6374 	 -2.271
6376 	 -1.719
6424 	 -1.319
6444 	 -0.761
6504 	 -0.637
6506 	 -0.613
6552 	 -0.501
6634 	 -0.359
6704 	 -0.331
6710 	 -0.307
6726 	 -0.295
6728 	 -0.267
6782 	 -0.263
6894 	 -0.165
6990 	 -0.145
6994 	 -0.125
7002 	 -0.093
7272 	 -0.089
7278 	 -0.085
7290 	 -0.073
7324 	 -0.025
9000 	 -1.433
9024 	 -1.537
9050 	 -2.497
9078 	 -3.177
9112 	 -3.761
9158 	 -3.713
9162 	 -3.797
9174 	 -3.705
9186 	 -2.857
9216 	 -3.589
9232 	 -3.413
9238 	 -3.801
9262 	 -1.973
9268 	 -1.305
9298 	 -0.417
9304 	 -0.413
9306 	 -0.409
9334 	 -0.277
9400 	 -0.025
9660 	 -0.009
9904 	 -0.001
12000 	 -2.128
12004 	 -2.481
12006 	 -3.154
12008 	 -4.82
12010 	 -5.458
12012 	 -6.316
12016 	 -6.645
12020 	 -7.204
12028 	 -7.338
12040 	 -7.391
12042 	 -7.867
12054 	 -7.378
12064 	 -7.478
12070 	 -8.021
12074 	 -7.542
12088 	 -6.93
12100 	 -6.954
12102 	 -6.838
12114 	 -6.979
12120 	 -6.451
12130 	 -6.032
12140 	 -6.297
12154 	 -7.333
12160 	 -7.691
12164 	 -7.581
12178 	 -7.824
12180 	 -7.791
12182 	 -8.257
12184 	 -8.109
12186 	 -8.103
12190 	 -8.419
12192 	 -8.362
12198 	 -8.34
12200 	 -8.226
12208 	 -8.618
12210 	 -8.687
12212 	 -9.731
12226 	 -10.247
12228 	 -10.392
12230 	 -10.321
12234 	 -11.669
12242 	 -11.577
12246 	 -11.857
12248 	 -11.827
12252 	 -11.072
12254 	 -10.82
12256 	 -10.689
12264 	 -10.624
12266 	 -10.936
12272 	 -11.08
12274 	 -9.828
12276 	 -9.673
12282 	 -9.347
12290 	 -9.075
12296 	 -9.238
12304 	 -9.036
12310 	 -9.12
12314 	 -9.119
12320 	 -9.121
12322 	 -9.041
12324 	 -8.437
12328 	 -8.227
12330 	 -8.331
12332 	 -8.363
12334 	 -8.321
12338 	 -8.069
12344 	 -7.223
12346 	 -7.243
12350 	 -7.32
12356 	 -7.268
12358 	 -7.329
12360 	 -6.377
12364 	 -6.252
12376 	 -6.151
12380 	 -6.167
12382 	 -6.159
12386 	 -5.788
12392 	 -5.803
12404 	 -5.298
12406 	 -5.268
12412 	 -5.212
12414 	 -5.051
12420 	 -5.04
12436 	 -5.41
12437 	 -5.63
12438 	 -5.016
12440 	 -5.158
12444 	 -5.211
12452 	 -5.267
12460 	 -5.184
12466 	 -5.68
12470 	 -5.535
12472 	 -5.462
12476 	 -5.723
12480 	 -5.765
12482 	 -5.795
12488 	 -5.839
12494 	 -5.683
12500 	 -5.778
12508 	 -5.769
12516 	 -5.914
12520 	 -5.884
12526 	 -5.806
12532 	 -5.797
12540 	 -5.932
12544 	 -5.871
12550 	 -5.317
12552 	 -5.197
12562 	 -5.139
12564 	 -5.307
12566 	 -5.265
12576 	 -5.261
12580 	 -5.264
12584 	 -5.052
12590 	 -4.931
12594 	 -5.219
12604 	 -5.209
12612 	 -5.277
12618 	 -5.193
12624 	 -5.18
12626 	 -5.361
12630 	 -5.832
12638 	 -5.828
12642 	 -6.243
12646 	 -6.263
12648 	 -6.399
12656 	 -6.391
12658 	 -6.5
12664 	 -6.38
12678 	 -6.374
12706 	 -6.602
12710 	 -6.598
12712 	 -5.463
12716 	 -5.644
12728 	 -5.541
12746 	 -5.533
12748 	 -5.516
12754 	 -5.652
12758 	 -5.65
12764 	 -5.515
12768 	 -5.557
12770 	 -5.79
12776 	 -5.78
12782 	 -5.969
12786 	 -6.131
12790 	 -6.155
12798 	 -6.241
12814 	 -6.239
12826 	 -6.364
12840 	 -6.235
12874 	 -6.183
12882 	 -6.162
12890 	 -6.825
12900 	 -6.977
12904 	 -6.981
12908 	 -6.836
12918 	 -7.678
12920 	 -7.588
12922 	 -7.599
12924 	 -7.527
12934 	 -7.609
12942 	 -7.641
12952 	 -7.507
12954 	 -7.537
12964 	 -7.429
12972 	 -7.382
12974 	 -7.396
12976 	 -7.002
12980 	 -6.837
12984 	 -6.795
12990 	 -7.362
12996 	 -7.346
12998 	 -7.199
13002 	 -7.486
13004 	 -7.416
13008 	 -6.976
13012 	 -6.982
13016 	 -6.881
13022 	 -6.901
13026 	 -6.933
13028 	 -6.983
13036 	 -6.855
13042 	 -6.836
13044 	 -6.894
13054 	 -6.919
13056 	 -6.977
13062 	 -6.874
13068 	 -6.755
13072 	 -6.693
13074 	 -6.638
13076 	 -6.598
13078 	 -6.596
13080 	 -6.282
13084 	 -6.306
13086 	 -6.101
13102 	 -6.096
13104 	 -5.925
13110 	 -5.842
13114 	 -5.795
13122 	 -5.82
13130 	 -5.756
13140 	 -5.92
13148 	 -6.518
13150 	 -6.794
13156 	 -6.573
13162 	 -6.676
13174 	 -6.756
13176 	 -6.631
13182 	 -6.727
13194 	 -6.724
13200 	 -6.619
13204 	 -6.541
13206 	 -6.569
13214 	 -6.56
13216 	 -6.551
13220 	 -6.542
13224 	 -6.561
13228 	 -6.587
13230 	 -6.365
13232 	 -6.337
13234 	 -6.335
13244 	 -6.243
13248 	 -6.206
13254 	 -6.235
13256 	 -6.232
13262 	 -6.208
13280 	 -6.124
13282 	 -5.122
13288 	 -5.112
13290 	 -5.095
13292 	 -5.049
13302 	 -5.052
13304 	 -5.119
13312 	 -5.177
13320 	 -5.287
13322 	 -5.133
13328 	 -5.292
13330 	 -5.199
13336 	 -5.174
13340 	 -4.78
13346 	 -4.966
13360 	 -4.921
13362 	 -4.979
13364 	 -5.163
13372 	 -5.151
13380 	 -5.307
13388 	 -5.301
13392 	 -5.284
13394 	 -5.281
13402 	 -5.269
13406 	 -5.266
13408 	 -5.38
13414 	 -4.919
13428 	 -4.93
13432 	 -4.965
13434 	 -5.043
13442 	 -4.989
13444 	 -4.968
13454 	 -4.967
13458 	 -5.191
13464 	 -5.06
13472 	 -5.68
13476 	 -5.799
13490 	 -5.763
13492 	 -5.741
13498 	 -5.704
13508 	 -5.702
13512 	 -5.685
13514 	 -5.676
13516 	 -5.535
13518 	 -4.362
13526 	 -4.249
13534 	 -4.237
13536 	 -4.223
13540 	 -4.208
13542 	 -4.204
13544 	 -4.11
13546 	 -3.09
13548 	 -2.961
13550 	 -2.994
13562 	 -2.864
13564 	 -2.94
13566 	 -2.93
13570 	 -2.87
13590 	 -2.803
13592 	 -2.701
13598 	 -2.766
13606 	 -2.76
13610 	 -2.717
13618 	 -2.703
13622 	 -2.73
13632 	 -2.786
13636 	 -2.835
13648 	 -2.819
13652 	 -2.677
13654 	 -2.675
13658 	 -2.463
13660 	 -2.545
13670 	 -2.59
13684 	 -2.611
13686 	 -2.606
13736 	 -2.591
13744 	 -2.25
13754 	 -2.236
13790 	 -2.232
13800 	 -2.274
13806 	 -2.343
13812 	 -2.471
13814 	 -2.429
13822 	 -2.415
13844 	 -2.402
13848 	 -2.387
13858 	 -2.385
13860 	 -2.378
13864 	 -2.255
13878 	 -2.38
13882 	 -2.375
13884 	 -2.427
13892 	 -2.4
13900 	 -2.392
13902 	 -2.339
13910 	 -2.323
13912 	 -2.317
13944 	 -2.347
13950 	 -2.333
13954 	 -2.057
13960 	 -2.054
13974 	 -2.117
13978 	 -2.116
13984 	 -2.12
13996 	 -2.119
14002 	 -2.148
14012 	 -2.133
14022 	 -1.826
14032 	 -1.748
14034 	 -1.767
14036 	 -1.948
14038 	 -1.945
14040 	 -2.018
14066 	 -2.026
14070 	 -2.032
14072 	 -2.096
14106 	 -2.145
14108 	 -2.14
14114 	 -2.28
14116 	 -2.257
14136 	 -2.338
14138 	 -2.505
14164 	 -2.501
14174 	 -2.421
14182 	 -2.419
14188 	 -2.522
14190 	 -2.52
14200 	 -2.438
14214 	 -2.484
14216 	 -2.278
14228 	 -2.253
14232 	 -2.216
14236 	 -2.241
14246 	 -2.493
14250 	 -2.496
14252 	 -2.486
14260 	 -2.245
14268 	 -2.139
14274 	 -2.33
14278 	 -2.329
14286 	 -2.249
14296 	 -2.187
14300 	 -2.327
14308 	 -2.303
14314 	 -2.156
14318 	 -2.154
14320 	 -2.115
14326 	 -1.977
14340 	 -1.937
14348 	 -1.82
14354 	 -1.625
14374 	 -1.432
14384 	 -1.421
14386 	 -1.388
14388 	 -1.369
14390 	 -1.352
14400 	 -1.453
14410 	 -1.404
14418 	 -1.403
14426 	 -0.97
14438 	 -0.917
14450 	 -0.903
14456 	 -0.892
14458 	 -0.847
14478 	 -0.858
14488 	 -0.844
14496 	 -0.766
14522 	 -0.417
14530 	 -0.413
14540 	 -0.411
14550 	 -0.41
14564 	 -0.358
14594 	 -0.357
14620 	 -0.356
14678 	 -0.308
14690 	 -0.296
14698 	 -0.288
14734 	 -0.274
15000 	 -1.417
15024 	 -1.537
15050 	 -1.921
15078 	 -2.113
15112 	 -1.951
15158 	 -1.808
15186 	 -1.471
15216 	 -0.895
15232 	 -0.719
15250 	 -0.713
15262 	 -0.569
15292 	 -0.568
15294 	 -0.567
15310 	 -0.588
15336 	 -0.737
15342 	 -0.734
15356 	 -0.819
15360 	 -0.816
15374 	 -0.626
15400 	 -0.379
15422 	 -0.299
15456 	 -0.168
15486 	 -0.071
15558 	 -0.036
15808 	 -0.035
15864 	 -0.031
15904 	 -0.023
15906 	 -0.022
15930 	 -0.021
16000 	 -0.018
16388 	 -0.012
18000 	 -2.128
18020 	 -2.209
18042 	 -2.593
18064 	 -2.561
18088 	 -1.897
18120 	 -1.279
18154 	 -1.272
18180 	 -1.008
18190 	 -0.935
18234 	 -0.802
18262 	 -0.709
18296 	 -0.922
18328 	 -1.044
18342 	 -1.074
18360 	 -0.997
18368 	 -0.844
18384 	 -0.851
18402 	 -0.672
18420 	 -0.355
18426 	 -0.311
18434 	 -0.252
18448 	 -0.082
18472 	 -0.067
18552 	 -0.004
18864 	 0
21000 	 -1.44
21001 	 -1.44
