0 	 0
3000 	 -1.376
3024 	 -1.496
3050 	 -1.88
3062 	 -2.472
3078 	 -3.176
3112 	 -3.62
3158 	 -3.808
3164 	 -3.728
3186 	 -2.828
3198 	 -2.688
3216 	 -1.912
3232 	 -1.736
3238 	 -1.364
3262 	 -0.608
3296 	 -0.264
3400 	 -0.024
3636 	 -0.008
3904 	 0
6000 	 -2.478
6020 	 -2.638
6042 	 -3.286
6064 	 -3.582
6088 	 -3.11
6120 	 -2.686
6138 	 -2.872
6154 	 -3.312
6180 	 -3.048
6190 	 -3.516
6198 	 -3.5
6234 	 -3.9
6284 	 -4.203
6296 	 -4.179
6346 	 -4.159
6360 	 -2.871
6374 	 -2.271
6376 	 -1.719
6424 	 -1.319
6444 	 -0.761
6504 	 -0.637
6506 	 -0.613
6552 	 -0.501
6634 	 -0.359
6704 	 -0.331
6710 	 -0.307
6726 	 -0.295
6728 	 -0.267
6782 	 -0.263
6894 	 -0.165
6990 	 -0.145
6994 	 -0.125
7002 	 -0.093
7272 	 -0.089
7278 	 -0.085
7290 	 -0.073
7324 	 -0.025
9000 	 -1.433
9024 	 -1.537
9050 	 -2.497
9078 	 -3.177
9112 	 -3.761
9158 	 -3.713
9162 	 -3.797
9174 	 -3.705
9186 	 -2.857
9216 	 -3.589
9232 	 -3.413
9238 	 -3.801
9262 	 -1.973
9268 	 -1.305
9298 	 -0.417
9304 	 -0.413
9306 	 -0.409
9334 	 -0.277
9400 	 -0.025
9660 	 -0.009
9904 	 -0.001
12000 	 -2.128
12004 	 -2.441
12006 	 -3.114
12008 	 -4.369
12010 	 -5.007
12012 	 -5.65
12016 	 -5.979
12020 	 -6.425
12028 	 -6.559
12040 	 -6.524
12042 	 -7
12054 	 -6.511
12064 	 -6.611
12070 	 -6.978
12074 	 -6.499
12088 	 -5.887
12100 	 -5.984
12102 	 -5.868
12120 	 -5.34
12130 	 -5.088
12140 	 -5.353
12154 	 -6.389
12160 	 -6.747
12164 	 -6.637
12178 	 -6.824
12180 	 -6.791
12182 	 -7.257
12186 	 -7.303
12190 	 -7.619
12198 	 -7.597
12200 	 -7.77
12206 	 -7.76
12208 	 -8.152
12212 	 -9.196
12228 	 -9.341
12230 	 -9.674
12234 	 -11.022
12246 	 -11.346
12252 	 -10.63
12254 	 -10.428
12256 	 -10.414
12264 	 -10.772
12266 	 -11.189
12274 	 -9.937
12276 	 -9.832
12282 	 -9.646
12286 	 -9.786
12290 	 -9.514
12296 	 -9.677
12304 	 -9.447
12310 	 -9.538
12312 	 -9.569
12314 	 -9.332
12322 	 -9.243
12324 	 -8.62
12330 	 -8.651
12332 	 -8.698
12334 	 -8.633
12338 	 -8.381
12344 	 -7.585
12350 	 -7.561
12352 	 -7.735
12354 	 -7.611
12358 	 -7.544
12360 	 -6.592
12368 	 -6.561
12372 	 -6.546
12376 	 -6.347
12380 	 -6.35
12382 	 -6.245
12386 	 -5.775
12392 	 -5.733
12394 	 -5.583
12402 	 -5.418
12404 	 -5.068
12406 	 -5.038
12410 	 -5.025
12412 	 -4.969
12420 	 -4.958
12436 	 -5.312
12437 	 -5.532
12438 	 -5.144
12440 	 -5.286
12444 	 -5.339
12448 	 -5.355
12452 	 -5.582
12454 	 -5.459
12460 	 -5.376
12466 	 -5.944
12472 	 -5.871
12476 	 -6.091
12480 	 -6.133
12484 	 -6.076
12494 	 -6.21
12498 	 -6.237
12502 	 -6.229
12508 	 -6.22
12516 	 -6.393
12520 	 -6.363
12526 	 -6.285
12532 	 -6.253
12540 	 -6.481
12544 	 -6.42
12550 	 -6.417
12552 	 -6.297
12562 	 -6.357
12564 	 -6.519
12566 	 -6.477
12576 	 -6.453
12578 	 -6.439
12582 	 -6.224
12586 	 -6.22
12590 	 -6.099
12594 	 -6.252
12604 	 -6.242
12618 	 -6.084
12624 	 -5.438
12626 	 -5.619
12630 	 -6.09
12638 	 -6.086
12640 	 -6.143
12642 	 -6.124
12644 	 -6.164
12648 	 -6.199
12658 	 -6.066
12662 	 -6.12
12664 	 -6
12668 	 -6.454
12672 	 -6.442
12686 	 -6.742
12706 	 -6.97
12710 	 -6.966
12712 	 -6.337
12722 	 -6.183
12730 	 -5.959
12742 	 -5.869
12748 	 -5.852
12752 	 -5.728
12758 	 -5.67
12768 	 -5.712
12770 	 -5.945
12774 	 -6.065
12776 	 -6.048
12782 	 -5.956
12784 	 -5.987
12786 	 -5.98
12790 	 -5.807
12796 	 -5.914
12806 	 -5.911
12818 	 -6.109
12820 	 -6.228
12830 	 -6.143
12840 	 -6.399
12844 	 -6.454
12872 	 -6.426
12874 	 -6.404
12886 	 -6.403
12894 	 -6.32
12906 	 -6.394
12908 	 -6.288
12914 	 -6.304
12920 	 -6.214
12924 	 -6.492
12934 	 -6.417
12938 	 -7.307
12942 	 -7.339
12954 	 -7.27
12956 	 -7.542
12964 	 -7.652
12966 	 -7.599
12972 	 -7.552
12978 	 -7.493
12982 	 -7.625
12990 	 -7.619
12994 	 -7.982
12996 	 -7.728
13004 	 -7.654
13006 	 -7.618
13008 	 -7.604
13010 	 -7.38
13012 	 -7.634
13016 	 -7.362
13022 	 -7.418
13028 	 -7.392
13030 	 -7.617
13042 	 -7.625
13044 	 -8.021
13050 	 -8.145
13058 	 -7.989
13068 	 -6.919
13074 	 -7.069
13078 	 -7.067
13080 	 -6.753
13086 	 -6.821
13088 	 -7.142
13092 	 -7.063
13094 	 -7.143
13098 	 -7.089
13102 	 -7.084
13106 	 -7
13110 	 -7.031
13112 	 -7.103
13114 	 -7.056
13120 	 -7.055
13126 	 -6.913
13150 	 -6.746
13152 	 -6.785
13158 	 -6.879
13160 	 -6.891
13168 	 -6.884
13170 	 -6.898
13176 	 -6.968
13178 	 -7.667
13182 	 -7.666
13184 	 -7.672
13186 	 -7.825
13188 	 -7.711
13194 	 -7.539
13206 	 -7.487
13210 	 -7.453
13212 	 -7.576
13216 	 -7.457
13220 	 -7.503
13222 	 -7.602
13230 	 -7.453
13234 	 -7.451
13238 	 -7.416
13242 	 -7.145
13248 	 -6.934
13252 	 -6.806
13258 	 -6.911
13264 	 -6.882
13270 	 -6.912
13278 	 -6.921
13282 	 -6.878
13284 	 -6.959
13290 	 -6.915
13292 	 -6.796
13294 	 -6.59
13300 	 -6.357
13302 	 -6.589
13306 	 -6.565
13308 	 -6.515
13312 	 -6.193
13314 	 -5.948
13318 	 -5.841
13322 	 -5.802
13326 	 -5.853
13328 	 -5.776
13340 	 -5.288
13346 	 -5.188
13350 	 -5.139
13360 	 -5.094
13372 	 -5.043
13374 	 -4.95
13380 	 -4.935
13388 	 -4.929
13392 	 -5.073
13394 	 -5.071
13402 	 -5.052
13410 	 -5.177
13414 	 -5.428
13416 	 -5.36
13426 	 -5.482
13442 	 -5.335
13448 	 -5.228
13454 	 -5.227
13458 	 -5.432
13462 	 -5.847
13476 	 -5.823
13484 	 -5.809
13488 	 -5.688
13490 	 -5.602
13494 	 -5.679
13496 	 -5.676
13504 	 -5.702
13508 	 -5.559
13512 	 -5.869
13514 	 -5.86
13516 	 -6.021
13524 	 -6.143
13528 	 -6.105
13530 	 -6.032
13532 	 -5.943
13534 	 -5.79
13542 	 -5.786
13546 	 -5.522
13548 	 -5.502
13554 	 -5.135
13558 	 -5.298
13560 	 -5.19
13566 	 -4.989
13568 	 -4.953
13570 	 -4.979
13572 	 -4.837
13582 	 -4.867
13586 	 -4.818
13588 	 -4.799
13592 	 -4.739
13594 	 -4.677
13600 	 -4.865
13608 	 -4.948
13616 	 -4.993
13618 	 -4.979
13634 	 -4.848
13636 	 -4.891
13638 	 -4.868
13654 	 -4.853
13658 	 -4.488
13660 	 -4.458
13670 	 -4.531
13680 	 -4.515
13700 	 -4.612
13712 	 -4.687
13718 	 -4.704
13728 	 -4.734
13732 	 -4.7
13744 	 -4.177
13756 	 -4.168
13764 	 -4.137
13774 	 -4.261
13778 	 -3.888
13788 	 -3.718
13792 	 -3.746
13806 	 -3.672
13814 	 -3.644
13822 	 -3.629
13824 	 -3.609
13832 	 -3.442
13844 	 -3.429
13848 	 -3.428
13860 	 -3.385
13862 	 -3.379
13874 	 -3.42
13878 	 -3.436
13880 	 -3.354
13888 	 -3.397
13890 	 -3.506
13896 	 -3.405
13900 	 -3.397
13902 	 -3.344
13906 	 -3.32
13912 	 -3.314
13916 	 -3.24
13942 	 -3.218
13946 	 -3.336
13972 	 -3.312
13978 	 -3.311
13984 	 -3.606
13992 	 -3.604
14006 	 -3.431
14010 	 -3.215
14012 	 -3.018
14020 	 -3.004
14024 	 -2.981
14028 	 -2.944
14032 	 -2.866
14042 	 -2.812
14046 	 -2.814
14050 	 -2.682
14052 	 -2.633
14056 	 -2.63
14058 	 -2.613
14064 	 -2.609
14066 	 -2.559
14074 	 -2.331
14090 	 -2.283
14098 	 -2.267
14102 	 -2.22
14108 	 -2.215
14116 	 -2.192
14128 	 -2.148
14152 	 -2.142
14156 	 -2.126
14160 	 -2.064
14168 	 -2.038
14192 	 -1.791
14198 	 -1.783
14200 	 -1.837
14210 	 -1.792
14212 	 -1.748
14228 	 -1.957
14230 	 -1.883
14238 	 -1.872
14262 	 -1.735
14264 	 -1.707
14280 	 -2.04
14288 	 -2.146
14312 	 -2.093
14314 	 -2.08
14316 	 -2.068
14318 	 -2.206
14326 	 -2.205
14342 	 -2.201
14358 	 -2.588
14380 	 -2.682
14388 	 -2.761
14410 	 -2.759
14424 	 -2.709
14426 	 -2.743
14438 	 -2.615
14450 	 -2.666
14452 	 -2.297
14472 	 -2.296
14474 	 -2.224
14476 	 -2.354
14480 	 -2.34
14492 	 -3.016
14498 	 -2.893
14512 	 -3.062
14516 	 -3.045
14518 	 -3.005
14528 	 -2.954
14532 	 -3.232
14536 	 -2.998
14544 	 -2.836
14548 	 -2.79
14562 	 -2.647
14564 	 -2.579
14566 	 -2.719
14568 	 -2.687
14572 	 -2.575
14576 	 -2.502
14584 	 -2.51
14590 	 -2.73
14592 	 -2.612
14614 	 -2.455
14616 	 -2.418
14618 	 -2.342
14624 	 -2.235
14626 	 -2.228
14634 	 -2.34
14636 	 -2.262
14644 	 -2.629
14654 	 -2.199
14668 	 -2.194
14672 	 -2.475
14682 	 -2.498
14694 	 -2.424
14706 	 -2.389
14714 	 -2.341
14720 	 -1.644
14732 	 -1.533
14738 	 -1.477
14742 	 -1.53
14752 	 -1.556
14766 	 -1.399
14770 	 -1.36
14774 	 -1.29
14784 	 -1.231
14790 	 -1.094
14814 	 -1.002
14818 	 -0.853
14828 	 -0.843
14842 	 -1.201
14848 	 -1.172
14860 	 -1.09
14888 	 -1.197
14898 	 -1.151
14922 	 -0.968
14938 	 -0.784
15000 	 -1.567
15024 	 -1.688
15050 	 -2.36
15078 	 -2.802
15112 	 -3.04
15116 	 -3.033
15126 	 -2.961
15158 	 -2.883
15162 	 -2.924
15174 	 -2.876
15186 	 -2.262
15216 	 -2.477
15232 	 -2.301
15238 	 -2.429
15250 	 -2.425
15262 	 -1.531
15268 	 -1.359
15280 	 -1.35
15282 	 -1.086
15298 	 -0.739
15308 	 -0.758
15334 	 -0.902
15342 	 -0.899
15346 	 -0.847
15352 	 -0.828
15354 	 -0.928
15360 	 -0.925
15372 	 -0.746
15400 	 -0.418
15420 	 -0.33
15456 	 -0.32
15460 	 -0.177
15486 	 -0.175
15490 	 -0.102
15534 	 -0.078
15580 	 -0.059
15660 	 -0.053
15840 	 -0.037
15892 	 -0.035
15904 	 -0.027
15940 	 -0.026
16000 	 -0.024
16252 	 -0.022
16388 	 -0.016
16452 	 -0.015
18000 	 -2.128
18020 	 -2.227
18042 	 -2.675
18064 	 -2.729
18088 	 -2.111
18120 	 -1.491
18154 	 -2.168
18180 	 -1.904
18190 	 -2.225
18234 	 -2.958
18252 	 -2.942
18262 	 -2.848
18270 	 -2.202
18278 	 -2.16
18286 	 -2.066
18296 	 -2.256
18316 	 -2.286
18328 	 -2.408
18336 	 -2.174
18342 	 -2.17
18348 	 -1.776
18360 	 -1.201
18368 	 -1.048
18384 	 -1.055
18402 	 -0.724
18420 	 -0.407
18426 	 -0.363
18434 	 -0.304
18448 	 -0.134
18472 	 -0.119
18552 	 -0.012
18864 	 -0.008
19002 	 0
21000 	 -1.44
21001 	 -1.44
