0 	 0
3000 	 -1.376
3024 	 -1.496
3050 	 -1.88
3062 	 -2.472
3078 	 -3.176
3112 	 -3.62
3158 	 -3.808
3164 	 -3.728
3186 	 -2.828
3198 	 -2.688
3216 	 -1.912
3232 	 -1.736
3238 	 -1.364
3262 	 -0.608
3296 	 -0.264
3400 	 -0.024
3636 	 -0.008
3904 	 0
6000 	 -2.478
6020 	 -2.638
6042 	 -3.286
6064 	 -3.582
6088 	 -3.11
6120 	 -2.686
6138 	 -2.872
6154 	 -3.312
6180 	 -3.048
6190 	 -3.516
6198 	 -3.5
6234 	 -3.9
6284 	 -4.203
6296 	 -4.179
6346 	 -4.159
6360 	 -2.871
6374 	 -2.271
6376 	 -1.719
6424 	 -1.319
6444 	 -0.761
6504 	 -0.637
6506 	 -0.613
6552 	 -0.501
6634 	 -0.359
6704 	 -0.331
6710 	 -0.307
6726 	 -0.295
6728 	 -0.267
6782 	 -0.263
6894 	 -0.165
6990 	 -0.145
6994 	 -0.125
7002 	 -0.093
7272 	 -0.089
7278 	 -0.085
7290 	 -0.073
7324 	 -0.025
9000 	 -1.433
9024 	 -1.537
9050 	 -2.497
9078 	 -3.177
9112 	 -3.761
9158 	 -3.713
9162 	 -3.797
9174 	 -3.705
9186 	 -2.857
9216 	 -3.589
9232 	 -3.413
9238 	 -3.801
9262 	 -1.973
9268 	 -1.305
9298 	 -0.417
9304 	 -0.413
9306 	 -0.409
9334 	 -0.277
9400 	 -0.025
9660 	 -0.009
9904 	 -0.001
12000 	 -2.128
12004 	 -2.561
12006 	 -3.234
12008 	 -5.728
12010 	 -6.366
12012 	 -7.65
12016 	 -7.979
12020 	 -8.758
12028 	 -8.892
12040 	 -9.051
12042 	 -9.527
12054 	 -9.038
12064 	 -9.138
12070 	 -9.856
12074 	 -9.377
12086 	 -9.602
12088 	 -8.99
12100 	 -8.962
12102 	 -8.846
12114 	 -9.128
12120 	 -8.6
12130 	 -8.151
12132 	 -8.483
12140 	 -8.748
12152 	 -8.885
12154 	 -9.921
12164 	 -9.811
12178 	 -9.881
12180 	 -9.736
12182 	 -10.079
12184 	 -9.783
12186 	 -9.8
12188 	 -9.937
12190 	 -10.253
12192 	 -10.139
12200 	 -9.715
12206 	 -9.75
12208 	 -9.964
12210 	 -10.154
12212 	 -11.198
12226 	 -11.615
12228 	 -11.76
12230 	 -11.462
12234 	 -12.81
12236 	 -12.707
12242 	 -12.725
12248 	 -12.727
12252 	 -11.933
12254 	 -11.529
12264 	 -11.433
12266 	 -11.556
12272 	 -11.555
12274 	 -10.303
12276 	 -10.341
12282 	 -9.713
12290 	 -9.441
12296 	 -9.604
12302 	 -9.573
12304 	 -9.01
12310 	 -8.985
12320 	 -8.989
12322 	 -8.909
12324 	 -8.305
12328 	 -8.214
12330 	 -8.136
12332 	 -8.168
12338 	 -7.916
12344 	 -7.12
12350 	 -7.101
12354 	 -7.089
12356 	 -7.037
12358 	 -6.971
12360 	 -6.019
12370 	 -6.099
12382 	 -6.091
12384 	 -6.113
12386 	 -5.725
12404 	 -5.453
12412 	 -5.397
12420 	 -5.386
12436 	 -5.655
12438 	 -5.071
12440 	 -5.213
12444 	 -5.127
12452 	 -5.354
12456 	 -5.317
12460 	 -5.234
12464 	 -5.185
12466 	 -5.65
12472 	 -5.577
12476 	 -5.705
12480 	 -5.56
12494 	 -5.521
12502 	 -5.969
12508 	 -5.96
12510 	 -5.846
12514 	 -6.098
12516 	 -6.048
12520 	 -6.018
12526 	 -5.94
12532 	 -5.922
12534 	 -6.064
12536 	 -6.06
12544 	 -5.999
12550 	 -5.8
12552 	 -5.68
12562 	 -5.195
12564 	 -5.363
12566 	 -5.321
12568 	 -5.311
12570 	 -5.366
12578 	 -5.339
12586 	 -5.173
12590 	 -5.022
12604 	 -5.007
12610 	 -5.153
12614 	 -5.062
12618 	 -4.813
12626 	 -4.994
12630 	 -5.502
12638 	 -5.498
12650 	 -5.557
12652 	 -5.695
12656 	 -5.687
12660 	 -5.682
12670 	 -5.642
12680 	 -5.678
12682 	 -5.722
12706 	 -5.95
12710 	 -5.946
12712 	 -5.266
12736 	 -5.304
12740 	 -5.302
12748 	 -5.285
12758 	 -5.283
12764 	 -5.734
12768 	 -5.776
12770 	 -6.009
12780 	 -6.625
12782 	 -6.69
12786 	 -6.644
12794 	 -6.75
12796 	 -6.968
12814 	 -7.16
12818 	 -7.325
12826 	 -7.371
12832 	 -7.682
12836 	 -7.408
12840 	 -7.395
12846 	 -7.236
12848 	 -7.466
12850 	 -7.332
12852 	 -7.481
12856 	 -7.423
12870 	 -7.441
12874 	 -7.197
12878 	 -6.578
12882 	 -6.575
12888 	 -6.461
12902 	 -6.221
12908 	 -5.934
12918 	 -5.909
12920 	 -5.819
12922 	 -5.786
12924 	 -5.751
12928 	 -6.162
12934 	 -6.041
12942 	 -6.073
12944 	 -6.104
12948 	 -6.19
12952 	 -6.039
12954 	 -5.97
12964 	 -5.928
12970 	 -5.923
12972 	 -5.876
12978 	 -5.83
12984 	 -5.798
12990 	 -5.818
12992 	 -5.87
12994 	 -5.805
12996 	 -5.802
13000 	 -5.947
13004 	 -5.787
13006 	 -6.103
13008 	 -6.316
13018 	 -6.314
13024 	 -6.155
13026 	 -6.287
13028 	 -6.416
13030 	 -6.461
13032 	 -6.678
13038 	 -6.691
13042 	 -6.819
13044 	 -7.167
13056 	 -7.125
13058 	 -7.686
13060 	 -7.746
13062 	 -7.806
13066 	 -7.661
13068 	 -7.542
13074 	 -7.397
13078 	 -7.395
13080 	 -7.075
13084 	 -7.073
13086 	 -7.12
13096 	 -6.8
13102 	 -6.795
13104 	 -5.725
13108 	 -5.745
13112 	 -5.731
13114 	 -5.425
13120 	 -5.383
13124 	 -5.438
13126 	 -5.417
13130 	 -5.53
13136 	 -5.258
13150 	 -5.19
13156 	 -5.396
13160 	 -5.367
13164 	 -5.156
13174 	 -5.098
13178 	 -5.095
13180 	 -5.209
13186 	 -5.327
13202 	 -5.294
13206 	 -5.534
13220 	 -5.525
13234 	 -5.523
13240 	 -5.575
13248 	 -5.086
13250 	 -5.178
13254 	 -5.305
13258 	 -5.303
13290 	 -5.286
13294 	 -5.604
13296 	 -5.688
13314 	 -5.58
13322 	 -5.785
13340 	 -5.279
13346 	 -5.311
13350 	 -5.434
13352 	 -5.466
13354 	 -5.581
13360 	 -5.645
13368 	 -5.523
13370 	 -5.545
13372 	 -5.533
13374 	 -5.599
13378 	 -5.308
13386 	 -5.307
13388 	 -5.19
13390 	 -5.085
13394 	 -5.082
13402 	 -5.062
13404 	 -5.055
13408 	 -4.917
13414 	 -4.536
13432 	 -4.519
13442 	 -4.301
13446 	 -4.348
13450 	 -4.335
13456 	 -4.201
13474 	 -4.274
13480 	 -4.241
13482 	 -4.202
13490 	 -4.112
13496 	 -4.087
13500 	 -4.198
13508 	 -4.244
13514 	 -4.235
13528 	 -4.233
13530 	 -4.23
13538 	 -4.266
13542 	 -4.336
13544 	 -4.328
13546 	 -4.186
13550 	 -4.26
13552 	 -4.242
13564 	 -4.224
13570 	 -4.462
13592 	 -4.377
13618 	 -4.363
13648 	 -4.195
13654 	 -4.191
13658 	 -4.087
13688 	 -3.958
13692 	 -4.109
13708 	 -4.104
13722 	 -4.07
13726 	 -4.069
13732 	 -4.133
13744 	 -3.639
13756 	 -3.685
13776 	 -3.533
13778 	 -3.243
13790 	 -3.216
13792 	 -3.211
13794 	 -3.205
13798 	 -3.193
13812 	 -2.98
13814 	 -2.938
13826 	 -2.93
13830 	 -2.828
13832 	 -2.766
13834 	 -2.85
13840 	 -2.772
13844 	 -2.743
13846 	 -2.697
13848 	 -2.686
13858 	 -2.684
13861 	 -2.683
13864 	 -2.638
13870 	 -2.59
13874 	 -2.575
13886 	 -2.568
13892 	 -2.45
13894 	 -2.429
13896 	 -2.419
13900 	 -2.383
13902 	 -2.157
13912 	 -2.151
13922 	 -2.094
13932 	 -2.091
13934 	 -1.846
13942 	 -1.985
13950 	 -1.939
13966 	 -1.883
13978 	 -1.849
13984 	 -1.585
14002 	 -1.545
14012 	 -1.495
14026 	 -1.256
14032 	 -1.151
14042 	 -1.143
14056 	 -1.094
14058 	 -1.042
14070 	 -1.03
14074 	 -0.901
14084 	 -0.877
14096 	 -0.876
14102 	 -0.837
14108 	 -0.827
14182 	 -0.823
14200 	 -0.785
14218 	 -0.756
14244 	 -0.754
14248 	 -0.751
14254 	 -0.846
14318 	 -0.844
14322 	 -0.813
14326 	 -0.812
14358 	 -1.369
14384 	 -1.365
14398 	 -1.361
14426 	 -1.825
14442 	 -1.824
14480 	 -1.823
14484 	 -2.309
14504 	 -2.484
14516 	 -2.95
14518 	 -3.018
14524 	 -2.715
14556 	 -2.549
14580 	 -2.428
14588 	 -2.548
14595 	 -2.926
14598 	 -3.005
14606 	 -3.18
14610 	 -3.21
14620 	 -3.373
14638 	 -3.227
14648 	 -3.159
14652 	 -3.042
14656 	 -3.165
14662 	 -3.185
14666 	 -3.384
14672 	 -3.452
14678 	 -3.683
14688 	 -2.73
14690 	 -2.94
14692 	 -3.477
14696 	 -3.483
14702 	 -3.382
14704 	 -3.311
14706 	 -3.283
14708 	 -3.283
14712 	 -3.509
14714 	 -3.624
14718 	 -3.321
14730 	 -3.44
14734 	 -3.877
14738 	 -3.738
14740 	 -4.128
14742 	 -3.636
14744 	 -3.56
14748 	 -3.625
14766 	 -3.54
14768 	 -3.302
14782 	 -3.279
14784 	 -3.332
14786 	 -3.417
14788 	 -3.359
14792 	 -3.128
14798 	 -3.109
14804 	 -2.991
14810 	 -2.804
14812 	 -2.601
14814 	 -2.483
14824 	 -2.426
14830 	 -2.575
14838 	 -2.384
14842 	 -2.154
14854 	 -2.322
14868 	 -2.162
14874 	 -1.996
14878 	 -1.907
14884 	 -1.895
14886 	 -1.899
14896 	 -1.974
14904 	 -1.959
14908 	 -1.948
14918 	 -1.916
14922 	 -1.802
14936 	 -1.8
14944 	 -1.689
14946 	 -1.666
14950 	 -1.672
14954 	 -1.567
14966 	 -1.559
14974 	 -1.451
15000 	 -1.728
15022 	 -1.606
15024 	 -1.737
15050 	 -2.248
15078 	 -2.572
15110 	 -2.531
15112 	 -2.549
15118 	 -2.554
15136 	 -2.576
15144 	 -2.588
15158 	 -2.697
15162 	 -2.718
15168 	 -2.717
15172 	 -2.71
15174 	 -2.686
15186 	 -2.424
15216 	 -2.252
15230 	 -2.241
15232 	 -2.047
15238 	 -2.111
15250 	 -2.105
15262 	 -2.341
15268 	 -2.221
15276 	 -2.21
15282 	 -2.078
15286 	 -2.042
15298 	 -1.868
15308 	 -2.033
15310 	 -2.027
15334 	 -2.565
15342 	 -2.562
15346 	 -2.536
15348 	 -2.534
15354 	 -2.803
15356 	 -2.881
15360 	 -2.878
15372 	 -2.701
15374 	 -2.272
15376 	 -2.07
15396 	 -2.059
15400 	 -1.419
15422 	 -1.062
15440 	 -1.059
15458 	 -0.929
15460 	 -0.79
15462 	 -0.506
15486 	 -0.504
15488 	 -0.423
15490 	 -0.336
15492 	 -0.261
15494 	 -0.187
15532 	 -0.152
15574 	 -0.123
15582 	 -0.075
15640 	 -0.064
15642 	 -0.062
15654 	 -0.061
15660 	 -0.058
15696 	 -0.043
15904 	 -0.035
15916 	 -0.032
15942 	 -0.029
16000 	 -0.026
16030 	 -0.022
16040 	 -0.018
16086 	 -0.016
16388 	 -0.01
18000 	 -2.128
18020 	 -2.245
18042 	 -2.757
18064 	 -2.888
18088 	 -2.367
18120 	 -1.886
18154 	 -2.464
18180 	 -2.2
18190 	 -2.729
18234 	 -3.326
18252 	 -3.318
18262 	 -2.943
18270 	 -2.62
18278 	 -2.599
18286 	 -2.552
18296 	 -3.827
18316 	 -3.842
18328 	 -4.33
18336 	 -4.213
18342 	 -4.316
18348 	 -4.119
18360 	 -3.994
18368 	 -3.382
18384 	 -3.41
18402 	 -2.618
18420 	 -1.35
18426 	 -1.174
18434 	 -0.938
18448 	 -0.258
18472 	 -0.198
18552 	 -0.02
18864 	 -0.004
19002 	 0
21000 	 -1.44
21001 	 -1.44
