0 	 0
3000 	 -1.376
3024 	 -1.496
3050 	 -1.88
3062 	 -2.472
3078 	 -3.176
3112 	 -3.62
3158 	 -3.808
3164 	 -3.728
3186 	 -2.828
3198 	 -2.688
3216 	 -1.912
3232 	 -1.736
3238 	 -1.364
3262 	 -0.608
3296 	 -0.264
3400 	 -0.024
3636 	 -0.008
3904 	 0
6000 	 -2.478
6020 	 -2.638
6042 	 -3.286
6064 	 -3.582
6088 	 -3.11
6120 	 -2.686
6138 	 -2.872
6154 	 -3.312
6180 	 -3.048
6190 	 -3.516
6198 	 -3.5
6234 	 -3.9
6284 	 -4.203
6296 	 -4.179
6346 	 -4.159
6360 	 -2.871
6374 	 -2.271
6376 	 -1.719
6424 	 -1.319
6444 	 -0.761
6504 	 -0.637
6506 	 -0.613
6552 	 -0.501
6634 	 -0.359
6704 	 -0.331
6710 	 -0.307
6726 	 -0.295
6728 	 -0.267
6782 	 -0.263
6894 	 -0.165
6990 	 -0.145
6994 	 -0.125
7002 	 -0.093
7272 	 -0.089
7278 	 -0.085
7290 	 -0.073
7324 	 -0.025
9000 	 -1.433
9024 	 -1.537
9050 	 -2.497
9078 	 -3.177
9112 	 -3.761
9158 	 -3.713
9162 	 -3.797
9174 	 -3.705
9186 	 -2.857
9216 	 -3.589
9232 	 -3.413
9238 	 -3.801
9262 	 -1.973
9268 	 -1.305
9298 	 -0.417
9304 	 -0.413
9306 	 -0.409
9334 	 -0.277
9400 	 -0.025
9660 	 -0.009
9904 	 -0.001
12000 	 -2.128
12004 	 -2.441
12006 	 -3.114
12008 	 -4.369
12010 	 -5.007
12012 	 -5.65
12016 	 -5.979
12020 	 -6.425
12028 	 -6.559
12040 	 -6.524
12042 	 -7
12054 	 -6.511
12064 	 -6.611
12070 	 -6.978
12074 	 -6.499
12088 	 -5.887
12100 	 -5.984
12102 	 -5.868
12120 	 -5.34
12130 	 -5.088
12140 	 -5.353
12154 	 -6.389
12160 	 -6.747
12164 	 -6.637
12178 	 -6.848
12180 	 -6.815
12182 	 -7.281
12186 	 -7.327
12190 	 -7.643
12198 	 -7.621
12200 	 -7.775
12206 	 -7.765
12208 	 -8.157
12212 	 -9.201
12228 	 -9.346
12230 	 -9.634
12234 	 -10.982
12246 	 -11.344
12252 	 -10.628
12254 	 -10.426
12256 	 -10.434
12264 	 -10.762
12266 	 -11.179
12274 	 -9.927
12276 	 -9.901
12282 	 -9.715
12286 	 -9.712
12288 	 -9.812
12290 	 -9.54
12296 	 -9.703
12304 	 -9.473
12310 	 -9.501
12312 	 -9.466
12314 	 -9.276
12322 	 -9.187
12324 	 -8.645
12330 	 -8.676
12332 	 -8.708
12334 	 -8.623
12338 	 -8.371
12344 	 -7.575
12350 	 -7.551
12352 	 -7.728
12354 	 -7.632
12358 	 -7.527
12360 	 -6.575
12372 	 -6.56
12376 	 -6.325
12380 	 -6.328
12382 	 -6.159
12386 	 -5.69
12390 	 -5.792
12392 	 -5.722
12394 	 -5.572
12402 	 -5.447
12404 	 -5.097
12406 	 -5.067
12410 	 -5.169
12412 	 -5.102
12420 	 -5.091
12436 	 -5.443
12437 	 -5.663
12438 	 -5.002
12440 	 -5.144
12444 	 -5.196
12452 	 -5.423
12460 	 -5.34
12466 	 -6.049
12468 	 -6.041
12472 	 -5.968
12476 	 -6.273
12480 	 -6.315
12488 	 -6.24
12494 	 -6.201
12498 	 -6.409
12508 	 -6.4
12516 	 -6.573
12520 	 -6.543
12526 	 -6.465
12540 	 -6.503
12544 	 -6.442
12550 	 -6.455
12552 	 -6.335
12562 	 -6.291
12564 	 -6.453
12566 	 -6.411
12576 	 -6.387
12578 	 -6.382
12584 	 -6.448
12586 	 -6.483
12588 	 -6.187
12590 	 -6.066
12594 	 -6.216
12604 	 -6.055
12610 	 -6.051
12612 	 -6.039
12618 	 -5.998
12624 	 -5.469
12626 	 -5.65
12630 	 -6.121
12638 	 -6.237
12646 	 -6.296
12648 	 -6.327
12656 	 -6.399
12660 	 -6.434
12664 	 -6.314
12668 	 -6.673
12672 	 -6.661
12678 	 -7.001
12706 	 -7.229
12710 	 -7.225
12712 	 -6.361
12722 	 -6.252
12730 	 -6.017
12736 	 -6.006
12742 	 -5.838
12748 	 -5.821
12752 	 -5.7
12758 	 -5.698
12766 	 -5.88
12768 	 -5.922
12770 	 -6.155
12776 	 -6.101
12782 	 -5.987
12812 	 -6.065
12816 	 -6.324
12818 	 -6.206
12822 	 -6.35
12840 	 -6.573
12846 	 -6.403
12860 	 -6.444
12866 	 -6.56
12870 	 -6.601
12874 	 -6.569
12894 	 -6.494
12898 	 -6.449
12902 	 -6.62
12908 	 -6.256
12920 	 -6.339
12924 	 -6.374
12938 	 -6.561
12942 	 -6.593
12946 	 -7.103
12948 	 -7.572
12954 	 -7.682
12964 	 -7.88
12968 	 -8.136
12972 	 -8.089
12990 	 -8.072
12992 	 -8.041
12996 	 -8.025
13002 	 -7.503
13004 	 -7.585
13006 	 -7.986
13008 	 -7.998
13016 	 -8.33
13018 	 -8.355
13020 	 -8.588
13024 	 -8.372
13026 	 -8.217
13028 	 -8.198
13030 	 -8.208
13032 	 -8.178
13042 	 -8.159
13044 	 -8.528
13046 	 -8.277
13050 	 -8.333
13054 	 -8.424
13060 	 -8.282
13064 	 -8.147
13068 	 -7.876
13072 	 -7.628
13078 	 -7.535
13080 	 -7.144
13082 	 -7.12
13086 	 -7.212
13088 	 -7.21
13094 	 -7.237
13102 	 -6.928
13106 	 -7.042
13108 	 -7.187
13114 	 -7.151
13122 	 -7.118
13132 	 -7.116
13134 	 -7.205
13136 	 -6.997
13150 	 -6.798
13152 	 -6.847
13170 	 -6.711
13172 	 -7.041
13180 	 -7.084
13182 	 -7.083
13188 	 -7.342
13190 	 -7.701
13202 	 -7.91
13206 	 -7.94
13208 	 -8.118
13212 	 -7.871
13216 	 -7.817
13218 	 -7.724
13220 	 -7.715
13224 	 -7.781
13228 	 -7.745
13230 	 -7.815
13234 	 -7.813
13236 	 -7.823
13244 	 -7.868
13248 	 -7.059
13256 	 -7.041
13264 	 -6.935
13268 	 -6.979
13270 	 -7.353
13274 	 -7.533
13276 	 -6.671
13278 	 -6.679
13280 	 -7.015
13288 	 -6.986
13290 	 -6.907
13292 	 -6.791
13308 	 -6.637
13310 	 -6.399
13312 	 -6.328
13316 	 -6.405
13322 	 -6.405
13334 	 -6.182
13338 	 -6.064
13340 	 -5.565
13342 	 -5.546
13346 	 -5.545
13354 	 -5.432
13358 	 -5.412
13360 	 -5.367
13370 	 -5.34
13372 	 -5.328
13374 	 -4.82
13386 	 -4.777
13388 	 -4.819
13394 	 -4.817
13402 	 -4.84
13404 	 -4.751
13406 	 -4.619
13408 	 -4.6
13414 	 -4.938
13416 	 -5.339
13422 	 -5.405
13428 	 -5.359
13436 	 -5.266
13440 	 -5.402
13442 	 -5.199
13448 	 -5.178
13454 	 -5.241
13458 	 -5.176
13462 	 -5.205
13474 	 -5.289
13480 	 -5.12
13484 	 -5.106
13490 	 -5.184
13492 	 -5.112
13494 	 -5.163
13508 	 -4.191
13514 	 -4.182
13516 	 -4.074
13520 	 -4.118
13524 	 -4.11
13530 	 -3.909
13540 	 -3.828
13542 	 -3.826
13546 	 -3.628
13566 	 -3.639
13576 	 -3.567
13578 	 -3.235
13584 	 -3.531
13592 	 -3.485
13598 	 -3.483
13600 	 -3.406
13602 	 -3.446
13604 	 -3.717
13606 	 -3.711
13608 	 -3.698
13618 	 -3.684
13624 	 -3.714
13628 	 -3.791
13644 	 -3.766
13648 	 -3.764
13658 	 -3.638
13660 	 -3.633
13664 	 -3.448
13668 	 -3.441
13686 	 -3.42
13690 	 -3.305
13694 	 -3.079
13710 	 -2.946
13714 	 -2.944
13716 	 -3.045
13730 	 -2.98
13744 	 -2.205
13750 	 -2.281
13778 	 -2.188
13782 	 -2.199
13800 	 -2.234
13814 	 -2.206
13818 	 -2.144
13822 	 -1.892
13836 	 -1.722
13844 	 -1.709
13848 	 -1.708
13874 	 -1.351
13878 	 -1.481
13900 	 -1.473
13902 	 -1.42
13906 	 -1.412
13908 	 -1.378
13912 	 -1.372
13934 	 -1.118
13948 	 -1.099
13956 	 -1.09
13962 	 -1.08
13976 	 -0.964
13978 	 -0.963
13980 	 -0.942
13984 	 -0.846
13988 	 -0.84
13994 	 -0.791
14012 	 -0.781
14018 	 -0.772
14020 	 -0.77
14022 	 -0.736
14028 	 -0.735
14032 	 -0.657
14044 	 -0.598
14056 	 -0.59
14064 	 -0.572
14078 	 -0.56
14088 	 -0.559
14094 	 -0.558
14106 	 -0.557
14108 	 -0.552
14110 	 -0.537
14124 	 -0.532
14136 	 -0.529
14154 	 -0.523
14192 	 -0.51
14198 	 -0.5
14200 	 -0.444
14242 	 -0.441
14318 	 -0.439
14326 	 -0.438
14344 	 -0.437
14350 	 -0.431
14352 	 -0.404
14426 	 -0.253
14596 	 -0.246
15000 	 -1.417
15024 	 -1.547
15050 	 -2.058
15078 	 -2.379
15112 	 -2.419
15158 	 -2.467
15162 	 -2.487
15174 	 -2.463
15186 	 -2.161
15216 	 -1.965
15232 	 -1.789
15238 	 -1.853
15250 	 -1.849
15262 	 -1.833
15268 	 -1.747
15282 	 -1.614
15298 	 -1.441
15310 	 -1.503
15336 	 -1.952
15342 	 -1.949
15346 	 -1.923
15356 	 -2.176
15360 	 -2.173
15374 	 -1.603
15400 	 -1.069
15422 	 -0.829
15456 	 -0.436
15486 	 -0.149
15558 	 -0.044
15660 	 -0.041
15864 	 -0.029
15904 	 -0.021
15930 	 -0.019
16000 	 -0.017
16388 	 -0.011
18000 	 -2.128
18020 	 -2.236
18042 	 -2.716
18064 	 -2.807
18088 	 -2.246
18120 	 -1.719
18154 	 -2.216
18180 	 -1.952
18190 	 -2.346
18234 	 -2.844
18252 	 -2.836
18262 	 -2.557
18270 	 -2.234
18278 	 -2.213
18286 	 -2.166
18296 	 -3.081
18316 	 -3.096
18328 	 -3.462
18336 	 -3.345
18342 	 -3.418
18348 	 -3.221
18360 	 -3.029
18368 	 -2.57
18384 	 -2.591
18402 	 -1.978
18420 	 -1.027
18426 	 -0.895
18434 	 -0.718
18448 	 -0.208
18472 	 -0.163
18552 	 -0.016
18864 	 -0.004
19002 	 0
21000 	 -1.44
21001 	 -1.44
