0 	 0
3000 	 -1.376
3024 	 -1.496
3050 	 -1.88
3062 	 -2.472
3078 	 -3.176
3112 	 -3.62
3158 	 -3.808
3164 	 -3.728
3186 	 -2.828
3198 	 -2.688
3216 	 -1.912
3232 	 -1.736
3238 	 -1.364
3262 	 -0.608
3296 	 -0.264
3400 	 -0.024
3636 	 -0.008
3904 	 0
6000 	 -2.478
6020 	 -2.638
6042 	 -3.286
6064 	 -3.582
6088 	 -3.11
6120 	 -2.686
6138 	 -2.872
6154 	 -3.312
6180 	 -3.048
6190 	 -3.516
6198 	 -3.5
6234 	 -3.9
6284 	 -4.203
6296 	 -4.179
6346 	 -4.159
6360 	 -2.871
6374 	 -2.271
6376 	 -1.719
6424 	 -1.319
6444 	 -0.761
6504 	 -0.637
6506 	 -0.613
6552 	 -0.501
6634 	 -0.359
6704 	 -0.331
6710 	 -0.307
6726 	 -0.295
6728 	 -0.267
6782 	 -0.263
6894 	 -0.165
6990 	 -0.145
6994 	 -0.125
7002 	 -0.093
7272 	 -0.089
7278 	 -0.085
7290 	 -0.073
7324 	 -0.025
9000 	 -1.433
9024 	 -1.537
9050 	 -2.497
9078 	 -3.177
9112 	 -3.761
9158 	 -3.713
9162 	 -3.797
9174 	 -3.705
9186 	 -2.857
9216 	 -3.589
9232 	 -3.413
9238 	 -3.801
9262 	 -1.973
9268 	 -1.305
9298 	 -0.417
9304 	 -0.413
9306 	 -0.409
9334 	 -0.277
9400 	 -0.025
9660 	 -0.009
9904 	 -0.001
12000 	 -2.128
12004 	 -2.559
12006 	 -3.785
12008 	 -4.607
12010 	 -5.752
12012 	 -6.182
12016 	 -6.771
12020 	 -7.113
12028 	 -7.247
12030 	 -7.315
12040 	 -7.262
12042 	 -7.738
12054 	 -7.249
12064 	 -7.349
12070 	 -7.717
12072 	 -7.764
12074 	 -7.285
12088 	 -6.673
12100 	 -6.639
12102 	 -6.523
12120 	 -5.995
12130 	 -5.583
12140 	 -5.848
12148 	 -6.108
12154 	 -7.144
12160 	 -7.86
12164 	 -7.75
12178 	 -7.891
12180 	 -7.963
12186 	 -8.265
12190 	 -8.581
12198 	 -8.537
12200 	 -8.741
12212 	 -9.785
12226 	 -10.057
12228 	 -10.216
12230 	 -10.459
12234 	 -11.841
12246 	 -12.476
12252 	 -11.836
12254 	 -11.634
12256 	 -11.489
12260 	 -11.172
12270 	 -11.299
12274 	 -10.047
12276 	 -10.002
12282 	 -9.816
12290 	 -9.613
12294 	 -9.71
12296 	 -10.106
12304 	 -10.062
12310 	 -10.253
12314 	 -9.784
12324 	 -9.18
12326 	 -9.125
12332 	 -9.157
12334 	 -9.007
12338 	 -8.755
12344 	 -7.959
12346 	 -8.042
12350 	 -8.005
12358 	 -7.488
12360 	 -6.536
12362 	 -6.38
12368 	 -6.845
12372 	 -6.96
12376 	 -6.728
12380 	 -6.734
12382 	 -6.726
12384 	 -6.799
12392 	 -6.687
12396 	 -6.389
12398 	 -6.384
12404 	 -5.956
12410 	 -5.946
12412 	 -5.738
12420 	 -5.727
12436 	 -6.182
12438 	 -5.099
12444 	 -5.12
12452 	 -5.017
12454 	 -5.129
12460 	 -5.046
12462 	 -5.08
12466 	 -5.537
12478 	 -5.464
12480 	 -5.537
12484 	 -5.664
12488 	 -5.648
12494 	 -5.609
12498 	 -5.514
12518 	 -5.483
12520 	 -5.453
12522 	 -5.458
12542 	 -5.392
12550 	 -5.311
12552 	 -5.191
12566 	 -5.012
12574 	 -5.251
12576 	 -5.243
12582 	 -5.098
12590 	 -5.087
12592 	 -4.908
12608 	 -5.118
12620 	 -5.196
12624 	 -5.17
12626 	 -5.14
12630 	 -5.294
12638 	 -5.284
12640 	 -5.227
12646 	 -5.133
12656 	 -5.286
12658 	 -5.265
12668 	 -5.301
12674 	 -5.215
12684 	 -5.368
12704 	 -5.518
12710 	 -5.514
12712 	 -6.019
12716 	 -6.016
12718 	 -5.939
12732 	 -5.965
12742 	 -6.244
12756 	 -6.231
12758 	 -6.229
12768 	 -6.306
12770 	 -6.295
12774 	 -6.395
12776 	 -6.375
12792 	 -6.273
12804 	 -6.46
12810 	 -6.676
12818 	 -6.881
12828 	 -6.846
12842 	 -6.831
12850 	 -7.079
12864 	 -7.073
12886 	 -7.162
12888 	 -7.329
12894 	 -7.33
12902 	 -7.059
12908 	 -6.489
12912 	 -6.481
12916 	 -6.407
12920 	 -6.317
12926 	 -6.205
12942 	 -6.237
12948 	 -6.245
12954 	 -6.176
12972 	 -6.002
12974 	 -5.948
12982 	 -5.835
12986 	 -5.809
12990 	 -5.803
12992 	 -6.259
12996 	 -6.243
13004 	 -6.126
13006 	 -6.136
13008 	 -6.122
13010 	 -6.372
13018 	 -6.681
13028 	 -6.561
13032 	 -6.498
13040 	 -6.426
13042 	 -6.386
13046 	 -5.812
13052 	 -5.858
13054 	 -6.582
13058 	 -6.478
13064 	 -6.237
13066 	 -6.254
13068 	 -6.135
13070 	 -5.65
13074 	 -5.659
13082 	 -5.651
13088 	 -5.649
13092 	 -5.552
13098 	 -5.378
13100 	 -5.473
13102 	 -5.47
13108 	 -5.309
13110 	 -5.305
13114 	 -5.284
13116 	 -5.141
13120 	 -5.118
13126 	 -5.067
13128 	 -5.046
13130 	 -4.982
13132 	 -5.06
13138 	 -5.044
13142 	 -4.838
13144 	 -4.824
13154 	 -4.931
13158 	 -4.926
13164 	 -4.823
13172 	 -4.731
13182 	 -4.729
13206 	 -5.07
13224 	 -5.566
13246 	 -5.497
13248 	 -5.752
13250 	 -5.611
13252 	 -5.607
13256 	 -5.56
13262 	 -5.534
13264 	 -5.624
13268 	 -5.614
13270 	 -5.609
13272 	 -5.608
13274 	 -5.698
13280 	 -5.77
13286 	 -5.5
13290 	 -5.483
13298 	 -5.368
13308 	 -5.368
13328 	 -5.329
13332 	 -5.351
13338 	 -5.144
13344 	 -4.847
13356 	 -4.533
13360 	 -4.367
13366 	 -4.612
13372 	 -4.554
13374 	 -4.553
13382 	 -4.299
13384 	 -4.329
13388 	 -4.325
13396 	 -4.302
13398 	 -4.107
13404 	 -4.105
13416 	 -4.196
13422 	 -4.186
13428 	 -4.186
13432 	 -4.181
13434 	 -4.151
13454 	 -4.134
13462 	 -4.17
13474 	 -4.121
13476 	 -3.994
13484 	 -4.154
13494 	 -4.141
13500 	 -4.14
13502 	 -4.227
13514 	 -4.218
13522 	 -4.215
13526 	 -4.184
13542 	 -4.18
13544 	 -4.228
13550 	 -4.194
13554 	 -4.206
13556 	 -4.231
13576 	 -4.266
13594 	 -4.186
13596 	 -4.175
13604 	 -4.09
13614 	 -3.954
13628 	 -3.95
13638 	 -4.167
13640 	 -4.058
13648 	 -2.837
13656 	 -2.823
13666 	 -2.78
13672 	 -2.754
13678 	 -2.838
13696 	 -2.799
13698 	 -2.743
13700 	 -5.236
13704 	 -4.438
13706 	 -4.408
13712 	 -3.987
13718 	 -4.011
13728 	 -4.18
13732 	 -4.218
13744 	 -3.992
13758 	 -4.278
13760 	 -4.258
13766 	 -4.244
13772 	 -4.036
13776 	 -4.13
13778 	 -4.108
13784 	 -4.284
13792 	 -4.333
13804 	 -3.85
13810 	 -3.718
13818 	 -3.587
13820 	 -3.581
13822 	 -3.847
13834 	 -3.453
13840 	 -3.063
13856 	 -3.085
13862 	 -2.915
13874 	 -2.899
13878 	 -2.554
13900 	 -2.549
13902 	 -2.36
13908 	 -2.499
13912 	 -2.493
13918 	 -2.492
13926 	 -2.751
13930 	 -2.777
13936 	 -2.937
13940 	 -3.37
13942 	 -3.361
13944 	 -3.734
13946 	 -3.672
13956 	 -3.612
13960 	 -3.611
13962 	 -3.602
13966 	 -3.773
13968 	 -3.904
13972 	 -3.969
13982 	 -4.035
13994 	 -4.261
14002 	 -3.793
14012 	 -3.697
14018 	 -3.712
14020 	 -3.711
14026 	 -3.794
14034 	 -3.784
14040 	 -3.713
14042 	 -3.688
14048 	 -3.625
14058 	 -3.62
14060 	 -3.824
14066 	 -3.629
14070 	 -3.49
14076 	 -3.565
14078 	 -3.626
14086 	 -3.431
14088 	 -3.505
14090 	 -3.361
14092 	 -3.454
14106 	 -3.464
14114 	 -3.553
14118 	 -3.57
14120 	 -3.567
14132 	 -3.402
14136 	 -3.275
14142 	 -3.25
14150 	 -3.161
14152 	 -3.1
14158 	 -3.117
14168 	 -3.146
14170 	 -3.145
14174 	 -3.094
14176 	 -3.092
14180 	 -3.148
14186 	 -3.005
14190 	 -2.392
14204 	 -2.438
14210 	 -2.404
14212 	 -2.402
14216 	 -2.351
14220 	 -2.178
14224 	 -2.096
14230 	 -1.889
14236 	 -1.926
14242 	 -1.878
14252 	 -1.741
14256 	 -1.744
14260 	 -1.679
14276 	 -1.644
14288 	 -1.643
14314 	 -1.643
14316 	 -1.621
14318 	 -1.619
14322 	 -1.539
14326 	 -1.538
14328 	 -1.618
14334 	 -1.548
14348 	 -1.678
14356 	 -1.827
14368 	 -1.849
14374 	 -1.794
14378 	 -1.615
14388 	 -1.34
14396 	 -1.348
14418 	 -1.336
14422 	 -1.112
14436 	 -1.111
14438 	 -1.053
14440 	 -0.976
14452 	 -0.764
14460 	 -0.715
14464 	 -0.688
14466 	 -0.686
14468 	 -0.635
14482 	 -0.599
14484 	 -0.532
14492 	 -0.514
14494 	 -0.487
14496 	 -0.46
14504 	 -0.45
14508 	 -0.441
14510 	 -0.305
14524 	 -0.292
14526 	 -0.29
14544 	 -0.263
14554 	 -0.252
14562 	 -0.25
14578 	 -0.23
14622 	 -0.221
14642 	 -0.206
14660 	 -0.196
14692 	 -0.194
14708 	 -0.191
14710 	 -0.188
14720 	 -0.183
14736 	 -0.18
15000 	 -1.418
15024 	 -1.554
15050 	 -2.194
15078 	 -2.647
15112 	 -2.881
15158 	 -2.899
15162 	 -2.92
15164 	 -2.91
15174 	 -2.886
15186 	 -2.351
15216 	 -2.554
15222 	 -2.551
15232 	 -2.375
15238 	 -2.507
15262 	 -1.885
15268 	 -1.706
15282 	 -1.442
15298 	 -1.094
15308 	 -1.113
15310 	 -1.133
15334 	 -1.277
15336 	 -1.426
15342 	 -1.424
15344 	 -1.396
15346 	 -1.37
15354 	 -1.47
15356 	 -1.556
15372 	 -1.375
15374 	 -1.18
15382 	 -1.179
15400 	 -0.727
15422 	 -0.562
15456 	 -0.429
15460 	 -0.29
15470 	 -0.285
15486 	 -0.187
15490 	 -0.1
15558 	 -0.068
15574 	 -0.039
15658 	 -0.036
15660 	 -0.033
15708 	 -0.027
15864 	 -0.026
15888 	 -0.023
15904 	 -0.015
15916 	 -0.012
16216 	 -0.01
16254 	 -0.008
18000 	 -2.128
18020 	 -2.236
18042 	 -2.716
18064 	 -2.81
18088 	 -2.232
18120 	 -1.658
18154 	 -2.416
18180 	 -2.152
18190 	 -2.608
18234 	 -3.44
18252 	 -3.424
18262 	 -3.237
18270 	 -2.591
18278 	 -2.549
18286 	 -2.455
18296 	 -3.002
18316 	 -3.032
18328 	 -3.276
18336 	 -3.042
18342 	 -3.068
18348 	 -2.674
18360 	 -2.166
18368 	 -1.86
18384 	 -1.874
18402 	 -1.364
18420 	 -0.73
18426 	 -0.642
18434 	 -0.524
18448 	 -0.184
18472 	 -0.154
18552 	 -0.016
18864 	 -0.008
19002 	 0
21000 	 -1.44
21001 	 -1.44
