0 	 0
3000 	 -1.376
3024 	 -1.496
3050 	 -1.88
3062 	 -2.472
3078 	 -3.176
3112 	 -3.62
3158 	 -3.808
3164 	 -3.728
3186 	 -2.828
3198 	 -2.688
3216 	 -1.912
3232 	 -1.736
3238 	 -1.364
3262 	 -0.608
3296 	 -0.264
3400 	 -0.024
3636 	 -0.008
3904 	 0
6000 	 -2.478
6020 	 -2.638
6042 	 -3.286
6064 	 -3.582
6088 	 -3.11
6120 	 -2.686
6138 	 -2.872
6154 	 -3.312
6180 	 -3.048
6190 	 -3.516
6198 	 -3.5
6234 	 -3.9
6284 	 -4.203
6296 	 -4.179
6346 	 -4.159
6360 	 -2.871
6374 	 -2.271
6376 	 -1.719
6424 	 -1.319
6444 	 -0.761
6504 	 -0.637
6506 	 -0.613
6552 	 -0.501
6634 	 -0.359
6704 	 -0.331
6710 	 -0.307
6726 	 -0.295
6728 	 -0.267
6782 	 -0.263
6894 	 -0.165
6990 	 -0.145
6994 	 -0.125
7002 	 -0.093
7272 	 -0.089
7278 	 -0.085
7290 	 -0.073
7324 	 -0.025
9000 	 -1.433
9024 	 -1.537
9050 	 -2.497
9078 	 -3.177
9112 	 -3.761
9158 	 -3.713
9162 	 -3.797
9174 	 -3.705
9186 	 -2.857
9216 	 -3.589
9232 	 -3.413
9238 	 -3.801
9262 	 -1.973
9268 	 -1.305
9298 	 -0.417
9304 	 -0.413
9306 	 -0.409
9334 	 -0.277
9400 	 -0.025
9660 	 -0.009
9904 	 -0.001
12000 	 -2.128
12004 	 -2.679
12006 	 -3.905
12008 	 -5.966
12010 	 -7.111
12012 	 -8.182
12016 	 -8.771
12020 	 -9.446
12028 	 -9.58
12030 	 -9.648
12040 	 -9.789
12042 	 -10.265
12054 	 -9.776
12064 	 -9.876
12070 	 -10.594
12072 	 -10.641
12074 	 -10.162
12086 	 -10.427
12088 	 -9.815
12100 	 -9.623
12102 	 -9.507
12114 	 -9.789
12120 	 -9.261
12130 	 -8.812
12132 	 -9.128
12140 	 -9.393
12148 	 -9.653
12154 	 -10.821
12164 	 -10.711
12178 	 -10.778
12180 	 -10.836
12184 	 -10.54
12186 	 -10.866
12190 	 -11.182
12192 	 -11.068
12200 	 -10.644
12210 	 -10.761
12212 	 -11.805
12226 	 -12.495
12228 	 -12.654
12230 	 -12.356
12234 	 -13.738
12236 	 -13.45
12242 	 -13.468
12248 	 -13.431
12252 	 -12.713
12254 	 -12.309
12260 	 -11.974
12264 	 -11.878
12266 	 -11.625
12270 	 -11.752
12272 	 -11.751
12274 	 -10.499
12276 	 -10.537
12282 	 -9.909
12290 	 -9.637
12296 	 -10.033
12304 	 -9.474
12320 	 -9.478
12324 	 -8.874
12328 	 -8.907
12330 	 -8.829
12332 	 -8.861
12338 	 -8.609
12344 	 -7.813
12350 	 -7.794
12354 	 -7.782
12356 	 -7.73
12358 	 -7.411
12360 	 -6.459
12370 	 -6.487
12376 	 -6.457
12382 	 -6.449
12384 	 -6.471
12386 	 -6.399
12398 	 -6.394
12400 	 -6.453
12404 	 -6.181
12406 	 -6.255
12412 	 -6.084
12420 	 -6.073
12436 	 -6.486
12438 	 -5.935
12444 	 -5.885
12452 	 -5.843
12454 	 -5.921
12460 	 -5.838
12462 	 -5.836
12464 	 -5.787
12466 	 -6.244
12476 	 -6.215
12480 	 -6.032
12494 	 -6.351
12496 	 -6.323
12498 	 -6.228
12500 	 -6.25
12502 	 -6.231
12510 	 -6.117
12516 	 -6.354
12520 	 -6.324
12522 	 -6.329
12524 	 -6.449
12532 	 -6.431
12542 	 -6.38
12550 	 -6.259
12552 	 -6.139
12574 	 -5.744
12578 	 -5.884
12586 	 -5.873
12590 	 -5.717
12592 	 -5.549
12604 	 -5.544
12608 	 -5.754
12614 	 -5.684
12618 	 -5.817
12626 	 -5.64
12630 	 -5.977
12638 	 -5.973
12640 	 -6.01
12650 	 -6.164
12656 	 -6.335
12658 	 -6.314
12660 	 -6.309
12668 	 -6.345
12670 	 -6.305
12680 	 -6.303
12692 	 -6.267
12700 	 -6.24
12710 	 -6.236
12714 	 -6.106
12716 	 -6.103
12720 	 -6.166
12724 	 -6.257
12732 	 -6.283
12754 	 -6.476
12758 	 -6.474
12768 	 -7.315
12778 	 -7.457
12780 	 -7.838
12786 	 -7.738
12796 	 -7.983
12802 	 -7.961
12804 	 -8.116
12814 	 -8.112
12820 	 -8.382
12826 	 -8.366
12828 	 -8.338
12832 	 -8.102
12834 	 -8.128
12838 	 -8.173
12840 	 -8.192
12848 	 -8.057
12850 	 -8.234
12852 	 -8.226
12856 	 -8.139
12860 	 -8.151
12864 	 -8.145
12874 	 -7.884
12882 	 -7.881
12884 	 -7.852
12886 	 -7.941
12888 	 -8.111
12892 	 -7.966
12896 	 -7.636
12902 	 -7.661
12904 	 -7.645
12908 	 -7.09
12910 	 -7.002
12914 	 -7.008
12916 	 -7.038
12920 	 -6.948
12936 	 -6.519
12940 	 -6.439
12942 	 -6.337
12952 	 -6.253
12954 	 -6.184
12966 	 -6.167
12970 	 -6.162
12972 	 -5.909
12978 	 -6.1
12980 	 -6.125
12982 	 -5.877
12986 	 -5.851
12990 	 -5.839
12996 	 -5.838
13004 	 -5.824
13006 	 -5.725
13008 	 -6.033
13012 	 -5.924
13016 	 -5.913
13022 	 -6.163
13028 	 -6.043
13030 	 -6.235
13032 	 -6.088
13042 	 -6.057
13048 	 -6.209
13050 	 -6.26
13054 	 -6.139
13064 	 -5.896
13068 	 -5.777
13072 	 -5.53
13078 	 -5.582
13080 	 -5.576
13082 	 -5.568
13084 	 -5.499
13090 	 -5.356
13096 	 -5.585
13098 	 -5.605
13102 	 -5.602
13108 	 -5.359
13114 	 -5.338
13120 	 -5.118
13126 	 -5.117
13128 	 -5.062
13134 	 -5.404
13138 	 -5.377
13146 	 -5.21
13148 	 -5.052
13150 	 -4.717
13156 	 -4.688
13160 	 -4.676
13170 	 -4.549
13192 	 -4.671
13206 	 -4.351
13214 	 -4.32
13218 	 -4.306
13226 	 -4.245
13228 	 -4.326
13232 	 -4.457
13246 	 -4.388
13248 	 -4.163
13250 	 -4.22
13256 	 -4.322
13258 	 -4.32
13260 	 -4.44
13262 	 -4.414
13268 	 -4.404
13270 	 -4.412
13274 	 -4.409
13290 	 -4.392
13294 	 -4.538
13300 	 -4.523
13306 	 -4.542
13312 	 -4.578
13328 	 -4.66
13330 	 -4.71
13342 	 -4.761
13350 	 -4.785
13366 	 -5.312
13368 	 -5.189
13372 	 -5.177
13384 	 -5.066
13386 	 -5.065
13388 	 -5.061
13392 	 -4.653
13398 	 -4.595
13408 	 -5.029
13414 	 -4.877
13416 	 -4.847
13426 	 -4.845
13432 	 -4.84
13436 	 -4.805
13440 	 -4.766
13442 	 -4.694
13452 	 -4.644
13454 	 -4.629
13460 	 -4.609
13470 	 -4.688
13474 	 -4.676
13476 	 -4.702
13484 	 -4.71
13492 	 -4.64
13514 	 -4.592
13516 	 -4.817
13522 	 -4.865
13534 	 -4.772
13542 	 -4.768
13560 	 -4.748
13570 	 -4.667
13572 	 -4.646
13574 	 -4.601
13576 	 -4.561
13600 	 -4.55
13604 	 -4.428
13606 	 -4.475
13642 	 -4.467
13648 	 -3.275
13654 	 -3.271
13668 	 -3.269
13670 	 -3.246
13696 	 -3.207
13706 	 -3.222
13714 	 -3.429
13716 	 -3.449
13718 	 -3.422
13722 	 -3.438
13726 	 -3.437
13744 	 -3.338
13750 	 -3.336
13754 	 -3.389
13760 	 -3.373
13766 	 -3.325
13770 	 -3.352
13796 	 -3.335
13798 	 -3.421
13804 	 -2.854
13810 	 -2.835
13820 	 -2.829
13824 	 -2.908
13826 	 -2.889
13836 	 -2.872
13850 	 -2.87
13858 	 -2.868
13860 	 -2.904
13866 	 -2.888
13874 	 -2.958
13878 	 -2.858
13886 	 -2.831
13892 	 -2.905
13900 	 -2.9
13902 	 -2.847
13904 	 -2.829
13908 	 -2.928
13912 	 -2.853
13920 	 -2.587
13924 	 -2.578
13930 	 -2.402
13936 	 -2.396
13938 	 -2.387
13942 	 -2.378
13948 	 -2.236
13956 	 -2.182
13964 	 -2.063
13970 	 -2.052
13974 	 -1.899
13976 	 -1.716
13978 	 -1.646
13992 	 -1.504
13994 	 -1.405
14006 	 -1.403
14010 	 -1.286
14012 	 -1.215
14020 	 -1.214
14026 	 -1.048
14036 	 -0.851
14042 	 -0.846
14044 	 -0.835
14046 	 -0.804
14048 	 -0.752
14052 	 -0.627
14056 	 -0.608
14058 	 -0.586
14078 	 -0.565
14082 	 -0.544
14102 	 -0.535
14108 	 -0.525
14110 	 -0.518
14120 	 -0.474
14126 	 -0.469
14136 	 -0.342
14178 	 -0.33
14186 	 -0.322
14212 	 -0.278
14224 	 -0.245
14230 	 -0.241
14258 	 -0.24
14272 	 -0.218
14274 	 -0.214
14316 	 -0.209
14318 	 -0.207
14326 	 -0.206
14342 	 -0.203
14378 	 -0.163
14382 	 -0.158
14384 	 -0.155
14392 	 -0.151
14400 	 -0.15
14556 	 -0.148
14628 	 -0.147
15000 	 -1.416
15024 	 -1.576
15050 	 -2.468
15078 	 -3.181
15112 	 -3.816
15158 	 -3.957
15162 	 -4.04
15174 	 -3.945
15186 	 -3.278
15216 	 -4.227
15222 	 -4.224
15232 	 -4.048
15238 	 -4.305
15262 	 -3.146
15266 	 -3.117
15268 	 -2.857
15276 	 -2.702
15282 	 -2.306
15298 	 -1.786
15300 	 -1.616
15308 	 -1.635
15310 	 -1.676
15334 	 -1.82
15336 	 -2.118
15342 	 -2.116
15346 	 -2.038
15348 	 -2.037
15350 	 -2.015
15354 	 -2.115
15356 	 -2.286
15372 	 -2.105
15374 	 -1.72
15382 	 -1.719
15400 	 -1.078
15422 	 -0.833
15456 	 -0.569
15460 	 -0.43
15470 	 -0.421
15486 	 -0.23
15490 	 -0.143
15558 	 -0.076
15574 	 -0.047
15658 	 -0.044
15660 	 -0.035
15708 	 -0.029
15864 	 -0.024
15888 	 -0.021
15904 	 -0.013
15916 	 -0.01
16306 	 -0.009
18000 	 -2.128
18020 	 -2.263
18042 	 -2.839
18064 	 -3.059
18088 	 -2.567
18120 	 -2.037
18154 	 -3.56
18180 	 -3.296
18190 	 -4.281
18234 	 -6.078
18252 	 -6.046
18262 	 -5.766
18270 	 -4.474
18278 	 -4.39
18286 	 -4.202
18296 	 -5.082
18316 	 -5.142
18328 	 -5.508
18336 	 -5.04
18342 	 -5.062
18348 	 -4.274
18360 	 -3.335
18368 	 -2.876
18384 	 -2.897
18402 	 -2.056
18420 	 -1.105
18426 	 -0.973
18434 	 -0.796
18448 	 -0.286
18472 	 -0.241
18552 	 -0.028
18864 	 -0.016
19002 	 0
21000 	 -1.44
21001 	 -1.44
