0 	 0
3000 	 -1.376
3024 	 -1.496
3050 	 -1.88
3062 	 -2.472
3078 	 -3.176
3112 	 -3.62
3158 	 -3.808
3164 	 -3.728
3186 	 -2.828
3198 	 -2.688
3216 	 -1.912
3232 	 -1.736
3238 	 -1.364
3262 	 -0.608
3296 	 -0.264
3400 	 -0.024
3636 	 -0.008
3904 	 0
6000 	 -2.478
6020 	 -2.638
6042 	 -3.286
6064 	 -3.582
6088 	 -3.11
6120 	 -2.686
6138 	 -2.872
6154 	 -3.312
6180 	 -3.048
6190 	 -3.516
6198 	 -3.5
6234 	 -3.9
6284 	 -4.203
6296 	 -4.179
6346 	 -4.159
6360 	 -2.871
6374 	 -2.271
6376 	 -1.719
6424 	 -1.319
6444 	 -0.761
6504 	 -0.637
6506 	 -0.613
6552 	 -0.501
6634 	 -0.359
6704 	 -0.331
6710 	 -0.307
6726 	 -0.295
6728 	 -0.267
6782 	 -0.263
6894 	 -0.165
6990 	 -0.145
6994 	 -0.125
7002 	 -0.093
7272 	 -0.089
7278 	 -0.085
7290 	 -0.073
7324 	 -0.025
9000 	 -1.433
9024 	 -1.537
9050 	 -2.497
9078 	 -3.177
9112 	 -3.761
9158 	 -3.713
9162 	 -3.797
9174 	 -3.705
9186 	 -2.857
9216 	 -3.589
9232 	 -3.413
9238 	 -3.801
9262 	 -1.973
9268 	 -1.305
9298 	 -0.417
9304 	 -0.413
9306 	 -0.409
9334 	 -0.277
9400 	 -0.025
9660 	 -0.009
9904 	 -0.001
12000 	 -2.128
12004 	 -2.559
12006 	 -3.785
12008 	 -4.607
12010 	 -5.752
12012 	 -6.182
12016 	 -6.771
12020 	 -7.113
12028 	 -7.247
12030 	 -7.315
12040 	 -7.262
12042 	 -7.738
12054 	 -7.249
12064 	 -7.349
12070 	 -7.715
12072 	 -7.762
12074 	 -7.283
12088 	 -6.671
12100 	 -6.625
12102 	 -6.509
12120 	 -5.981
12130 	 -5.889
12140 	 -6.154
12148 	 -6.414
12154 	 -7.45
12164 	 -7.34
12178 	 -7.6
12180 	 -7.672
12186 	 -8.078
12190 	 -8.394
12200 	 -8.516
12206 	 -8.496
12212 	 -9.54
12226 	 -9.812
12228 	 -9.971
12230 	 -10.349
12234 	 -11.731
12252 	 -11.091
12254 	 -10.889
12256 	 -11
12260 	 -10.683
12264 	 -11.471
12270 	 -11.598
12274 	 -10.346
12282 	 -10.16
12286 	 -10.108
12290 	 -9.836
12296 	 -10.232
12300 	 -10.293
12304 	 -9.877
12312 	 -9.873
12314 	 -9.905
12324 	 -9.171
12332 	 -9.218
12338 	 -8.966
12344 	 -8.17
12348 	 -8.286
12350 	 -8.275
12354 	 -7.899
12358 	 -7.553
12360 	 -6.601
12368 	 -6.57
12370 	 -6.485
12372 	 -6.455
12376 	 -6.425
12382 	 -6.261
12386 	 -6.172
12394 	 -5.557
12398 	 -5.552
12404 	 -5.28
12410 	 -5.267
12412 	 -5.059
12420 	 -5.048
12436 	 -5.518
12438 	 -5.064
12444 	 -5.088
12446 	 -5.111
12452 	 -5.008
12454 	 -4.956
12460 	 -4.873
12462 	 -4.924
12466 	 -5.381
12470 	 -5.438
12494 	 -5.479
12496 	 -5.443
12498 	 -5.348
12502 	 -5.294
12520 	 -5.264
12522 	 -5.269
12530 	 -5.24
12542 	 -5.174
12552 	 -5.054
12564 	 -5.042
12570 	 -5.062
12574 	 -5.292
12576 	 -5.59
12578 	 -5.571
12582 	 -5.613
12586 	 -5.706
12590 	 -5.695
12592 	 -5.516
12600 	 -5.579
12604 	 -5.567
12608 	 -5.774
12614 	 -5.874
12630 	 -6.291
12636 	 -6.261
12638 	 -6.257
12640 	 -6.2
12648 	 -6.342
12650 	 -6.113
12652 	 -6.099
12656 	 -6.252
12658 	 -6.231
12668 	 -6.267
12672 	 -6.637
12684 	 -6.545
12698 	 -6.415
12706 	 -6.815
12710 	 -6.77
12716 	 -6.767
12720 	 -7.192
12732 	 -7.218
12758 	 -7.163
12768 	 -7.287
12774 	 -7.278
12776 	 -6.881
12790 	 -6.865
12798 	 -6.685
12800 	 -6.765
12804 	 -6.948
12806 	 -6.945
12810 	 -6.82
12812 	 -6.806
12818 	 -6.675
12820 	 -6.67
12826 	 -6.489
12828 	 -6.454
12840 	 -6.57
12850 	 -6.506
12856 	 -6.488
12864 	 -6.482
12870 	 -6.462
12872 	 -6.612
12888 	 -6.815
12894 	 -6.728
12898 	 -6.597
12902 	 -6.622
12908 	 -5.951
12912 	 -5.948
12916 	 -5.874
12920 	 -5.784
12938 	 -5.75
12942 	 -5.631
12948 	 -5.643
12954 	 -5.574
12958 	 -5.533
12972 	 -5.359
12982 	 -5.95
12986 	 -5.949
12990 	 -6.392
12996 	 -6.376
13004 	 -6.259
13006 	 -6.269
13008 	 -6.083
13020 	 -6.089
13024 	 -5.793
13028 	 -5.673
13030 	 -6.208
13040 	 -6.254
13042 	 -6.239
13048 	 -6.503
13058 	 -6.455
13064 	 -6.345
13068 	 -6.226
13082 	 -6.218
13086 	 -4.947
13090 	 -5.452
13102 	 -5.343
13104 	 -5.397
13106 	 -5.212
13112 	 -5.065
13114 	 -5.044
13120 	 -5.021
13126 	 -5.212
13128 	 -5.084
13130 	 -5.072
13132 	 -5.067
13138 	 -5.014
13146 	 -4.993
13158 	 -4.908
13164 	 -4.937
13166 	 -4.808
13168 	 -5.026
13206 	 -5.897
13222 	 -5.837
13226 	 -6.245
13240 	 -6.106
13244 	 -6.138
13246 	 -6.069
13248 	 -5.862
13250 	 -5.731
13256 	 -5.727
13260 	 -5.7
13262 	 -5.494
13264 	 -5.557
13268 	 -5.46
13270 	 -5.455
13274 	 -5.519
13284 	 -5.592
13288 	 -5.366
13290 	 -5.349
13294 	 -5.32
13302 	 -5.301
13304 	 -5.131
13306 	 -5.143
13310 	 -4.974
13314 	 -5.031
13324 	 -4.889
13326 	 -4.813
13328 	 -4.779
13334 	 -4.769
13338 	 -4.62
13348 	 -4.514
13350 	 -4.51
13352 	 -4.323
13366 	 -4.498
13368 	 -4.578
13370 	 -4.524
13372 	 -4.512
13374 	 -4.121
13376 	 -3.995
13380 	 -4.117
13384 	 -4.006
13386 	 -4.004
13388 	 -4
13392 	 -4.038
13398 	 -4.089
13402 	 -3.996
13418 	 -3.959
13428 	 -3.939
13438 	 -4.097
13452 	 -4.198
13454 	 -4.176
13458 	 -4.172
13460 	 -4.165
13470 	 -4.411
13474 	 -4.399
13478 	 -4.466
13484 	 -4.584
13494 	 -4.627
13514 	 -4.618
13516 	 -4.751
13522 	 -4.872
13524 	 -4.938
13530 	 -4.946
13538 	 -4.995
13542 	 -4.991
13556 	 -4.971
13564 	 -4.841
13566 	 -4.658
13572 	 -4.57
13574 	 -4.582
13584 	 -4.441
13588 	 -4.572
13590 	 -4.488
13594 	 -4.421
13600 	 -4.455
13604 	 -4.333
13610 	 -4.222
13620 	 -4.194
13636 	 -4.163
13648 	 -3.074
13670 	 -3.039
13672 	 -3.006
13684 	 -2.992
13686 	 -2.965
13696 	 -2.926
13702 	 -2.923
13710 	 -2.91
13730 	 -3.032
13744 	 -2.977
13752 	 -2.976
13754 	 -3.019
13760 	 -2.999
13766 	 -2.99
13776 	 -2.744
13782 	 -2.652
13794 	 -2.631
13804 	 -2.304
13806 	 -2.298
13810 	 -2.295
13812 	 -2.137
13820 	 -2.131
13828 	 -2.08
13836 	 -2.075
13848 	 -2.073
13850 	 -2.028
13852 	 -2.009
13864 	 -2.057
13866 	 -2.054
13878 	 -1.92
13880 	 -2.026
13886 	 -1.93
13888 	 -1.907
13900 	 -1.902
13902 	 -1.849
13906 	 -1.841
13910 	 -1.736
13912 	 -1.722
13930 	 -1.635
13942 	 -1.626
13954 	 -1.379
13964 	 -1.359
13970 	 -1.287
13982 	 -1.283
13984 	 -1.271
13988 	 -1.267
13994 	 -1.212
14008 	 -1.211
14012 	 -1.221
14014 	 -1.202
14020 	 -1.171
14022 	 -1.05
14036 	 -1.029
14048 	 -0.977
14058 	 -0.97
14060 	 -0.96
14080 	 -0.989
14086 	 -0.914
14106 	 -0.911
14120 	 -0.909
14136 	 -0.775
14154 	 -0.761
14180 	 -0.758
14182 	 -0.679
14192 	 -0.657
14212 	 -0.655
14232 	 -0.654
14240 	 -0.734
14252 	 -0.729
14254 	 -0.727
14270 	 -0.522
14278 	 -0.515
14286 	 -0.506
14288 	 -0.501
14316 	 -0.305
14318 	 -0.303
14326 	 -0.302
14338 	 -0.258
14376 	 -0.234
14378 	 -0.194
14402 	 -0.175
14404 	 -0.174
14430 	 -0.164
14464 	 -0.147
14472 	 -0.141
14606 	 -0.14
14660 	 -0.138
15000 	 -1.406
15024 	 -1.536
15050 	 -2.19
15078 	 -2.638
15112 	 -2.875
15158 	 -2.882
15162 	 -2.922
15174 	 -2.875
15186 	 -2.344
15216 	 -2.551
15222 	 -2.549
15232 	 -2.373
15238 	 -2.501
15262 	 -1.875
15268 	 -1.702
15282 	 -1.438
15298 	 -1.092
15310 	 -1.132
15336 	 -1.43
15342 	 -1.428
15346 	 -1.376
15356 	 -1.547
15372 	 -1.543
15374 	 -1.158
15400 	 -0.723
15422 	 -0.564
15456 	 -0.3
15470 	 -0.295
15486 	 -0.104
15558 	 -0.037
15578 	 -0.036
15660 	 -0.03
15708 	 -0.024
15864 	 -0.019
15888 	 -0.017
15904 	 -0.009
15966 	 -0.007
16408 	 -0.006
18000 	 -2.128
18020 	 -2.236
18042 	 -2.716
18064 	 -2.81
18088 	 -2.232
18120 	 -1.658
18154 	 -2.416
18180 	 -2.152
18190 	 -2.608
18234 	 -3.44
18252 	 -3.424
18262 	 -3.238
18270 	 -2.592
18278 	 -2.55
18286 	 -2.456
18296 	 -3.002
18316 	 -3.032
18328 	 -3.276
18336 	 -3.042
18342 	 -3.068
18348 	 -2.674
18360 	 -2.166
18368 	 -1.86
18384 	 -1.874
18402 	 -1.364
18420 	 -0.73
18426 	 -0.642
18434 	 -0.524
18448 	 -0.184
18472 	 -0.154
18552 	 -0.016
18864 	 -0.008
19002 	 0
21000 	 -1.44
21001 	 -1.44
