0 	 0
3000 	 -1.376
3024 	 -1.496
3050 	 -1.88
3062 	 -2.472
3078 	 -3.176
3112 	 -3.62
3158 	 -3.808
3164 	 -3.728
3186 	 -2.828
3198 	 -2.688
3216 	 -1.912
3232 	 -1.736
3238 	 -1.364
3262 	 -0.608
3296 	 -0.264
3400 	 -0.024
3636 	 -0.008
3904 	 0
6000 	 -2.478
6020 	 -2.638
6042 	 -3.286
6064 	 -3.582
6088 	 -3.11
6120 	 -2.686
6138 	 -2.872
6154 	 -3.312
6180 	 -3.048
6190 	 -3.516
6198 	 -3.5
6234 	 -3.9
6284 	 -4.203
6296 	 -4.179
6346 	 -4.159
6360 	 -2.871
6374 	 -2.271
6376 	 -1.719
6424 	 -1.319
6444 	 -0.761
6504 	 -0.637
6506 	 -0.613
6552 	 -0.501
6634 	 -0.359
6704 	 -0.331
6710 	 -0.307
6726 	 -0.295
6728 	 -0.267
6782 	 -0.263
6894 	 -0.165
6990 	 -0.145
6994 	 -0.125
7002 	 -0.093
7272 	 -0.089
7278 	 -0.085
7290 	 -0.073
7324 	 -0.025
9000 	 -1.433
9024 	 -1.537
9050 	 -2.497
9078 	 -3.177
9112 	 -3.761
9158 	 -3.713
9162 	 -3.797
9174 	 -3.705
9186 	 -2.857
9216 	 -3.589
9232 	 -3.413
9238 	 -3.801
9262 	 -1.973
9268 	 -1.305
9298 	 -0.417
9304 	 -0.413
9306 	 -0.409
9334 	 -0.277
9400 	 -0.025
9660 	 -0.009
9904 	 -0.001
12000 	 -2.128
12004 	 -2.641
12006 	 -3.867
12008 	 -5.533
12010 	 -6.678
12012 	 -7.536
12016 	 -8.125
12020 	 -8.684
12028 	 -8.818
12030 	 -8.886
12040 	 -8.939
12042 	 -9.415
12054 	 -8.926
12064 	 -9.026
12070 	 -9.568
12072 	 -9.61
12074 	 -9.131
12088 	 -8.519
12100 	 -8.553
12102 	 -8.437
12114 	 -8.578
12120 	 -8.05
12130 	 -7.791
12140 	 -8.056
12148 	 -8.296
12154 	 -9.332
12164 	 -9.222
12178 	 -9.584
12180 	 -9.656
12182 	 -10.186
12184 	 -10.038
12186 	 -10.392
12190 	 -10.708
12192 	 -10.651
12200 	 -10.498
12206 	 -10.488
12208 	 -10.666
12210 	 -10.662
12212 	 -11.706
12226 	 -12.733
12228 	 -12.892
12230 	 -12.875
12234 	 -14.257
12242 	 -14.244
12248 	 -14.276
12252 	 -13.597
12254 	 -13.294
12256 	 -13.28
12260 	 -12.963
12264 	 -13.26
12266 	 -13.659
12270 	 -13.786
12274 	 -12.534
12276 	 -12.588
12282 	 -12.262
12286 	 -12.069
12290 	 -11.797
12296 	 -12.05
12300 	 -12.194
12304 	 -11.656
12312 	 -11.834
12320 	 -11.836
12324 	 -11.051
12330 	 -11.233
12332 	 -11.265
12338 	 -11.013
12344 	 -10.217
12350 	 -10.256
12352 	 -10.337
12354 	 -10.09
12356 	 -10.038
12358 	 -9.378
12360 	 -8.426
12362 	 -8.323
12372 	 -8.164
12382 	 -8.163
12386 	 -7.848
12394 	 -7.551
12396 	 -7.529
12398 	 -7.524
12400 	 -7.412
12404 	 -7.14
12406 	 -7.005
12412 	 -6.694
12420 	 -6.588
12426 	 -6.564
12430 	 -6.497
12436 	 -6.988
12437 	 -7.208
12438 	 -6.651
12444 	 -6.708
12448 	 -6.601
12452 	 -6.684
12460 	 -6.601
12466 	 -7.037
12474 	 -6.89
12476 	 -7.1
12480 	 -6.934
12482 	 -6.968
12486 	 -6.884
12490 	 -6.708
12492 	 -6.68
12494 	 -6.641
12498 	 -6.633
12500 	 -6.591
12508 	 -6.582
12516 	 -6.681
12520 	 -6.651
12528 	 -6.783
12532 	 -6.774
12540 	 -6.931
12548 	 -6.912
12550 	 -6.709
12552 	 -6.589
12562 	 -6.514
12564 	 -6.508
12574 	 -6.763
12576 	 -6.743
12578 	 -6.27
12590 	 -6.217
12592 	 -6.072
12594 	 -6.343
12604 	 -6.333
12611 	 -6.516
12618 	 -6.456
12626 	 -6.867
12630 	 -7.213
12634 	 -7.343
12638 	 -7.339
12640 	 -7.293
12648 	 -7.471
12652 	 -7.596
12656 	 -7.588
12662 	 -7.548
12664 	 -7.428
12666 	 -7.416
12668 	 -7.432
12672 	 -7.42
12682 	 -6.921
12686 	 -7.02
12698 	 -6.958
12710 	 -6.954
12712 	 -6.371
12716 	 -6.368
12724 	 -6.418
12732 	 -6.444
12746 	 -6.434
12748 	 -6.417
12758 	 -6.415
12768 	 -6.642
12782 	 -6.696
12802 	 -6.666
12804 	 -6.901
12814 	 -6.899
12826 	 -7.207
12828 	 -7.179
12840 	 -7.071
12848 	 -7.059
12874 	 -7.102
12876 	 -7.528
12882 	 -7.994
12892 	 -8.149
12894 	 -8.125
12896 	 -8.609
12908 	 -8.562
12916 	 -8.488
12920 	 -8.398
12924 	 -8.338
12932 	 -7.995
12944 	 -8.086
12952 	 -7.844
12954 	 -7.775
12956 	 -7.934
12958 	 -7.937
12964 	 -7.818
12970 	 -7.662
12972 	 -7.483
12976 	 -8.484
12978 	 -8.096
12980 	 -7.993
12982 	 -7.907
12984 	 -7.897
12986 	 -7.871
12990 	 -7.969
12996 	 -7.953
12998 	 -7.925
13000 	 -7.977
13004 	 -7.76
13006 	 -7.77
13008 	 -7.658
13010 	 -7.673
13016 	 -7.47
13018 	 -7.197
13024 	 -7.116
13028 	 -7.075
13032 	 -6.982
13042 	 -6.931
13046 	 -7.046
13048 	 -7.087
13052 	 -7.051
13056 	 -7.009
13068 	 -6.89
13070 	 -6.869
13076 	 -6.669
13078 	 -6.676
13082 	 -6.666
13084 	 -6.861
13088 	 -6.836
13096 	 -6.699
13098 	 -6.741
13102 	 -6.736
13110 	 -7.088
13114 	 -7.041
13116 	 -7.186
13126 	 -7.315
13134 	 -7.13
13138 	 -7.356
13142 	 -7.519
13150 	 -7.766
13154 	 -7.903
13156 	 -7.894
13162 	 -7.807
13164 	 -7.711
13168 	 -7.504
13184 	 -7.315
13190 	 -7.356
13198 	 -7.341
13206 	 -7.418
13210 	 -6.972
13214 	 -7.017
13220 	 -6.933
13224 	 -6.901
13230 	 -6.89
13234 	 -6.861
13240 	 -7.13
13246 	 -7.124
13248 	 -7.008
13250 	 -6.79
13254 	 -6.413
13256 	 -6.323
13258 	 -6.293
13262 	 -6.267
13264 	 -6.083
13266 	 -6
13268 	 -5.99
13270 	 -5.985
13274 	 -6.337
13276 	 -6.362
13280 	 -6.243
13282 	 -6.045
13288 	 -6.004
13290 	 -5.987
13294 	 -5.978
13302 	 -5.866
13310 	 -5.815
13314 	 -5.902
13316 	 -5.886
13322 	 -5.962
13328 	 -5.935
13334 	 -5.934
13350 	 -5.876
13360 	 -5.924
13366 	 -5.923
13372 	 -5.915
13374 	 -5.881
13380 	 -5.877
13384 	 -5.766
13388 	 -5.76
13398 	 -5.788
13406 	 -5.81
13432 	 -5.877
13448 	 -5.779
13452 	 -5.769
13454 	 -5.765
13470 	 -5.393
13474 	 -5.225
13484 	 -5.241
13500 	 -4.966
13506 	 -5.056
13508 	 -5.033
13512 	 -5.001
13514 	 -4.992
13516 	 -4.833
13522 	 -4.751
13528 	 -4.707
13542 	 -4.668
13546 	 -4.667
13548 	 -4.737
13560 	 -4.707
13562 	 -4.704
13564 	 -4.681
13604 	 -5.64
13608 	 -5.322
13616 	 -5.222
13628 	 -5.187
13634 	 -5.347
13636 	 -5.516
13648 	 -4.409
13652 	 -4.216
13654 	 -4.214
13666 	 -4.144
13680 	 -4.059
13696 	 -4.02
13704 	 -3.946
13710 	 -3.95
13712 	 -4
13718 	 -3.98
13722 	 -4.035
13738 	 -4.077
13744 	 -3.72
13754 	 -3.61
13760 	 -3.594
13766 	 -3.58
13774 	 -3.293
13782 	 -3.266
13786 	 -3.331
13788 	 -3.327
13794 	 -3.228
13804 	 -2.788
13806 	 -2.711
13814 	 -2.659
13820 	 -2.536
13822 	 -2.522
13830 	 -2.521
13844 	 -2.69
13848 	 -2.689
13858 	 -2.687
13868 	 -2.685
13878 	 -2.792
13884 	 -2.674
13888 	 -3.104
13900 	 -3.096
13902 	 -3.107
13910 	 -3.092
13912 	 -3.086
13914 	 -3.059
13926 	 -3.151
13930 	 -3.25
13932 	 -2.884
13936 	 -2.977
13942 	 -2.968
13948 	 -2.712
13952 	 -2.803
13956 	 -2.822
13978 	 -2.732
13986 	 -2.657
13988 	 -2.641
13990 	 -2.353
13996 	 -2.361
14000 	 -2.347
14004 	 -2.312
14010 	 -2.271
14012 	 -2.27
14014 	 -2.106
14016 	 -2.077
14022 	 -2.027
14024 	 -1.862
14042 	 -1.838
14046 	 -1.959
14048 	 -1.769
14052 	 -1.767
14058 	 -1.763
14062 	 -1.699
14066 	 -1.667
14068 	 -1.578
14070 	 -1.565
14084 	 -1.545
14088 	 -1.464
14094 	 -1.463
14096 	 -1.151
14118 	 -1.15
14120 	 -1.014
14136 	 -0.887
14140 	 -0.882
14142 	 -0.924
14148 	 -0.907
14150 	 -0.878
14160 	 -0.872
14176 	 -0.83
14178 	 -0.609
14202 	 -0.498
14204 	 -0.492
14212 	 -0.49
14226 	 -0.472
14228 	 -0.455
14248 	 -0.452
14250 	 -0.347
14286 	 -0.304
14314 	 -0.279
14318 	 -0.277
14326 	 -0.276
14370 	 -0.27
14372 	 -0.263
14378 	 -0.223
14384 	 -0.219
14394 	 -0.217
14408 	 -0.216
14420 	 -0.207
14424 	 -0.195
14456 	 -0.194
14466 	 -0.191
14470 	 -0.182
14472 	 -0.179
14476 	 -0.17
14570 	 -0.169
14596 	 -0.164
15000 	 -1.415
15024 	 -1.563
15050 	 -2.328
15078 	 -2.913
15112 	 -3.348
15158 	 -3.547
15162 	 -3.609
15174 	 -3.539
15186 	 -3.106
15216 	 -3.56
15222 	 -3.557
15232 	 -3.381
15238 	 -3.646
15262 	 -3.146
15268 	 -2.888
15282 	 -2.49
15298 	 -1.971
15308 	 -1.988
15310 	 -2.05
15334 	 -2.198
15336 	 -2.646
15342 	 -2.643
15346 	 -2.565
15352 	 -2.564
15354 	 -2.655
15356 	 -2.91
15372 	 -2.906
15374 	 -2.116
15400 	 -1.407
15422 	 -1.08
15456 	 -0.685
15460 	 -0.539
15470 	 -0.535
15486 	 -0.249
15492 	 -0.178
15558 	 -0.076
15574 	 -0.047
15660 	 -0.038
15708 	 -0.032
15864 	 -0.023
15888 	 -0.02
15904 	 -0.012
15916 	 -0.009
16306 	 -0.008
18000 	 -2.128
18020 	 -2.263
18042 	 -2.839
18064 	 -3.056
18088 	 -2.581
18120 	 -2.098
18154 	 -3.36
18180 	 -3.096
18190 	 -4.019
18234 	 -5.482
18252 	 -5.458
18262 	 -5.085
18270 	 -4.116
18278 	 -4.053
18286 	 -3.912
18296 	 -5.161
18316 	 -5.206
18328 	 -5.694
18336 	 -5.343
18342 	 -5.412
18348 	 -4.821
18360 	 -4.198
18368 	 -3.586
18384 	 -3.614
18402 	 -2.67
18420 	 -1.402
18426 	 -1.226
18434 	 -0.99
18448 	 -0.31
18472 	 -0.25
18552 	 -0.028
18864 	 -0.012
19002 	 0
21000 	 -1.44
21001 	 -1.44
