0 	 0
3000 	 -1.376
3024 	 -1.496
3050 	 -1.88
3062 	 -2.472
3078 	 -3.176
3112 	 -3.62
3158 	 -3.808
3164 	 -3.728
3186 	 -2.828
3198 	 -2.688
3216 	 -1.912
3232 	 -1.736
3238 	 -1.364
3262 	 -0.608
3296 	 -0.264
3400 	 -0.024
3636 	 -0.008
3904 	 0
6000 	 -2.478
6020 	 -2.638
6042 	 -3.286
6064 	 -3.582
6088 	 -3.11
6120 	 -2.686
6138 	 -2.872
6154 	 -3.312
6180 	 -3.048
6190 	 -3.516
6198 	 -3.5
6234 	 -3.9
6284 	 -4.203
6296 	 -4.179
6346 	 -4.159
6360 	 -2.871
6374 	 -2.271
6376 	 -1.719
6424 	 -1.319
6444 	 -0.761
6504 	 -0.637
6506 	 -0.613
6552 	 -0.501
6634 	 -0.359
6704 	 -0.331
6710 	 -0.307
6726 	 -0.295
6728 	 -0.267
6782 	 -0.263
6894 	 -0.165
6990 	 -0.145
6994 	 -0.125
7002 	 -0.093
7272 	 -0.089
7278 	 -0.085
7290 	 -0.073
7324 	 -0.025
9000 	 -1.433
9024 	 -1.537
9050 	 -2.497
9078 	 -3.177
9112 	 -3.761
9158 	 -3.713
9162 	 -3.797
9174 	 -3.705
9186 	 -2.857
9216 	 -3.589
9232 	 -3.413
9238 	 -3.801
9262 	 -1.973
9268 	 -1.305
9298 	 -0.417
9304 	 -0.413
9306 	 -0.409
9334 	 -0.277
9400 	 -0.025
9660 	 -0.009
9904 	 -0.001
12000 	 -2.128
12004 	 -2.681
12006 	 -3.907
12008 	 -5.99
12010 	 -7.135
12012 	 -8.204
12016 	 -8.793
12020 	 -9.459
12028 	 -9.593
12030 	 -9.661
12040 	 -9.732
12042 	 -10.208
12054 	 -9.719
12064 	 -9.819
12070 	 -10.362
12072 	 -10.404
12074 	 -9.925
12086 	 -10.15
12088 	 -9.538
12100 	 -9.605
12102 	 -9.489
12114 	 -9.63
12120 	 -9.102
12130 	 -8.683
12132 	 -9.015
12140 	 -9.28
12148 	 -9.52
12152 	 -9.657
12154 	 -10.693
12160 	 -11.051
12164 	 -10.941
12178 	 -11.157
12180 	 -11.117
12182 	 -11.524
12184 	 -11.376
12186 	 -11.696
12188 	 -11.82
12190 	 -12.136
12192 	 -12.079
12198 	 -12.057
12200 	 -11.943
12204 	 -11.991
12206 	 -12.026
12210 	 -12.095
12212 	 -13.139
12226 	 -14.183
12228 	 -14.342
12230 	 -14.271
12234 	 -15.653
12236 	 -15.497
12242 	 -15.405
12246 	 -15.681
12248 	 -15.666
12252 	 -14.987
12254 	 -14.748
12256 	 -14.617
12260 	 -14.3
12264 	 -14.235
12266 	 -14.648
12270 	 -14.775
12272 	 -14.842
12274 	 -13.59
12276 	 -13.435
12282 	 -13.109
12290 	 -12.837
12296 	 -13.09
12300 	 -13.234
12304 	 -13.038
12310 	 -13.096
12314 	 -13.095
12320 	 -13.097
12324 	 -12.493
12328 	 -12.274
12330 	 -12.333
12332 	 -12.365
12334 	 -12.323
12336 	 -12.354
12338 	 -12.102
12344 	 -11.256
12346 	 -11.276
12350 	 -11.33
12354 	 -11.318
12356 	 -11.266
12358 	 -10.63
12360 	 -9.678
12364 	 -9.503
12376 	 -9.402
12380 	 -9.391
12382 	 -9.383
12386 	 -9.056
12392 	 -9.275
12398 	 -9.27
12400 	 -9.158
12404 	 -8.581
12410 	 -8.58
12412 	 -8.269
12414 	 -8.108
12420 	 -8.002
12426 	 -7.978
12430 	 -7.911
12436 	 -8.389
12438 	 -7.474
12444 	 -7.35
12448 	 -7.243
12452 	 -6.969
12456 	 -6.932
12460 	 -6.906
12464 	 -6.841
12466 	 -7.202
12470 	 -7.132
12476 	 -7.251
12480 	 -7.085
12482 	 -7.145
12488 	 -7.135
12492 	 -7.107
12494 	 -7.162
12502 	 -7.143
12510 	 -7.611
12516 	 -7.459
12520 	 -7.429
12526 	 -7.713
12532 	 -7.704
12536 	 -7.7
12550 	 -7.538
12552 	 -7.418
12562 	 -7.402
12566 	 -7.37
12568 	 -7.154
12570 	 -7.209
12574 	 -7.544
12576 	 -7.54
12578 	 -7.513
12582 	 -7.372
12590 	 -7.34
12592 	 -7.161
12600 	 -7.206
12604 	 -7.201
12606 	 -7.039
12614 	 -6.948
12618 	 -6.878
12624 	 -6.865
12630 	 -7.26
12636 	 -7.251
12638 	 -7.239
12640 	 -7.182
12648 	 -7.16
12656 	 -7.152
12664 	 -7.192
12666 	 -7.322
12668 	 -7.358
12676 	 -7.683
12684 	 -7.66
12696 	 -7.46
12710 	 -7.458
12712 	 -6.928
12716 	 -6.925
12718 	 -7.077
12726 	 -7.15
12732 	 -7.181
12734 	 -6.975
12740 	 -6.968
12746 	 -7.335
12748 	 -7.398
12758 	 -7.396
12760 	 -7.249
12768 	 -7.402
12776 	 -7.392
12778 	 -7.595
12780 	 -7.54
12782 	 -8.235
12794 	 -8.629
12800 	 -8.824
12804 	 -8.931
12808 	 -9.129
12814 	 -9.095
12818 	 -9.22
12826 	 -9.215
12828 	 -9.18
12830 	 -8.991
12840 	 -9.008
12842 	 -9.016
12848 	 -9.114
12850 	 -8.879
12854 	 -9.316
12856 	 -9.258
12866 	 -9.128
12868 	 -9.333
12870 	 -9.18
12874 	 -8.925
12880 	 -8.712
12892 	 -8.628
12894 	 -8.753
12896 	 -8.71
12898 	 -8.568
12904 	 -8.628
12908 	 -8.396
12914 	 -8.381
12916 	 -8.207
12920 	 -8.117
12924 	 -8.109
12928 	 -7.961
12930 	 -7.208
12932 	 -7.14
12934 	 -7.442
12938 	 -7.504
12946 	 -7.389
12950 	 -7.957
12952 	 -7.85
12954 	 -7.781
12956 	 -7.813
12964 	 -7.805
12970 	 -7.8
12972 	 -7.626
12978 	 -7.539
12982 	 -7.436
12984 	 -7.185
12986 	 -7.156
12990 	 -7.147
12994 	 -6.871
12996 	 -6.865
13002 	 -6.881
13004 	 -7.135
13006 	 -7.147
13008 	 -7.133
13010 	 -7.271
13012 	 -7.265
13016 	 -7.484
13018 	 -7.452
13022 	 -7.9
13028 	 -7.72
13032 	 -7.676
13036 	 -7.582
13042 	 -7.542
13044 	 -7.539
13048 	 -7.871
13050 	 -7.771
13052 	 -7.712
13058 	 -7.441
13066 	 -7.533
13068 	 -7.414
13074 	 -7.125
13076 	 -7.101
13078 	 -7.07
13080 	 -7.139
13082 	 -7.116
13084 	 -7.114
13086 	 -7.011
13094 	 -6.835
13096 	 -6.698
13102 	 -6.694
13112 	 -6.778
13114 	 -6.729
13120 	 -6.804
13122 	 -6.521
13128 	 -6.609
13130 	 -6.589
13134 	 -6.555
13148 	 -6.392
13150 	 -6.326
13156 	 -5.998
13160 	 -5.881
13166 	 -5.871
13168 	 -5.801
13170 	 -5.727
13174 	 -5.716
13176 	 -5.652
13182 	 -5.651
13190 	 -5.137
13194 	 -5.134
13198 	 -5.041
13202 	 -5.028
13206 	 -5.185
13210 	 -5.144
13212 	 -5.135
13218 	 -5.151
13220 	 -5.118
13236 	 -5.195
13246 	 -5.126
13248 	 -5.027
13250 	 -4.879
13254 	 -4.878
13258 	 -4.903
13262 	 -4.877
13268 	 -4.867
13272 	 -4.995
13282 	 -5.039
13290 	 -5.022
13304 	 -5.123
13314 	 -5.27
13318 	 -5.356
13326 	 -5.286
13328 	 -5.252
13330 	 -5.369
13334 	 -5.363
13350 	 -5.414
13354 	 -5.483
13364 	 -5.464
13366 	 -5.427
13372 	 -5.415
13374 	 -5.412
13378 	 -5.413
13382 	 -5.271
13384 	 -5.195
13388 	 -5.191
13392 	 -5.053
13398 	 -4.969
13402 	 -5.066
13406 	 -4.946
13416 	 -4.831
13422 	 -4.807
13432 	 -4.79
13438 	 -4.688
13440 	 -4.633
13442 	 -4.587
13454 	 -4.576
13458 	 -4.486
13460 	 -4.581
13462 	 -4.552
13464 	 -4.513
13468 	 -4.419
13474 	 -4.394
13484 	 -4.41
13494 	 -4.408
13514 	 -4.378
13518 	 -4.395
13524 	 -4.371
13534 	 -4.343
13536 	 -4.026
13540 	 -4.021
13542 	 -4.017
13546 	 -3.75
13554 	 -3.733
13570 	 -3.689
13572 	 -3.671
13588 	 -3.658
13590 	 -3.507
13604 	 -3.385
13608 	 -3.439
13614 	 -3.396
13630 	 -3.38
13634 	 -3.252
13648 	 -2.214
13654 	 -2.212
13658 	 -2.192
13660 	 -2.231
13672 	 -2.224
13682 	 -2.378
13686 	 -2.341
13696 	 -2.302
13706 	 -2.282
13712 	 -2.378
13722 	 -2.376
13726 	 -2.375
13744 	 -2.04
13760 	 -2.008
13766 	 -1.998
13784 	 -1.87
13786 	 -1.644
13804 	 -1.195
13806 	 -1.136
13820 	 -1.13
13832 	 -0.769
13852 	 -0.722
13858 	 -0.72
13862 	 -0.71
13878 	 -0.61
13884 	 -0.581
13900 	 -0.575
13902 	 -0.522
13904 	 -0.501
13906 	 -0.465
13912 	 -0.459
13922 	 -0.454
13942 	 -0.445
13956 	 -0.437
13958 	 -0.435
13974 	 -0.432
14036 	 -0.412
14048 	 -0.36
14058 	 -0.355
14074 	 -0.354
14078 	 -0.347
14096 	 -0.32
14120 	 -0.318
14136 	 -0.191
14168 	 -0.189
14192 	 -0.188
14212 	 -0.186
14224 	 -0.184
14270 	 -0.181
14318 	 -0.179
14378 	 -0.139
14426 	 -0.138
14436 	 -0.136
15000 	 -1.404
15024 	 -1.534
15050 	 -2.187
15078 	 -2.637
15112 	 -2.879
15158 	 -2.875
15162 	 -2.917
15174 	 -2.869
15186 	 -2.343
15216 	 -2.551
15222 	 -2.549
15232 	 -2.373
15238 	 -2.501
15262 	 -1.874
15268 	 -1.702
15282 	 -1.438
15298 	 -1.09
15310 	 -1.131
15336 	 -1.429
15342 	 -1.427
15346 	 -1.375
15356 	 -1.545
15372 	 -1.541
15374 	 -1.161
15400 	 -0.721
15422 	 -0.561
15456 	 -0.299
15470 	 -0.294
15486 	 -0.102
15556 	 -0.101
15558 	 -0.031
15660 	 -0.025
15864 	 -0.017
15888 	 -0.015
15904 	 -0.007
18000 	 -2.128
18020 	 -2.236
18042 	 -2.716
18064 	 -2.81
18088 	 -2.232
18120 	 -1.658
18154 	 -2.416
18180 	 -2.152
18190 	 -2.608
18234 	 -3.44
18252 	 -3.424
18262 	 -3.238
18270 	 -2.592
18278 	 -2.55
18286 	 -2.456
18296 	 -3.002
18316 	 -3.032
18328 	 -3.276
18336 	 -3.042
18342 	 -3.068
18348 	 -2.674
18360 	 -2.166
18368 	 -1.86
18384 	 -1.874
18402 	 -1.364
18420 	 -0.73
18426 	 -0.642
18434 	 -0.524
18448 	 -0.184
18472 	 -0.154
18552 	 -0.016
18864 	 -0.008
19002 	 0
21000 	 -1.44
21001 	 -1.44
