0 	 0
3000 	 -1.376
3024 	 -1.496
3050 	 -1.88
3062 	 -2.472
3078 	 -3.176
3112 	 -3.62
3158 	 -3.808
3164 	 -3.728
3186 	 -2.828
3198 	 -2.688
3216 	 -1.912
3232 	 -1.736
3238 	 -1.364
3262 	 -0.608
3296 	 -0.264
3400 	 -0.024
3636 	 -0.008
3904 	 0
6000 	 -2.478
6020 	 -2.638
6042 	 -3.286
6064 	 -3.582
6088 	 -3.11
6120 	 -2.686
6138 	 -2.872
6154 	 -3.312
6180 	 -3.048
6190 	 -3.516
6198 	 -3.5
6234 	 -3.9
6284 	 -4.203
6296 	 -4.179
6346 	 -4.159
6360 	 -2.871
6374 	 -2.271
6376 	 -1.719
6424 	 -1.319
6444 	 -0.761
6504 	 -0.637
6506 	 -0.613
6552 	 -0.501
6634 	 -0.359
6704 	 -0.331
6710 	 -0.307
6726 	 -0.295
6728 	 -0.267
6782 	 -0.263
6894 	 -0.165
6990 	 -0.145
6994 	 -0.125
7002 	 -0.093
7272 	 -0.089
7278 	 -0.085
7290 	 -0.073
7324 	 -0.025
9000 	 -1.433
9024 	 -1.537
9050 	 -2.497
9078 	 -3.177
9112 	 -3.761
9158 	 -3.713
9162 	 -3.797
9174 	 -3.705
9186 	 -2.857
9216 	 -3.589
9232 	 -3.413
9238 	 -3.801
9262 	 -1.973
9268 	 -1.305
9298 	 -0.417
9304 	 -0.413
9306 	 -0.409
9334 	 -0.277
9400 	 -0.025
9660 	 -0.009
9904 	 -0.001
12000 	 -2.128
12004 	 -2.641
12006 	 -3.867
12008 	 -5.539
12010 	 -6.684
12012 	 -7.538
12016 	 -8.127
12020 	 -8.68
12028 	 -8.814
12030 	 -8.882
12040 	 -8.865
12042 	 -9.341
12054 	 -8.852
12064 	 -8.952
12070 	 -9.311
12072 	 -9.353
12074 	 -8.874
12086 	 -9.099
12088 	 -8.487
12100 	 -8.571
12102 	 -8.455
12114 	 -8.596
12120 	 -8.068
12130 	 -7.855
12132 	 -8.187
12140 	 -8.452
12148 	 -8.692
12152 	 -8.829
12154 	 -9.865
12164 	 -9.755
12178 	 -9.773
12180 	 -9.734
12182 	 -10.141
12184 	 -9.993
12186 	 -10.319
12188 	 -10.456
12190 	 -10.772
12192 	 -10.715
12200 	 -10.503
12206 	 -10.538
12210 	 -10.628
12212 	 -11.672
12226 	 -12.189
12228 	 -12.348
12230 	 -12.199
12234 	 -13.581
12236 	 -13.438
12242 	 -13.477
12248 	 -13.444
12252 	 -12.765
12254 	 -12.888
12260 	 -12.571
12264 	 -12.506
12266 	 -12.99
12270 	 -13.117
12272 	 -13.116
12274 	 -11.864
12276 	 -12.07
12282 	 -11.773
12290 	 -11.501
12296 	 -11.754
12300 	 -11.898
12304 	 -11.748
12320 	 -11.75
12324 	 -11.146
12328 	 -11.217
12330 	 -11.217
12332 	 -11.249
12336 	 -11.122
12338 	 -10.87
12344 	 -10.074
12350 	 -10.055
12352 	 -10.122
12354 	 -10.11
12358 	 -9.44
12360 	 -8.488
12378 	 -8.372
12382 	 -8.227
12386 	 -7.8
12398 	 -7.725
12400 	 -7.613
12402 	 -7.434
12404 	 -7.162
12410 	 -7.235
12412 	 -6.924
12420 	 -6.818
12426 	 -6.794
12430 	 -6.727
12436 	 -7.172
12438 	 -6.6
12444 	 -6.526
12448 	 -6.419
12452 	 -6.316
12456 	 -6.279
12460 	 -6.196
12464 	 -6.063
12466 	 -6.424
12476 	 -6.524
12480 	 -6.358
12492 	 -6.33
12494 	 -6.291
12502 	 -6.272
12508 	 -6.263
12510 	 -6.741
12516 	 -6.617
12520 	 -6.587
12522 	 -6.937
12532 	 -6.928
12536 	 -6.924
12548 	 -6.905
12550 	 -6.784
12552 	 -6.664
12562 	 -6.599
12570 	 -6.654
12574 	 -6.991
12578 	 -6.964
12580 	 -6.758
12590 	 -6.717
12592 	 -6.396
12604 	 -6.381
12614 	 -6.29
12618 	 -6.071
12624 	 -6.042
12630 	 -6.435
12638 	 -6.431
12640 	 -6.374
12650 	 -6.387
12668 	 -6.423
12672 	 -6.589
12682 	 -6.502
12710 	 -6.498
12712 	 -6.1
12714 	 -6.126
12716 	 -6.1
12732 	 -6.126
12744 	 -6.181
12748 	 -6.164
12750 	 -6.257
12758 	 -6.255
12768 	 -6.769
12780 	 -6.714
12794 	 -7.484
12804 	 -7.789
12814 	 -7.787
12824 	 -7.967
12826 	 -8.006
12828 	 -7.971
12834 	 -7.943
12840 	 -7.936
12844 	 -7.811
12854 	 -7.739
12856 	 -7.993
12864 	 -8.076
12866 	 -7.88
12870 	 -7.952
12874 	 -7.7
12876 	 -7.86
12886 	 -7.654
12892 	 -7.655
12894 	 -7.483
12898 	 -7.395
12908 	 -6.882
12916 	 -6.892
12918 	 -6.787
12920 	 -6.697
12922 	 -6.458
12934 	 -6.363
12938 	 -6.342
12940 	 -6.473
12942 	 -6.402
12954 	 -6.333
12956 	 -6.215
12964 	 -6.208
12966 	 -5.985
12968 	 -6.049
12970 	 -6.044
12972 	 -5.865
12976 	 -5.86
12982 	 -5.768
12984 	 -6.015
12986 	 -5.989
12988 	 -5.916
12990 	 -5.91
12996 	 -5.885
13004 	 -5.811
13006 	 -5.967
13008 	 -5.953
13010 	 -5.968
13014 	 -5.935
13018 	 -5.929
13026 	 -5.937
13028 	 -5.896
13032 	 -5.75
13034 	 -6.098
13036 	 -6.019
13042 	 -5.979
13052 	 -6.173
13058 	 -6.177
13060 	 -6.128
13064 	 -6.267
13068 	 -6.134
13080 	 -5.971
13082 	 -5.929
13084 	 -6.006
13088 	 -5.923
13090 	 -5.94
13096 	 -5.803
13102 	 -5.798
13106 	 -5.74
13110 	 -5.776
13112 	 -5.566
13114 	 -5.517
13116 	 -5.266
13126 	 -5.149
13130 	 -5.103
13132 	 -5.346
13140 	 -5.348
13150 	 -5.133
13156 	 -5.125
13160 	 -4.912
13162 	 -4.959
13164 	 -4.618
13168 	 -4.548
13172 	 -4.51
13174 	 -4.454
13180 	 -4.297
13184 	 -4.228
13190 	 -4.278
13200 	 -4.384
13202 	 -4.371
13206 	 -4.487
13212 	 -4.541
13216 	 -4.396
13220 	 -4.387
13234 	 -4.181
13236 	 -4.091
13246 	 -4.081
13248 	 -3.847
13250 	 -3.746
13258 	 -3.744
13262 	 -3.718
13268 	 -3.708
13270 	 -3.686
13272 	 -3.804
13274 	 -3.896
13290 	 -3.87
13294 	 -3.848
13302 	 -3.765
13304 	 -3.721
13312 	 -3.762
13318 	 -3.791
13328 	 -3.757
13344 	 -3.789
13346 	 -3.786
13348 	 -3.835
13366 	 -3.929
13372 	 -3.959
13384 	 -3.848
13388 	 -3.842
13390 	 -3.771
13392 	 -3.688
13398 	 -3.63
13408 	 -3.488
13412 	 -3.536
13418 	 -3.326
13424 	 -3.319
13428 	 -3.284
13434 	 -3.276
13438 	 -3.2
13440 	 -3.17
13450 	 -3.167
13454 	 -3.152
13462 	 -3.106
13468 	 -3.242
13474 	 -3.217
13480 	 -3.193
13484 	 -3.3
13486 	 -3.239
13504 	 -3.218
13514 	 -3.209
13522 	 -3.246
13526 	 -3.381
13536 	 -3.355
13542 	 -3.311
13580 	 -3.198
13604 	 -3.055
13648 	 -1.982
13654 	 -1.98
13660 	 -1.909
13668 	 -1.943
13696 	 -1.904
13704 	 -1.922
13708 	 -2.041
13726 	 -2.04
13744 	 -1.947
13754 	 -2.019
13760 	 -1.999
13766 	 -1.985
13802 	 -1.968
13804 	 -1.578
13820 	 -1.572
13826 	 -1.487
13856 	 -1.657
13874 	 -1.892
13878 	 -1.792
13882 	 -1.79
13892 	 -1.592
13900 	 -1.584
13902 	 -1.531
13910 	 -1.547
13912 	 -1.541
13928 	 -1.434
13930 	 -1.542
13942 	 -1.66
13944 	 -1.593
13966 	 -1.535
13984 	 -1.503
13986 	 -1.484
13988 	 -1.481
13990 	 -1.469
13994 	 -1.437
14006 	 -1.413
14010 	 -1.391
14024 	 -1.379
14032 	 -1.368
14048 	 -1.264
14058 	 -1.259
14074 	 -1.228
14078 	 -1.226
14080 	 -1.224
14082 	 -0.944
14106 	 -1.01
14120 	 -1.007
14128 	 -1.074
14136 	 -0.947
14142 	 -1.011
14160 	 -0.99
14180 	 -0.992
14182 	 -0.959
14188 	 -0.95
14192 	 -0.94
14212 	 -0.938
14228 	 -0.937
14230 	 -1.103
14258 	 -1.109
14288 	 -1.104
14292 	 -1.03
14306 	 -1.004
14318 	 -1.002
14322 	 -0.949
14326 	 -0.948
14338 	 -0.822
14364 	 -0.762
14366 	 -0.715
14378 	 -0.675
14392 	 -0.661
14402 	 -0.439
14418 	 -0.421
14420 	 -0.419
14434 	 -0.367
14444 	 -0.328
14454 	 -0.216
14488 	 -0.19
14514 	 -0.181
14532 	 -0.172
14568 	 -0.163
14574 	 -0.145
14576 	 -0.144
14622 	 -0.14
14678 	 -0.139
15000 	 -1.409
15024 	 -1.539
15050 	 -2.194
15078 	 -2.64
15112 	 -2.891
15158 	 -2.939
15162 	 -2.981
15174 	 -2.933
15186 	 -2.554
15216 	 -2.71
15222 	 -2.707
15232 	 -2.531
15238 	 -2.66
15262 	 -2.236
15266 	 -2.207
15268 	 -2.121
15276 	 -1.967
15282 	 -1.835
15298 	 -1.662
15300 	 -1.492
15310 	 -1.554
15336 	 -2.001
15342 	 -1.998
15346 	 -1.972
15350 	 -1.95
15356 	 -2.205
15372 	 -2.201
15374 	 -1.631
15400 	 -1.066
15422 	 -0.826
15456 	 -0.433
15470 	 -0.428
15486 	 -0.141
15558 	 -0.036
15658 	 -0.033
15660 	 -0.03
15864 	 -0.018
15888 	 -0.015
15904 	 -0.007
16134 	 -0.006
18000 	 -2.128
18020 	 -2.245
18042 	 -2.757
18064 	 -2.891
18088 	 -2.353
18120 	 -1.825
18154 	 -2.664
18180 	 -2.4
18190 	 -2.991
18234 	 -3.922
18252 	 -3.906
18262 	 -3.627
18270 	 -2.981
18278 	 -2.939
18286 	 -2.845
18296 	 -3.748
18316 	 -3.778
18328 	 -4.144
18336 	 -3.91
18342 	 -3.966
18348 	 -3.572
18360 	 -3.131
18368 	 -2.673
18384 	 -2.693
18402 	 -2.004
18420 	 -1.053
18426 	 -0.921
18434 	 -0.744
18448 	 -0.234
18472 	 -0.189
18552 	 -0.02
18864 	 -0.008
19002 	 0
21000 	 -1.44
21001 	 -1.44
