0 	 0
3000 	 -1.376
3024 	 -1.496
3050 	 -1.88
3062 	 -2.472
3078 	 -3.176
3112 	 -3.62
3158 	 -3.808
3164 	 -3.728
3186 	 -2.828
3198 	 -2.688
3216 	 -1.912
3232 	 -1.736
3238 	 -1.364
3262 	 -0.608
3296 	 -0.264
3400 	 -0.024
3636 	 -0.008
3904 	 0
6000 	 -2.478
6020 	 -2.638
6042 	 -3.286
6064 	 -3.582
6088 	 -3.11
6120 	 -2.686
6138 	 -2.872
6154 	 -3.312
6180 	 -3.048
6190 	 -3.516
6198 	 -3.5
6234 	 -3.9
6284 	 -4.203
6296 	 -4.179
6346 	 -4.159
6360 	 -2.871
6374 	 -2.271
6376 	 -1.719
6424 	 -1.319
6444 	 -0.761
6504 	 -0.637
6506 	 -0.613
6552 	 -0.501
6634 	 -0.359
6704 	 -0.331
6710 	 -0.307
6726 	 -0.295
6728 	 -0.267
6782 	 -0.263
6894 	 -0.165
6990 	 -0.145
6994 	 -0.125
7002 	 -0.093
7272 	 -0.089
7278 	 -0.085
7290 	 -0.073
7324 	 -0.025
9000 	 -1.433
9024 	 -1.537
9050 	 -2.497
9078 	 -3.177
9112 	 -3.761
9158 	 -3.713
9162 	 -3.797
9174 	 -3.705
9186 	 -2.857
9216 	 -3.589
9232 	 -3.413
9238 	 -3.801
9262 	 -1.973
9268 	 -1.305
9298 	 -0.417
9304 	 -0.413
9306 	 -0.409
9334 	 -0.277
9400 	 -0.025
9660 	 -0.009
9904 	 -0.001
12000 	 -2.128
12004 	 -2.641
12006 	 -3.867
12008 	 -5.539
12010 	 -6.684
12012 	 -7.538
12016 	 -8.127
12020 	 -8.68
12028 	 -8.814
12030 	 -8.882
12040 	 -8.865
12042 	 -9.341
12054 	 -8.852
12064 	 -8.952
12070 	 -9.319
12072 	 -9.361
12074 	 -8.882
12086 	 -9.107
12088 	 -8.495
12100 	 -8.635
12102 	 -8.519
12120 	 -7.991
12130 	 -7.739
12132 	 -8.075
12140 	 -8.34
12148 	 -8.58
12152 	 -8.717
12154 	 -9.753
12160 	 -10.111
12164 	 -10.001
12178 	 -10.212
12180 	 -10.206
12182 	 -10.614
12186 	 -10.968
12188 	 -11.096
12190 	 -11.412
12198 	 -11.39
12200 	 -11.544
12206 	 -11.655
12212 	 -12.699
12226 	 -13.223
12228 	 -13.382
12230 	 -13.67
12234 	 -15.052
12236 	 -14.841
12246 	 -15.203
12252 	 -14.563
12254 	 -14.361
12256 	 -14.369
12260 	 -14.052
12264 	 -14.373
12266 	 -14.785
12270 	 -14.912
12272 	 -14.958
12274 	 -13.706
12276 	 -13.68
12282 	 -13.494
12286 	 -13.491
12288 	 -13.591
12290 	 -13.365
12296 	 -13.618
12300 	 -13.762
12304 	 -13.532
12310 	 -13.572
12312 	 -13.537
12314 	 -13.347
12324 	 -12.882
12328 	 -12.966
12332 	 -12.998
12334 	 -12.913
12338 	 -12.661
12340 	 -12.697
12344 	 -11.901
12350 	 -11.877
12352 	 -11.826
12354 	 -11.857
12358 	 -11.113
12360 	 -10.161
12372 	 -10.146
12376 	 -9.724
12380 	 -9.727
12382 	 -9.558
12386 	 -9.362
12390 	 -9.432
12392 	 -9.362
12394 	 -9.212
12398 	 -9.207
12400 	 -9.095
12402 	 -9.186
12404 	 -8.836
12412 	 -8.514
12420 	 -8.408
12426 	 -8.384
12430 	 -8.317
12434 	 -8.357
12436 	 -8.974
12438 	 -8.118
12444 	 -8.015
12448 	 -7.908
12450 	 -8.01
12452 	 -7.946
12456 	 -8.056
12460 	 -8.012
12464 	 -8.247
12466 	 -8.608
12468 	 -8.6
12476 	 -8.74
12480 	 -8.574
12488 	 -8.499
12492 	 -8.471
12494 	 -8.446
12498 	 -8.878
12508 	 -8.869
12512 	 -8.823
12516 	 -8.699
12520 	 -8.684
12526 	 -8.914
12534 	 -8.767
12536 	 -9.136
12550 	 -9.028
12552 	 -8.908
12562 	 -8.907
12564 	 -8.901
12570 	 -8.956
12574 	 -9.538
12576 	 -9.514
12578 	 -9.482
12588 	 -9.626
12590 	 -9.589
12592 	 -9.175
12604 	 -9.165
12608 	 -9.204
12610 	 -9.148
12614 	 -8.991
12616 	 -9.184
12618 	 -9.123
12624 	 -9.022
12626 	 -9.155
12630 	 -9.807
12638 	 -9.785
12640 	 -9.529
12642 	 -9.546
12652 	 -9.694
12654 	 -9.749
12664 	 -9.798
12668 	 -9.834
12670 	 -9.88
12672 	 -9.77
12684 	 -9.903
12710 	 -9.9
12712 	 -8.922
12716 	 -8.919
12730 	 -8.875
12732 	 -8.861
12736 	 -8.85
12738 	 -8.846
12742 	 -8.806
12748 	 -8.789
12756 	 -8.755
12758 	 -8.754
12764 	 -8.667
12766 	 -8.648
12768 	 -9.11
12772 	 -9.061
12774 	 -9.201
12776 	 -9.186
12780 	 -9.131
12788 	 -9.052
12792 	 -9.146
12794 	 -9.611
12800 	 -10.221
12804 	 -10.328
12812 	 -10.067
12816 	 -9.995
12818 	 -10.269
12820 	 -10.465
12824 	 -10.64
12828 	 -10.679
12836 	 -10.73
12840 	 -10.692
12850 	 -11.061
12856 	 -11.023
12858 	 -10.711
12868 	 -10.607
12870 	 -10.464
12874 	 -10.409
12876 	 -10.354
12884 	 -10.445
12888 	 -10.461
12892 	 -10.473
12894 	 -10.461
12896 	 -10.278
12900 	 -10.144
12908 	 -9.179
12910 	 -9.393
12914 	 -9.197
12916 	 -9.123
12920 	 -9.085
12932 	 -9.066
12936 	 -8.333
12940 	 -8.314
12944 	 -8.272
12952 	 -8.077
12954 	 -8.011
12956 	 -8.044
12958 	 -8.227
12964 	 -8.22
12972 	 -8.046
12976 	 -8.03
12982 	 -7.942
12984 	 -7.709
12986 	 -7.68
12990 	 -7.674
12996 	 -7.683
12998 	 -7.698
13000 	 -7.577
13002 	 -7.609
13004 	 -7.552
13006 	 -7.562
13008 	 -7.555
13010 	 -7.541
13014 	 -7.665
13020 	 -7.682
13028 	 -7.663
13034 	 -7.689
13036 	 -8.324
13042 	 -8.086
13044 	 -8.244
13050 	 -8.369
13052 	 -8.319
13058 	 -8.239
13060 	 -8.118
13068 	 -8.009
13076 	 -8.551
13078 	 -8.529
13080 	 -8.523
13082 	 -8.516
13084 	 -8.489
13088 	 -8.487
13090 	 -8.548
13096 	 -8.411
13098 	 -8.462
13100 	 -8.19
13102 	 -8.169
13110 	 -8.042
13114 	 -8.04
13120 	 -8.158
13122 	 -8.263
13124 	 -8.134
13126 	 -8.107
13132 	 -8.273
13140 	 -8.263
13144 	 -8.377
13148 	 -8.244
13150 	 -8.178
13162 	 -7.899
13166 	 -7.678
13168 	 -7.608
13170 	 -7.723
13172 	 -7.804
13174 	 -7.793
13178 	 -7.714
13180 	 -7.804
13182 	 -7.803
13192 	 -7.894
13194 	 -7.69
13202 	 -7.714
13206 	 -7.837
13214 	 -7.738
13218 	 -7.713
13220 	 -7.704
13222 	 -7.655
13224 	 -7.715
13234 	 -7.548
13246 	 -7.479
13248 	 -6.844
13250 	 -6.226
13254 	 -6.217
13256 	 -6.196
13262 	 -6.17
13266 	 -6.308
13268 	 -6.303
13270 	 -6.298
13272 	 -6.793
13274 	 -6.978
13290 	 -6.969
13294 	 -7.051
13308 	 -7.084
13310 	 -7.39
13320 	 -7.03
13328 	 -6.869
13330 	 -7.145
13338 	 -7.193
13342 	 -7.163
13348 	 -6.99
13364 	 -7.044
13366 	 -7.079
13372 	 -7.073
13374 	 -6.712
13384 	 -6.601
13388 	 -6.597
13392 	 -6.29
13398 	 -6.212
13400 	 -5.877
13416 	 -5.85
13418 	 -5.847
13424 	 -5.944
13426 	 -5.877
13432 	 -5.801
13442 	 -5.746
13444 	 -5.713
13450 	 -5.607
13454 	 -5.566
13456 	 -5.5
13466 	 -5.561
13468 	 -5.546
13470 	 -5.499
13474 	 -5.474
13484 	 -5.537
13494 	 -5.191
13510 	 -5.161
13514 	 -5.105
13522 	 -4.866
13524 	 -4.962
13528 	 -4.918
13536 	 -4.689
13542 	 -4.779
13544 	 -4.862
13546 	 -4.702
13560 	 -4.637
13580 	 -4.654
13584 	 -4.653
13586 	 -4.265
13588 	 -4.247
13598 	 -4.124
13602 	 -4.098
13604 	 -3.976
13624 	 -3.678
13634 	 -3.636
13648 	 -1.755
13690 	 -1.684
13694 	 -1.673
13696 	 -1.634
13712 	 -1.632
13714 	 -1.608
13718 	 -1.577
13720 	 -1.57
13726 	 -1.569
13744 	 -1.244
13746 	 -1.242
13758 	 -1.234
13760 	 -1.214
13766 	 -1.2
13772 	 -1.164
13788 	 -1.158
13804 	 -0.695
13820 	 -0.689
13822 	 -0.687
13848 	 -0.686
13860 	 -0.674
13878 	 -0.574
13890 	 -0.572
13900 	 -0.567
13902 	 -0.514
13906 	 -0.507
13912 	 -0.504
13928 	 -0.486
13930 	 -0.459
13934 	 -0.452
13942 	 -0.426
13958 	 -0.425
14032 	 -0.41
14048 	 -0.358
14058 	 -0.353
14068 	 -0.342
14074 	 -0.341
14106 	 -0.339
14120 	 -0.336
14136 	 -0.209
14146 	 -0.207
14212 	 -0.205
14214 	 -0.204
14250 	 -0.198
14254 	 -0.196
14262 	 -0.193
14284 	 -0.188
14312 	 -0.181
14318 	 -0.18
14326 	 -0.179
14360 	 -0.175
14378 	 -0.135
15000 	 -1.409
15024 	 -1.529
15050 	 -1.913
15078 	 -2.105
15112 	 -1.949
15158 	 -1.879
15186 	 -1.629
15216 	 -1.045
15222 	 -1.042
15232 	 -0.866
15262 	 -0.97
15310 	 -1.012
15336 	 -1.31
15342 	 -1.308
15356 	 -1.478
15372 	 -1.474
15374 	 -1.094
15382 	 -1.093
15400 	 -0.719
15422 	 -0.559
15456 	 -0.297
15470 	 -0.289
15486 	 -0.098
15558 	 -0.028
15814 	 -0.027
15864 	 -0.019
15888 	 -0.016
15904 	 -0.008
18000 	 -2.128
18020 	 -2.218
18042 	 -2.634
18064 	 -2.642
18088 	 -2.018
18120 	 -1.446
18154 	 -1.52
18180 	 -1.256
18190 	 -1.318
18234 	 -1.284
18262 	 -1.098
18296 	 -1.668
18328 	 -1.912
18342 	 -1.972
18360 	 -1.962
18368 	 -1.656
18384 	 -1.67
18402 	 -1.312
18420 	 -0.678
18426 	 -0.59
18434 	 -0.472
18448 	 -0.132
18472 	 -0.102
18552 	 -0.008
18864 	 0
21000 	 -1.44
21001 	 -1.44
