0 	 0
3000 	 -1.376
3024 	 -1.496
3050 	 -1.88
3062 	 -2.472
3078 	 -3.176
3112 	 -3.62
3158 	 -3.808
3164 	 -3.728
3186 	 -2.828
3198 	 -2.688
3216 	 -1.912
3232 	 -1.736
3238 	 -1.364
3262 	 -0.608
3296 	 -0.264
3400 	 -0.024
3636 	 -0.008
3904 	 0
6000 	 -2.478
6020 	 -2.638
6042 	 -3.286
6064 	 -3.582
6088 	 -3.11
6120 	 -2.686
6138 	 -2.872
6154 	 -3.312
6180 	 -3.048
6190 	 -3.516
6198 	 -3.5
6234 	 -3.9
6284 	 -4.203
6296 	 -4.179
6346 	 -4.159
6360 	 -2.871
6374 	 -2.271
6376 	 -1.719
6424 	 -1.319
6444 	 -0.761
6504 	 -0.637
6506 	 -0.613
6552 	 -0.501
6634 	 -0.359
6704 	 -0.331
6710 	 -0.307
6726 	 -0.295
6728 	 -0.267
6782 	 -0.263
6894 	 -0.165
6990 	 -0.145
6994 	 -0.125
7002 	 -0.093
7272 	 -0.089
7278 	 -0.085
7290 	 -0.073
7324 	 -0.025
9000 	 -1.433
9024 	 -1.537
9050 	 -2.497
9078 	 -3.177
9112 	 -3.761
9158 	 -3.713
9162 	 -3.797
9174 	 -3.705
9186 	 -2.857
9216 	 -3.589
9232 	 -3.413
9238 	 -3.801
9262 	 -1.973
9268 	 -1.305
9298 	 -0.417
9304 	 -0.413
9306 	 -0.409
9334 	 -0.277
9400 	 -0.025
9660 	 -0.009
9904 	 -0.001
12000 	 -2.128
12004 	 -2.681
12006 	 -3.907
12008 	 -5.99
12010 	 -7.135
12012 	 -8.204
12016 	 -8.793
12020 	 -9.459
12028 	 -9.593
12030 	 -9.661
12040 	 -9.732
12042 	 -10.208
12054 	 -9.719
12064 	 -9.819
12070 	 -10.361
12072 	 -10.403
12074 	 -9.924
12086 	 -10.149
12088 	 -9.537
12100 	 -9.598
12102 	 -9.482
12114 	 -9.623
12120 	 -9.095
12130 	 -8.836
12132 	 -9.168
12140 	 -9.433
12148 	 -9.673
12152 	 -9.81
12154 	 -10.846
12164 	 -10.736
12178 	 -11.071
12180 	 -11.031
12182 	 -11.438
12184 	 -11.29
12186 	 -11.662
12188 	 -11.786
12190 	 -12.102
12192 	 -12.045
12200 	 -11.892
12204 	 -11.94
12206 	 -11.965
12210 	 -11.961
12212 	 -13.005
12226 	 -14.039
12228 	 -14.198
12230 	 -14.181
12234 	 -15.563
12236 	 -15.414
12242 	 -15.401
12248 	 -15.453
12252 	 -14.774
12254 	 -14.471
12256 	 -14.457
12260 	 -14.14
12264 	 -14.335
12266 	 -14.747
12270 	 -14.874
12272 	 -14.943
12274 	 -13.691
12276 	 -13.745
12282 	 -13.419
12286 	 -13.226
12290 	 -12.954
12296 	 -13.207
12300 	 -13.351
12304 	 -12.811
12312 	 -12.989
12320 	 -12.991
12324 	 -12.222
12328 	 -12.213
12330 	 -12.37
12332 	 -12.402
12336 	 -12.431
12338 	 -12.179
12340 	 -12.093
12344 	 -11.297
12350 	 -11.318
12354 	 -11.059
12356 	 -11.007
12358 	 -10.4
12360 	 -9.448
12362 	 -9.345
12372 	 -9.17
12376 	 -9.143
12382 	 -9.142
12386 	 -8.784
12394 	 -8.449
12396 	 -8.427
12398 	 -8.422
12400 	 -8.31
12404 	 -8.038
12406 	 -7.933
12412 	 -7.622
12420 	 -7.516
12426 	 -7.492
12430 	 -7.425
12436 	 -7.883
12438 	 -7.181
12444 	 -7.092
12448 	 -6.985
12452 	 -6.882
12456 	 -6.845
12460 	 -6.762
12464 	 -6.701
12466 	 -7.062
12474 	 -6.867
12476 	 -6.958
12480 	 -6.792
12486 	 -6.753
12490 	 -6.577
12492 	 -6.549
12494 	 -6.51
12500 	 -6.512
12502 	 -6.493
12508 	 -6.484
12510 	 -7.029
12516 	 -6.905
12520 	 -6.875
12522 	 -7.189
12532 	 -7.18
12536 	 -7.176
12548 	 -7.157
12550 	 -6.991
12552 	 -6.871
12560 	 -6.856
12562 	 -6.725
12564 	 -6.719
12570 	 -6.774
12574 	 -7.111
12576 	 -7.091
12578 	 -6.996
12582 	 -6.794
12590 	 -6.753
12592 	 -6.574
12602 	 -6.344
12604 	 -6.329
12614 	 -6.238
12618 	 -6.185
12630 	 -6.543
12638 	 -6.539
12640 	 -6.482
12654 	 -6.512
12656 	 -6.504
12662 	 -6.464
12668 	 -6.484
12672 	 -6.472
12674 	 -6.602
12686 	 -6.447
12710 	 -6.443
12712 	 -6.064
12716 	 -6.061
12722 	 -6.196
12726 	 -6.214
12732 	 -6.241
12748 	 -6.224
12750 	 -6.23
12758 	 -6.228
12768 	 -6.766
12780 	 -6.722
12792 	 -7.508
12794 	 -7.614
12800 	 -7.753
12804 	 -7.86
12814 	 -7.858
12820 	 -7.879
12826 	 -7.909
12828 	 -7.874
12830 	 -7.909
12834 	 -8.055
12838 	 -7.75
12840 	 -7.741
12842 	 -8.152
12850 	 -8.044
12856 	 -7.986
12860 	 -8.272
12862 	 -8.18
12870 	 -7.855
12872 	 -7.792
12874 	 -7.548
12890 	 -7.557
12894 	 -7.633
12896 	 -7.491
12906 	 -7.329
12908 	 -6.906
12916 	 -6.832
12918 	 -6.659
12920 	 -6.235
12926 	 -6.195
12930 	 -6.312
12934 	 -6.185
12938 	 -6.318
12940 	 -6.359
12950 	 -6.259
12954 	 -6.19
12956 	 -6.185
12962 	 -6.095
12964 	 -6.088
12968 	 -5.847
12970 	 -5.842
12972 	 -5.663
12974 	 -5.665
12982 	 -5.584
12984 	 -5.68
12986 	 -5.654
12990 	 -5.645
12994 	 -5.679
12996 	 -5.671
12998 	 -5.576
13002 	 -5.525
13004 	 -5.451
13006 	 -5.692
13008 	 -5.838
13010 	 -5.853
13012 	 -5.799
13016 	 -6.136
13018 	 -6.133
13028 	 -6.416
13030 	 -6.268
13034 	 -6.438
13042 	 -6.398
13046 	 -6.375
13052 	 -6.339
13056 	 -6.631
13062 	 -6.522
13068 	 -6.403
13072 	 -6.636
13076 	 -6.634
13080 	 -6.421
13082 	 -6.413
13084 	 -6.411
13086 	 -6.386
13092 	 -6.279
13096 	 -6.174
13098 	 -6.171
13102 	 -6.166
13114 	 -6.117
13116 	 -6.149
13118 	 -6.421
13126 	 -6.368
13128 	 -6.4
13134 	 -6.075
13150 	 -6.009
13152 	 -5.582
13154 	 -5.456
13168 	 -5.378
13174 	 -5.367
13178 	 -5.246
13180 	 -5.339
13184 	 -5.17
13188 	 -5.148
13194 	 -5.137
13202 	 -5.06
13206 	 -5.338
13208 	 -5.389
13210 	 -5.348
13218 	 -5.735
13220 	 -5.726
13234 	 -5.724
13242 	 -5.86
13246 	 -5.791
13248 	 -5.543
13250 	 -5.582
13254 	 -6.136
13258 	 -6.134
13262 	 -6.108
13268 	 -6.098
13270 	 -6.093
13284 	 -6.056
13290 	 -6.039
13294 	 -6.025
13300 	 -5.822
13310 	 -5.789
13314 	 -5.712
13324 	 -5.743
13326 	 -5.725
13328 	 -5.691
13344 	 -5.724
13352 	 -5.774
13364 	 -5.802
13366 	 -5.84
13372 	 -5.828
13374 	 -5.562
13382 	 -5.461
13384 	 -5.35
13388 	 -5.344
13398 	 -5.244
13402 	 -5.125
13418 	 -5.097
13426 	 -4.986
13430 	 -4.996
13440 	 -5.036
13442 	 -4.945
13444 	 -5.059
13446 	 -5.05
13448 	 -5.098
13452 	 -5.074
13454 	 -5.05
13456 	 -5.077
13460 	 -5.046
13462 	 -5.037
13470 	 -4.936
13474 	 -4.911
13478 	 -5.037
13484 	 -5.053
13494 	 -5.231
13506 	 -5.21
13508 	 -5.175
13514 	 -5.367
13516 	 -5.347
13524 	 -5.282
13542 	 -5.278
13562 	 -5.16
13596 	 -5.087
13604 	 -4.818
13622 	 -4.809
13648 	 -3.523
13654 	 -3.521
13658 	 -3.501
13674 	 -3.503
13680 	 -3.492
13686 	 -3.426
13688 	 -3.367
13696 	 -3.328
13698 	 -3.508
13714 	 -2.983
13724 	 -3.063
13726 	 -3.062
13738 	 -3.154
13744 	 -3.041
13746 	 -2.577
13760 	 -2.557
13766 	 -2.643
13774 	 -2.645
13776 	 -2.662
13782 	 -2.661
13798 	 -2.645
13800 	 -2.644
13804 	 -2.204
13806 	 -2.023
13814 	 -2.02
13820 	 -2.014
13826 	 -2.005
13848 	 -1.678
13850 	 -1.579
13858 	 -1.577
13866 	 -1.642
13870 	 -1.587
13876 	 -1.585
13878 	 -1.341
13890 	 -1.339
13898 	 -1.405
13900 	 -1.397
13902 	 -1.344
13906 	 -1.246
13912 	 -1.24
13916 	 -1.391
13932 	 -1.443
13942 	 -1.434
13954 	 -1.358
13964 	 -1.355
13978 	 -1.348
13992 	 -1.366
13996 	 -1.237
14012 	 -1.185
14030 	 -1.127
14038 	 -1.102
14042 	 -1.091
14044 	 -1.287
14048 	 -1.105
14058 	 -1.1
14068 	 -1.067
14072 	 -1.066
14074 	 -1.064
14080 	 -1.049
14088 	 -1.018
14104 	 -1.002
14120 	 -0.999
14124 	 -0.985
14136 	 -0.858
14142 	 -0.559
14158 	 -0.562
14170 	 -0.544
14174 	 -0.507
14182 	 -0.506
14192 	 -0.374
14194 	 -0.369
14212 	 -0.367
14214 	 -0.321
14230 	 -0.32
14232 	 -0.313
14256 	 -0.239
14274 	 -0.237
14318 	 -0.235
14320 	 -0.219
14326 	 -0.218
14356 	 -0.213
14378 	 -0.173
14420 	 -0.171
14448 	 -0.156
14536 	 -0.154
14556 	 -0.152
15000 	 -1.406
15024 	 -1.537
15050 	 -2.047
15078 	 -2.369
15112 	 -2.408
15158 	 -2.381
15162 	 -2.402
15174 	 -2.378
15186 	 -1.985
15216 	 -1.798
15222 	 -1.795
15232 	 -1.619
15238 	 -1.683
15262 	 -1.416
15268 	 -1.329
15282 	 -1.197
15298 	 -1.024
15308 	 -1.043
15310 	 -1.064
15334 	 -1.208
15336 	 -1.357
15342 	 -1.354
15346 	 -1.328
15354 	 -1.428
15356 	 -1.513
15372 	 -1.332
15374 	 -1.142
15400 	 -0.718
15422 	 -0.552
15456 	 -0.421
15460 	 -0.282
15470 	 -0.277
15486 	 -0.18
15490 	 -0.093
15558 	 -0.058
15574 	 -0.029
15660 	 -0.026
15864 	 -0.022
15888 	 -0.019
15904 	 -0.011
15916 	 -0.008
18000 	 -2.128
18020 	 -2.227
18042 	 -2.675
18064 	 -2.726
18088 	 -2.125
18120 	 -1.552
18154 	 -1.968
18180 	 -1.704
18190 	 -1.963
18234 	 -2.362
18252 	 -2.354
18262 	 -2.167
18270 	 -1.844
18278 	 -1.823
18286 	 -1.776
18296 	 -2.335
18316 	 -2.35
18328 	 -2.594
18336 	 -2.477
18342 	 -2.52
18348 	 -2.323
18360 	 -2.064
18368 	 -1.758
18384 	 -1.772
18402 	 -1.338
18420 	 -0.704
18426 	 -0.616
18434 	 -0.498
18448 	 -0.158
18472 	 -0.128
18552 	 -0.012
18864 	 -0.004
19002 	 0
21000 	 -1.44
21001 	 -1.44
