0 	 0
3000 	 -1.376
3024 	 -1.496
3050 	 -1.88
3062 	 -2.472
3078 	 -3.176
3112 	 -3.62
3158 	 -3.808
3164 	 -3.728
3186 	 -2.828
3198 	 -2.688
3216 	 -1.912
3232 	 -1.736
3238 	 -1.364
3262 	 -0.608
3296 	 -0.264
3400 	 -0.024
3636 	 -0.008
3904 	 0
6000 	 -2.478
6020 	 -2.638
6042 	 -3.286
6064 	 -3.582
6088 	 -3.11
6120 	 -2.686
6138 	 -2.872
6154 	 -3.312
6180 	 -3.048
6190 	 -3.516
6198 	 -3.5
6234 	 -3.9
6284 	 -4.203
6296 	 -4.179
6346 	 -4.159
6360 	 -2.871
6374 	 -2.271
6376 	 -1.719
6424 	 -1.319
6444 	 -0.761
6504 	 -0.637
6506 	 -0.613
6552 	 -0.501
6634 	 -0.359
6704 	 -0.331
6710 	 -0.307
6726 	 -0.295
6728 	 -0.267
6782 	 -0.263
6894 	 -0.165
6990 	 -0.145
6994 	 -0.125
7002 	 -0.093
7272 	 -0.089
7278 	 -0.085
7290 	 -0.073
7324 	 -0.025
9000 	 -1.433
9024 	 -1.537
9050 	 -2.497
9078 	 -3.177
9112 	 -3.761
9158 	 -3.713
9162 	 -3.797
9174 	 -3.705
9186 	 -2.857
9216 	 -3.589
9232 	 -3.413
9238 	 -3.801
9262 	 -1.973
9268 	 -1.305
9298 	 -0.417
9304 	 -0.413
9306 	 -0.409
9334 	 -0.277
9400 	 -0.025
9660 	 -0.009
9904 	 -0.001
12000 	 -2.128
12004 	 -2.601
12006 	 -3.827
12008 	 -5.082
12010 	 -6.227
12012 	 -6.87
12016 	 -7.459
12020 	 -7.905
12028 	 -8.039
12030 	 -8.107
12040 	 -8.072
12042 	 -8.548
12054 	 -8.059
12064 	 -8.159
12070 	 -8.526
12072 	 -8.568
12074 	 -8.089
12088 	 -7.477
12100 	 -7.59
12102 	 -7.474
12120 	 -6.946
12130 	 -6.694
12140 	 -6.959
12148 	 -7.199
12154 	 -8.235
12160 	 -8.593
12164 	 -8.483
12178 	 -8.67
12180 	 -8.742
12182 	 -9.272
12186 	 -9.626
12190 	 -9.942
12198 	 -9.92
12200 	 -10.093
12206 	 -10.083
12208 	 -10.261
12212 	 -11.305
12226 	 -11.826
12228 	 -11.985
12230 	 -12.318
12234 	 -13.7
12246 	 -14.024
12252 	 -13.384
12254 	 -13.182
12256 	 -13.168
12260 	 -12.851
12264 	 -13.209
12266 	 -13.649
12270 	 -13.776
12274 	 -12.524
12276 	 -12.419
12282 	 -12.233
12286 	 -12.373
12290 	 -12.101
12296 	 -12.354
12300 	 -12.498
12304 	 -12.268
12310 	 -12.359
12312 	 -12.39
12314 	 -12.153
12322 	 -12.144
12324 	 -11.521
12330 	 -11.552
12332 	 -11.599
12334 	 -11.534
12338 	 -11.282
12344 	 -10.486
12350 	 -10.462
12352 	 -10.636
12354 	 -10.512
12358 	 -9.801
12360 	 -8.849
12368 	 -8.818
12372 	 -8.803
12376 	 -8.613
12380 	 -8.616
12382 	 -8.511
12386 	 -8.056
12392 	 -8.014
12394 	 -7.864
12398 	 -7.859
12400 	 -7.747
12402 	 -7.583
12404 	 -7.233
12406 	 -7.203
12410 	 -7.19
12412 	 -6.879
12420 	 -6.773
12426 	 -6.749
12430 	 -6.682
12436 	 -7.158
12437 	 -7.378
12438 	 -6.998
12444 	 -7.054
12448 	 -6.963
12452 	 -6.86
12454 	 -6.737
12460 	 -6.654
12466 	 -7.112
12476 	 -7.336
12480 	 -7.17
12484 	 -7.113
12492 	 -7.085
12494 	 -7.225
12498 	 -7.252
12502 	 -7.244
12508 	 -7.235
12516 	 -7.334
12520 	 -7.304
12532 	 -7.272
12540 	 -7.5
12550 	 -7.539
12552 	 -7.419
12562 	 -7.571
12564 	 -7.565
12574 	 -7.95
12576 	 -7.926
12578 	 -7.912
12582 	 -7.697
12586 	 -7.668
12590 	 -7.657
12592 	 -7.478
12594 	 -7.439
12604 	 -7.429
12618 	 -7.271
12624 	 -6.789
12630 	 -7.146
12638 	 -7.142
12640 	 -7.142
12642 	 -7.123
12648 	 -7.157
12656 	 -7.618
12658 	 -7.485
12662 	 -7.539
12664 	 -7.419
12668 	 -7.455
12672 	 -7.704
12692 	 -7.815
12710 	 -7.811
12712 	 -7.098
12716 	 -7.095
12722 	 -6.941
12726 	 -6.797
12732 	 -6.823
12748 	 -6.806
12750 	 -6.569
12752 	 -6.445
12758 	 -6.443
12768 	 -6.596
12774 	 -6.716
12776 	 -6.699
12782 	 -6.607
12786 	 -6.6
12804 	 -6.828
12806 	 -6.825
12818 	 -7.023
12828 	 -6.988
12836 	 -6.913
12840 	 -7.122
12872 	 -7.204
12874 	 -7.182
12886 	 -7.181
12894 	 -7.098
12900 	 -7.108
12908 	 -6.82
12916 	 -6.746
12920 	 -6.656
12924 	 -6.67
12936 	 -7.178
12950 	 -7.3
12954 	 -7.231
12960 	 -7.63
12964 	 -7.74
12972 	 -7.561
12974 	 -7.899
12982 	 -7.818
12986 	 -7.792
12990 	 -7.786
12992 	 -7.471
12996 	 -7.455
13000 	 -8.162
13004 	 -7.978
13006 	 -7.988
13008 	 -8.116
13010 	 -8.131
13016 	 -7.828
13028 	 -7.787
13030 	 -7.713
13038 	 -6.884
13042 	 -7.259
13052 	 -7.223
13054 	 -7.09
13056 	 -7.124
13058 	 -6.968
13062 	 -6.527
13068 	 -6.26
13070 	 -6.295
13076 	 -6.358
13082 	 -6.35
13090 	 -6.467
13092 	 -6.476
13094 	 -6.557
13096 	 -6.42
13102 	 -6.415
13106 	 -6.263
13114 	 -6.216
13116 	 -6.247
13120 	 -6.246
13126 	 -6.245
13128 	 -6.077
13132 	 -6.309
13140 	 -6.235
13150 	 -6.09
13154 	 -6.019
13158 	 -6.104
13162 	 -6.139
13168 	 -6.062
13176 	 -6.123
13178 	 -6.069
13182 	 -6.068
13194 	 -6.609
13196 	 -6.462
13206 	 -6.682
13210 	 -6.649
13216 	 -6.53
13220 	 -6.661
13222 	 -6.735
13228 	 -6.66
13230 	 -6.53
13234 	 -6.528
13244 	 -6.471
13246 	 -6.402
13248 	 -6.144
13250 	 -6.055
13252 	 -6.072
13256 	 -6.049
13258 	 -6.118
13262 	 -6.092
13264 	 -6.063
13266 	 -5.833
13268 	 -5.823
13270 	 -5.818
13278 	 -5.753
13282 	 -5.708
13284 	 -5.658
13290 	 -5.641
13302 	 -5.396
13306 	 -5.207
13308 	 -5.268
13310 	 -5.07
13328 	 -5.036
13340 	 -4.955
13342 	 -4.719
13352 	 -4.73
13360 	 -4.614
13366 	 -4.738
13370 	 -4.772
13372 	 -4.747
13374 	 -4.877
13382 	 -4.797
13384 	 -4.686
13388 	 -4.68
13390 	 -4.736
13398 	 -4.707
13404 	 -4.666
13414 	 -4.845
13426 	 -4.962
13428 	 -5.13
13436 	 -5.232
13454 	 -5.216
13460 	 -5.186
13466 	 -5.265
13468 	 -5.225
13470 	 -4.982
13472 	 -4.949
13474 	 -4.937
13484 	 -5.062
13486 	 -5.05
13494 	 -5.099
13508 	 -4.605
13510 	 -4.589
13514 	 -4.58
13518 	 -4.578
13520 	 -4.562
13522 	 -4.47
13538 	 -4.444
13540 	 -4.542
13542 	 -4.538
13548 	 -4.582
13556 	 -4.474
13558 	 -4.31
13562 	 -4.309
13576 	 -4.181
13596 	 -4.067
13604 	 -3.609
13606 	 -3.508
13612 	 -3.434
13630 	 -3.395
13632 	 -3.404
13636 	 -3.44
13642 	 -3.407
13648 	 -2.572
13658 	 -2.622
13686 	 -2.733
13690 	 -2.705
13696 	 -2.655
13702 	 -2.625
13706 	 -2.329
13718 	 -2.307
13728 	 -2.273
13732 	 -2.472
13742 	 -2.418
13744 	 -2.299
13754 	 -2.291
13760 	 -2.271
13766 	 -2.257
13782 	 -2.164
13804 	 -2.151
13820 	 -2.145
13822 	 -2.409
13824 	 -2.364
13844 	 -2.346
13848 	 -2.345
13858 	 -2.117
13876 	 -2.353
13878 	 -2.226
13880 	 -2.245
13884 	 -2.225
13900 	 -2.217
13902 	 -2.164
13912 	 -2.194
13930 	 -2.135
13942 	 -2.232
13950 	 -2.248
13956 	 -2.28
13978 	 -2.279
13992 	 -2.235
14038 	 -1.874
14046 	 -1.864
14048 	 -1.812
14058 	 -1.807
14060 	 -1.741
14064 	 -1.722
14094 	 -1.867
14098 	 -2.014
14108 	 -1.993
14114 	 -2.056
14118 	 -2.125
14120 	 -2.122
14136 	 -1.919
14138 	 -2.02
14150 	 -2.098
14176 	 -2.121
14182 	 -2.003
14188 	 -2
14192 	 -2.025
14202 	 -2.008
14206 	 -1.929
14212 	 -1.927
14242 	 -1.948
14246 	 -1.916
14264 	 -1.878
14266 	 -1.871
14270 	 -1.843
14288 	 -1.766
14312 	 -1.876
14318 	 -1.874
14326 	 -1.873
14328 	 -2.078
14336 	 -1.985
14354 	 -1.914
14356 	 -1.912
14378 	 -1.872
14380 	 -1.85
14382 	 -1.867
14392 	 -1.793
14412 	 -1.342
14414 	 -1.326
14416 	 -1.324
14428 	 -1.318
14432 	 -1.254
14454 	 -1.133
14458 	 -1.132
14462 	 -1.097
14468 	 -1.047
14470 	 -0.983
14478 	 -0.94
14486 	 -0.924
14492 	 -0.862
14508 	 -0.846
14510 	 -0.828
14512 	 -0.77
14522 	 -0.76
14528 	 -0.73
14536 	 -0.885
14544 	 -0.879
14548 	 -0.871
14564 	 -0.868
14612 	 -0.852
14616 	 -0.474
14618 	 -0.468
14622 	 -0.449
14630 	 -0.457
14644 	 -0.411
14664 	 -0.296
14672 	 -0.286
14686 	 -0.243
14726 	 -0.222
14752 	 -0.221
14754 	 -0.204
14778 	 -0.185
14788 	 -0.176
14832 	 -0.171
15000 	 -1.421
15024 	 -1.571
15050 	 -2.335
15078 	 -2.917
15112 	 -3.368
15158 	 -3.446
15162 	 -3.51
15174 	 -3.44
15186 	 -2.992
15216 	 -3.405
15222 	 -3.402
15232 	 -3.226
15238 	 -3.491
15262 	 -2.701
15266 	 -2.672
15268 	 -2.5
15276 	 -2.346
15282 	 -2.08
15298 	 -1.734
15300 	 -1.564
15310 	 -1.624
15336 	 -2.071
15342 	 -2.068
15346 	 -2.016
15350 	 -1.994
15356 	 -2.248
15372 	 -2.244
15374 	 -1.675
15400 	 -1.077
15422 	 -0.837
15456 	 -0.444
15470 	 -0.439
15486 	 -0.152
15558 	 -0.047
15636 	 -0.045
15652 	 -0.043
15658 	 -0.04
15660 	 -0.034
15662 	 -0.032
15666 	 -0.031
15738 	 -0.029
15864 	 -0.017
15888 	 -0.014
15904 	 -0.006
18000 	 -2.128
18020 	 -2.254
18042 	 -2.798
18064 	 -2.975
18088 	 -2.46
18120 	 -1.931
18154 	 -3.112
18180 	 -2.848
18190 	 -3.636
18234 	 -5
18252 	 -4.976
18262 	 -4.697
18270 	 -3.728
18278 	 -3.665
18286 	 -3.524
18296 	 -4.415
18316 	 -4.46
18328 	 -4.826
18336 	 -4.475
18342 	 -4.514
18348 	 -3.923
18360 	 -3.233
18368 	 -2.774
18384 	 -2.795
18402 	 -2.03
18420 	 -1.079
18426 	 -0.947
18434 	 -0.77
18448 	 -0.26
18472 	 -0.215
18552 	 -0.024
18864 	 -0.012
19002 	 0
21000 	 -1.44
21001 	 -1.44
