0 	 0
3000 	 -1.376
3024 	 -1.496
3050 	 -1.88
3062 	 -2.472
3078 	 -3.176
3112 	 -3.62
3158 	 -3.808
3164 	 -3.728
3186 	 -2.828
3198 	 -2.688
3216 	 -1.912
3232 	 -1.736
3238 	 -1.364
3262 	 -0.608
3296 	 -0.264
3400 	 -0.024
3636 	 -0.008
3904 	 0
6000 	 -2.478
6020 	 -2.638
6042 	 -3.286
6064 	 -3.582
6088 	 -3.11
6120 	 -2.686
6138 	 -2.872
6154 	 -3.312
6180 	 -3.048
6190 	 -3.516
6198 	 -3.5
6234 	 -3.9
6284 	 -4.203
6296 	 -4.179
6346 	 -4.159
6360 	 -2.871
6374 	 -2.271
6376 	 -1.719
6424 	 -1.319
6444 	 -0.761
6504 	 -0.637
6506 	 -0.613
6552 	 -0.501
6634 	 -0.359
6704 	 -0.331
6710 	 -0.307
6726 	 -0.295
6728 	 -0.267
6782 	 -0.263
6894 	 -0.165
6990 	 -0.145
6994 	 -0.125
7002 	 -0.093
7272 	 -0.089
7278 	 -0.085
7290 	 -0.073
7324 	 -0.025
9000 	 -1.433
9024 	 -1.537
9050 	 -2.497
9078 	 -3.177
9112 	 -3.761
9158 	 -3.713
9162 	 -3.797
9174 	 -3.705
9186 	 -2.857
9216 	 -3.589
9232 	 -3.413
9238 	 -3.801
9262 	 -1.973
9268 	 -1.305
9298 	 -0.417
9304 	 -0.413
9306 	 -0.409
9334 	 -0.277
9400 	 -0.025
9660 	 -0.009
9904 	 -0.001
12000 	 -2.128
12004 	 -2.601
12006 	 -3.827
12008 	 -5.082
12010 	 -6.227
12012 	 -6.87
12016 	 -7.459
12020 	 -7.905
12028 	 -8.039
12030 	 -8.107
12040 	 -8.072
12042 	 -8.548
12054 	 -8.059
12064 	 -8.159
12070 	 -8.525
12072 	 -8.567
12074 	 -8.088
12088 	 -7.476
12100 	 -7.583
12102 	 -7.467
12120 	 -6.939
12130 	 -6.847
12140 	 -7.112
12148 	 -7.352
12154 	 -8.388
12164 	 -8.278
12178 	 -8.538
12180 	 -8.61
12182 	 -9.14
12186 	 -9.546
12190 	 -9.862
12200 	 -9.984
12206 	 -9.964
12208 	 -10.142
12212 	 -11.186
12226 	 -11.707
12228 	 -11.866
12230 	 -12.244
12234 	 -13.626
12252 	 -12.986
12254 	 -12.784
12256 	 -12.895
12260 	 -12.578
12264 	 -13.366
12266 	 -13.806
12270 	 -13.933
12274 	 -12.681
12282 	 -12.495
12286 	 -12.443
12290 	 -12.171
12296 	 -12.424
12300 	 -12.629
12304 	 -12.213
12312 	 -12.209
12314 	 -12.241
12322 	 -12.312
12324 	 -11.578
12332 	 -11.625
12338 	 -11.373
12344 	 -10.577
12348 	 -10.693
12350 	 -10.682
12354 	 -10.306
12358 	 -9.66
12360 	 -8.708
12368 	 -8.677
12370 	 -8.594
12372 	 -8.564
12382 	 -8.4
12386 	 -7.918
12394 	 -7.399
12398 	 -7.394
12400 	 -7.282
12404 	 -7.01
12406 	 -6.98
12410 	 -6.967
12412 	 -6.656
12420 	 -6.55
12426 	 -6.526
12430 	 -6.459
12436 	 -6.946
12437 	 -7.166
12438 	 -6.907
12444 	 -6.965
12446 	 -6.982
12448 	 -6.875
12452 	 -6.772
12454 	 -6.642
12460 	 -6.559
12466 	 -7.015
12476 	 -7.238
12480 	 -7.072
12492 	 -7.044
12494 	 -7.181
12496 	 -7.164
12502 	 -7.11
12508 	 -7.101
12516 	 -7.2
12520 	 -7.17
12530 	 -7.141
12540 	 -7.405
12552 	 -7.285
12562 	 -7.586
12564 	 -7.574
12570 	 -7.452
12574 	 -7.856
12576 	 -7.899
12578 	 -7.88
12582 	 -7.908
12586 	 -7.894
12590 	 -7.883
12592 	 -7.704
12594 	 -7.858
12600 	 -7.895
12604 	 -7.885
12606 	 -7.62
12608 	 -7.617
12618 	 -7.958
12630 	 -8.446
12636 	 -8.426
12638 	 -8.422
12640 	 -8.365
12648 	 -8.399
12650 	 -8.151
12652 	 -8.137
12662 	 -8.279
12664 	 -8.159
12666 	 -8.229
12668 	 -8.265
12672 	 -8.64
12686 	 -8.877
12710 	 -8.832
12712 	 -8.04
12716 	 -8.037
12718 	 -8.066
12722 	 -8.035
12730 	 -7.803
12732 	 -7.834
12736 	 -7.885
12738 	 -7.849
12742 	 -7.749
12748 	 -7.732
12752 	 -7.585
12756 	 -7.672
12758 	 -7.536
12768 	 -7.586
12774 	 -7.58
12782 	 -7.497
12798 	 -7.462
12804 	 -7.574
12806 	 -7.571
12814 	 -7.552
12818 	 -7.898
12828 	 -7.863
12840 	 -7.33
12866 	 -7.311
12874 	 -7.46
12894 	 -7.37
12908 	 -6.95
12916 	 -6.876
12920 	 -6.786
12924 	 -6.967
12930 	 -7.293
12938 	 -7.743
12954 	 -7.674
12962 	 -7.78
12964 	 -7.898
12966 	 -8.168
12972 	 -7.989
12980 	 -8.149
12982 	 -7.828
12986 	 -7.799
12990 	 -7.793
12992 	 -8.188
12996 	 -8.172
13004 	 -8.128
13006 	 -8.138
13008 	 -7.525
13010 	 -7.54
13016 	 -7.577
13020 	 -7.549
13028 	 -7.527
13032 	 -7.347
13034 	 -7.308
13036 	 -7.106
13040 	 -6.881
13042 	 -6.822
13052 	 -6.786
13062 	 -6.678
13064 	 -6.528
13068 	 -6.424
13082 	 -6.416
13084 	 -6.333
13086 	 -6.14
13088 	 -6.218
13090 	 -6.139
13096 	 -6.002
13102 	 -5.997
13110 	 -5.987
13114 	 -5.95
13118 	 -5.982
13126 	 -5.981
13130 	 -5.973
13150 	 -5.975
13166 	 -5.913
13168 	 -5.843
13178 	 -6.081
13180 	 -6.274
13184 	 -6.192
13198 	 -6.124
13200 	 -6.83
13204 	 -6.783
13206 	 -7.038
13212 	 -7.225
13216 	 -7.298
13220 	 -7.289
13232 	 -7.173
13234 	 -7.171
13236 	 -7.171
13238 	 -7.193
13246 	 -7.124
13248 	 -6.785
13250 	 -6.649
13258 	 -6.732
13262 	 -6.706
13264 	 -6.313
13266 	 -6.299
13268 	 -6.294
13270 	 -6.289
13272 	 -6.26
13276 	 -6.134
13282 	 -5.977
13288 	 -5.647
13290 	 -5.639
13296 	 -5.435
13298 	 -5.354
13302 	 -5.342
13304 	 -4.96
13314 	 -4.994
13316 	 -4.558
13324 	 -4.525
13328 	 -4.491
13334 	 -4.621
13356 	 -4.583
13360 	 -4.538
13362 	 -4.501
13366 	 -4.484
13372 	 -4.398
13374 	 -4.076
13384 	 -3.965
13388 	 -3.959
13398 	 -3.815
13400 	 -3.914
13418 	 -3.968
13432 	 -4.063
13454 	 -4.053
13458 	 -4.036
13474 	 -4.024
13480 	 -3.96
13484 	 -4.075
13506 	 -4.125
13508 	 -3.656
13514 	 -3.647
13526 	 -3.518
13540 	 -3.594
13542 	 -3.592
13548 	 -3.411
13554 	 -3.311
13574 	 -3.123
13592 	 -3.032
13600 	 -2.998
13604 	 -2.876
13630 	 -2.869
13646 	 -2.845
13648 	 -2.016
13656 	 -1.957
13690 	 -2.193
13696 	 -2.154
13738 	 -2.342
13744 	 -2.219
13750 	 -2.149
13760 	 -2.129
13766 	 -2.12
13768 	 -2.081
13798 	 -2.079
13804 	 -1.937
13820 	 -1.931
13822 	 -1.87
13848 	 -1.868
13852 	 -1.804
13862 	 -1.924
13874 	 -1.98
13876 	 -2.165
13878 	 -2.065
13880 	 -2.208
13898 	 -2.25
13900 	 -2.242
13902 	 -2.189
13904 	 -2.205
13906 	 -2.152
13910 	 -2.253
13912 	 -2.247
13928 	 -2.275
13942 	 -2.239
13946 	 -2.301
13962 	 -2.284
13972 	 -2.345
13978 	 -2.344
13990 	 -2.51
13992 	 -2.494
14000 	 -2.492
14008 	 -2.545
14030 	 -2.542
14038 	 -2.625
14048 	 -2.569
14056 	 -2.566
14058 	 -2.561
14062 	 -2.559
14070 	 -2.567
14078 	 -2.534
14100 	 -2.64
14104 	 -2.635
14106 	 -2.633
14108 	 -2.695
14110 	 -2.718
14120 	 -2.716
14136 	 -2.557
14146 	 -2.608
14168 	 -2.595
14172 	 -2.634
14182 	 -2.557
14186 	 -2.569
14190 	 -2.636
14194 	 -2.632
14200 	 -2.637
14212 	 -2.635
14222 	 -2.585
14230 	 -2.61
14234 	 -2.597
14236 	 -2.595
14244 	 -2.474
14254 	 -2.584
14262 	 -2.509
14264 	 -2.561
14266 	 -2.542
14276 	 -2.535
14294 	 -2.543
14302 	 -2.609
14304 	 -2.659
14318 	 -2.657
14322 	 -2.799
14326 	 -2.798
14354 	 -2.639
14356 	 -2.585
14362 	 -2.556
14364 	 -2.69
14374 	 -2.672
14378 	 -2.632
14386 	 -2.456
14392 	 -2.402
14408 	 -2.402
14412 	 -2.237
14428 	 -2.187
14432 	 -2.146
14440 	 -2.099
14442 	 -1.877
14452 	 -1.682
14456 	 -1.74
14460 	 -1.763
14466 	 -1.838
14482 	 -1.665
14498 	 -1.579
14506 	 -1.561
14508 	 -1.589
14510 	 -1.537
14522 	 -1.478
14526 	 -1.535
14532 	 -1.526
14540 	 -1.508
14542 	 -1.489
14548 	 -1.181
14564 	 -0.929
14566 	 -0.916
14582 	 -0.906
14584 	 -0.845
14588 	 -0.834
14594 	 -0.755
14604 	 -0.702
14608 	 -0.536
14610 	 -0.526
14630 	 -0.482
14638 	 -0.348
14654 	 -0.334
14666 	 -0.309
14672 	 -0.307
14682 	 -0.3
14688 	 -0.262
14712 	 -0.254
14722 	 -0.251
14746 	 -0.238
14756 	 -0.232
14844 	 -0.228
15000 	 -1.436
15024 	 -1.594
15050 	 -2.343
15078 	 -2.93
15112 	 -3.375
15158 	 -3.377
15162 	 -3.421
15164 	 -3.411
15174 	 -3.365
15186 	 -2.811
15204 	 -2.809
15216 	 -3.322
15222 	 -3.32
15232 	 -3.144
15238 	 -3.341
15262 	 -2.27
15266 	 -2.211
15268 	 -2.118
15276 	 -1.81
15282 	 -1.677
15298 	 -1.503
15300 	 -1.163
15310 	 -1.204
15336 	 -1.502
15342 	 -1.499
15344 	 -1.471
15350 	 -1.427
15356 	 -1.597
15372 	 -1.587
15374 	 -1.207
15400 	 -0.738
15422 	 -0.578
15456 	 -0.316
15470 	 -0.311
15486 	 -0.119
15558 	 -0.049
15658 	 -0.04
15864 	 -0.032
15888 	 -0.03
15904 	 -0.022
15936 	 -0.019
15954 	 -0.017
16066 	 -0.016
16086 	 -0.013
16218 	 -0.012
16488 	 -0.011
18000 	 -2.128
18020 	 -2.245
18042 	 -2.757
18064 	 -2.894
18088 	 -2.339
18120 	 -1.764
18154 	 -2.864
18180 	 -2.6
18190 	 -3.253
18234 	 -4.518
18252 	 -4.494
18262 	 -4.308
18270 	 -3.339
18278 	 -3.276
18286 	 -3.135
18296 	 -3.669
18316 	 -3.714
18328 	 -3.958
18336 	 -3.607
18342 	 -3.616
18348 	 -3.025
18360 	 -2.268
18368 	 -1.962
18384 	 -1.976
18402 	 -1.39
18420 	 -0.756
18426 	 -0.668
18434 	 -0.55
18448 	 -0.21
18472 	 -0.18
18552 	 -0.02
18864 	 -0.012
19002 	 0
21000 	 -1.44
21001 	 -1.44
