0 	 0
3000 	 -1.376
3024 	 -1.496
3050 	 -1.88
3062 	 -2.472
3078 	 -3.176
3112 	 -3.62
3158 	 -3.808
3164 	 -3.728
3186 	 -2.828
3198 	 -2.688
3216 	 -1.912
3232 	 -1.736
3238 	 -1.364
3262 	 -0.608
3296 	 -0.264
3400 	 -0.024
3636 	 -0.008
3904 	 0
6000 	 -2.478
6020 	 -2.638
6042 	 -3.286
6064 	 -3.582
6088 	 -3.11
6120 	 -2.686
6138 	 -2.872
6154 	 -3.312
6180 	 -3.048
6190 	 -3.516
6198 	 -3.5
6234 	 -3.9
6284 	 -4.203
6296 	 -4.179
6346 	 -4.159
6360 	 -2.871
6374 	 -2.271
6376 	 -1.719
6424 	 -1.319
6444 	 -0.761
6504 	 -0.637
6506 	 -0.613
6552 	 -0.501
6634 	 -0.359
6704 	 -0.331
6710 	 -0.307
6726 	 -0.295
6728 	 -0.267
6782 	 -0.263
6894 	 -0.165
6990 	 -0.145
6994 	 -0.125
7002 	 -0.093
7272 	 -0.089
7278 	 -0.085
7290 	 -0.073
7324 	 -0.025
9000 	 -1.433
9024 	 -1.537
9050 	 -2.497
9078 	 -3.177
9112 	 -3.761
9158 	 -3.713
9162 	 -3.797
9174 	 -3.705
9186 	 -2.857
9216 	 -3.589
9232 	 -3.413
9238 	 -3.801
9262 	 -1.973
9268 	 -1.305
9298 	 -0.417
9304 	 -0.413
9306 	 -0.409
9334 	 -0.277
9400 	 -0.025
9660 	 -0.009
9904 	 -0.001
12000 	 -2.128
12004 	 -2.561
12006 	 -3.787
12008 	 -4.637
12010 	 -5.782
12012 	 -6.206
12016 	 -6.795
12020 	 -7.122
12028 	 -7.256
12030 	 -7.324
12040 	 -7.131
12042 	 -7.607
12054 	 -7.118
12064 	 -7.218
12072 	 -7.26
12074 	 -6.781
12086 	 -7.006
12088 	 -6.394
12100 	 -6.574
12102 	 -6.458
12120 	 -5.93
12132 	 -6.266
12140 	 -6.531
12148 	 -6.771
12152 	 -6.908
12154 	 -7.944
12164 	 -7.834
12180 	 -7.828
12182 	 -8.236
12186 	 -8.538
12188 	 -8.666
12190 	 -8.982
12206 	 -9.103
12212 	 -10.147
12226 	 -10.671
12228 	 -10.83
12234 	 -12.212
12236 	 -12.007
12252 	 -11.367
12258 	 -11.344
12260 	 -11.027
12266 	 -11.553
12270 	 -11.68
12272 	 -11.679
12274 	 -10.427
12282 	 -10.299
12290 	 -10.027
12294 	 -10.141
12296 	 -10.394
12300 	 -10.538
12304 	 -10.494
12324 	 -9.89
12328 	 -10.179
12332 	 -10.211
12338 	 -9.959
12344 	 -9.163
12350 	 -9.144
12354 	 -9.132
12358 	 -8.516
12360 	 -7.564
12382 	 -7.556
12386 	 -7.172
12388 	 -7.146
12394 	 -7.221
12398 	 -7.216
12400 	 -7.104
12404 	 -6.832
12412 	 -6.498
12416 	 -6.589
12420 	 -6.483
12426 	 -6.459
12428 	 -6.682
12430 	 -6.615
12436 	 -7.196
12448 	 -7.089
12452 	 -6.986
12456 	 -6.949
12460 	 -6.866
12462 	 -6.804
12464 	 -6.755
12466 	 -7.116
12476 	 -7.563
12480 	 -7.397
12492 	 -7.369
12494 	 -7.33
12502 	 -7.204
12508 	 -7.25
12514 	 -7.437
12516 	 -7.313
12520 	 -7.283
12536 	 -7.279
12544 	 -7.611
12552 	 -7.491
12562 	 -7.555
12570 	 -7.848
12574 	 -8.193
12578 	 -8.166
12590 	 -8.128
12592 	 -7.949
12596 	 -8.004
12604 	 -7.989
12608 	 -7.741
12614 	 -7.65
12618 	 -7.624
12620 	 -7.541
12626 	 -7.456
12630 	 -7.813
12638 	 -7.809
12640 	 -7.752
12652 	 -7.531
12654 	 -7.609
12658 	 -7.443
12668 	 -7.664
12677 	 -7.663
12694 	 -7.848
12696 	 -7.984
12710 	 -7.98
12712 	 -7.974
12720 	 -8.035
12724 	 -8.006
12730 	 -7.785
12732 	 -7.811
12738 	 -7.765
12748 	 -7.748
12750 	 -7.924
12758 	 -7.922
12768 	 -8.102
12772 	 -8.226
12780 	 -8.171
12790 	 -8.017
12794 	 -8.023
12798 	 -7.876
12804 	 -7.983
12812 	 -7.925
12814 	 -8
12816 	 -8.476
12824 	 -8.286
12828 	 -8.816
12830 	 -8.786
12832 	 -8.775
12842 	 -9.077
12844 	 -9.164
12856 	 -9.106
12866 	 -9.079
12868 	 -8.862
12870 	 -8.719
12874 	 -8.133
12876 	 -8.663
12884 	 -8.348
12902 	 -8.128
12908 	 -7.724
12916 	 -7.65
12920 	 -7.56
12922 	 -7.382
12926 	 -7.337
12932 	 -7.175
12934 	 -7.158
12938 	 -7.186
12948 	 -6.943
12950 	 -6.858
12954 	 -6.446
12958 	 -6.408
12960 	 -6.237
12964 	 -6.23
12966 	 -6.339
12970 	 -6.334
12972 	 -6.245
12974 	 -6.17
12976 	 -6.046
12978 	 -6.203
12982 	 -6.103
12984 	 -5.858
12986 	 -5.832
12990 	 -5.88
12996 	 -5.864
12998 	 -5.72
13004 	 -5.659
13006 	 -5.668
13008 	 -5.654
13010 	 -5.669
13012 	 -5.572
13018 	 -5.66
13022 	 -5.553
13028 	 -5.512
13040 	 -5.432
13042 	 -5.392
13044 	 -5.381
13052 	 -5.295
13054 	 -5.394
13056 	 -5.5
13060 	 -5.382
13066 	 -5.56
13068 	 -5.441
13070 	 -5.531
13076 	 -5.332
13080 	 -5.326
13082 	 -5.318
13084 	 -5.903
13094 	 -5.926
13096 	 -5.818
13100 	 -5.712
13102 	 -5.707
13104 	 -5.785
13108 	 -5.83
13114 	 -5.781
13118 	 -5.876
13124 	 -5.94
13126 	 -5.939
13132 	 -5.817
13134 	 -5.736
13150 	 -5.67
13162 	 -5.588
13168 	 -5.518
13170 	 -5.531
13172 	 -5.128
13174 	 -5.117
13182 	 -4.884
13190 	 -4.663
13202 	 -4.617
13206 	 -4.701
13212 	 -4.593
13214 	 -4.558
13216 	 -4.307
13220 	 -4.298
13226 	 -4.285
13234 	 -4.283
13246 	 -4.214
13248 	 -3.904
13250 	 -3.799
13252 	 -3.543
13258 	 -3.541
13262 	 -3.515
13268 	 -3.505
13270 	 -3.5
13272 	 -3.514
13278 	 -3.558
13290 	 -3.541
13300 	 -3.648
13306 	 -3.651
13308 	 -3.627
13312 	 -3.741
13328 	 -3.707
13332 	 -3.704
13334 	 -3.787
13350 	 -3.869
13358 	 -3.864
13366 	 -3.829
13372 	 -3.817
13384 	 -3.655
13388 	 -3.649
13398 	 -3.582
13406 	 -3.614
13416 	 -3.704
13422 	 -3.697
13424 	 -3.705
13432 	 -3.7
13442 	 -3.48
13444 	 -3.472
13454 	 -3.457
13462 	 -3.189
13474 	 -3.164
13484 	 -3.143
13488 	 -3.124
13492 	 -3.012
13500 	 -3.011
13512 	 -3.025
13514 	 -3.016
13516 	 -2.955
13526 	 -2.914
13542 	 -2.91
13544 	 -2.9
13546 	 -2.909
13548 	 -2.857
13554 	 -2.963
13578 	 -2.955
13580 	 -2.947
13588 	 -2.908
13592 	 -2.904
13596 	 -2.899
13604 	 -2.777
13620 	 -2.771
13638 	 -2.743
13648 	 -1.685
13668 	 -1.641
13682 	 -1.636
13696 	 -1.597
13708 	 -1.739
13710 	 -1.712
13724 	 -1.703
13726 	 -1.702
13744 	 -1.594
13756 	 -1.669
13760 	 -1.649
13766 	 -1.635
13800 	 -1.628
13804 	 -1.243
13810 	 -1.219
13820 	 -1.213
13868 	 -1.211
13878 	 -1.111
13880 	 -1.336
13900 	 -1.328
13902 	 -1.275
13912 	 -1.269
13940 	 -1.251
13942 	 -1.238
13946 	 -1.353
13954 	 -1.474
13984 	 -1.467
14010 	 -1.46
14016 	 -1.449
14030 	 -1.466
14048 	 -1.414
14058 	 -1.409
14074 	 -1.408
14080 	 -1.305
14104 	 -1.276
14110 	 -1.105
14120 	 -1.102
14132 	 -1.086
14136 	 -0.959
14148 	 -0.958
14160 	 -1.034
14186 	 -1.083
14208 	 -1.031
14212 	 -1.029
14214 	 -1.028
14222 	 -1.022
14240 	 -1.019
14276 	 -1.014
14286 	 -1.012
14288 	 -0.97
14298 	 -0.975
14318 	 -0.973
14320 	 -1.12
14326 	 -1.119
14328 	 -1.252
14330 	 -1.251
14350 	 -1.16
14356 	 -1.052
14372 	 -1.047
14376 	 -1.057
14378 	 -1.017
14396 	 -0.612
14412 	 -0.545
14414 	 -0.474
14434 	 -0.416
14440 	 -0.365
14454 	 -0.346
14458 	 -0.311
14462 	 -0.292
14466 	 -0.262
14474 	 -0.238
14490 	 -0.222
14500 	 -0.211
14518 	 -0.202
14530 	 -0.187
14538 	 -0.178
14640 	 -0.176
14644 	 -0.165
14668 	 -0.16
14676 	 -0.157
14740 	 -0.152
15000 	 -1.416
15024 	 -1.563
15050 	 -2.33
15078 	 -2.911
15112 	 -3.344
15158 	 -3.535
15162 	 -3.596
15174 	 -3.525
15186 	 -3.113
15216 	 -3.594
15222 	 -3.591
15232 	 -3.415
15238 	 -3.643
15262 	 -3.102
15266 	 -3.073
15268 	 -2.901
15276 	 -2.747
15282 	 -2.482
15298 	 -2.135
15300 	 -1.965
15308 	 -1.982
15310 	 -2.044
15334 	 -2.193
15336 	 -2.64
15342 	 -2.637
15346 	 -2.585
15350 	 -2.563
15354 	 -2.654
15356 	 -2.91
15372 	 -2.906
15374 	 -2.116
15400 	 -1.409
15422 	 -1.082
15456 	 -0.687
15460 	 -0.542
15470 	 -0.537
15486 	 -0.251
15492 	 -0.179
15558 	 -0.077
15574 	 -0.048
15658 	 -0.045
15660 	 -0.039
15708 	 -0.033
15808 	 -0.032
15864 	 -0.023
15888 	 -0.02
15904 	 -0.012
15916 	 -0.009
16494 	 -0.008
18000 	 -2.128
18020 	 -2.263
18042 	 -2.839
18064 	 -3.056
18088 	 -2.581
18120 	 -2.098
18154 	 -3.36
18180 	 -3.096
18190 	 -4.019
18234 	 -5.482
18252 	 -5.458
18262 	 -5.085
18270 	 -4.116
18278 	 -4.053
18286 	 -3.912
18296 	 -5.161
18316 	 -5.206
18328 	 -5.694
18336 	 -5.343
18342 	 -5.412
18348 	 -4.821
18360 	 -4.198
18368 	 -3.586
18384 	 -3.614
18402 	 -2.67
18420 	 -1.402
18426 	 -1.226
18434 	 -0.99
18448 	 -0.31
18472 	 -0.25
18552 	 -0.028
18864 	 -0.012
19002 	 0
21000 	 -1.44
21001 	 -1.44
