0 	 0
3000 	 -1.376
3024 	 -1.496
3050 	 -1.88
3062 	 -2.472
3078 	 -3.176
3112 	 -3.62
3158 	 -3.808
3164 	 -3.728
3186 	 -2.828
3198 	 -2.688
3216 	 -1.912
3232 	 -1.736
3238 	 -1.364
3262 	 -0.608
3296 	 -0.264
3400 	 -0.024
3636 	 -0.008
3904 	 0
6000 	 -2.478
6020 	 -2.638
6042 	 -3.286
6064 	 -3.582
6088 	 -3.11
6120 	 -2.686
6138 	 -2.872
6154 	 -3.312
6180 	 -3.048
6190 	 -3.516
6198 	 -3.5
6234 	 -3.9
6284 	 -4.203
6296 	 -4.179
6346 	 -4.159
6360 	 -2.871
6374 	 -2.271
6376 	 -1.719
6424 	 -1.319
6444 	 -0.761
6504 	 -0.637
6506 	 -0.613
6552 	 -0.501
6634 	 -0.359
6704 	 -0.331
6710 	 -0.307
6726 	 -0.295
6728 	 -0.267
6782 	 -0.263
6894 	 -0.165
6990 	 -0.145
6994 	 -0.125
7002 	 -0.093
7272 	 -0.089
7278 	 -0.085
7290 	 -0.073
7324 	 -0.025
9000 	 -1.433
9024 	 -1.537
9050 	 -2.497
9078 	 -3.177
9112 	 -3.761
9158 	 -3.713
9162 	 -3.797
9174 	 -3.705
9186 	 -2.857
9216 	 -3.589
9232 	 -3.413
9238 	 -3.801
9262 	 -1.973
9268 	 -1.305
9298 	 -0.417
9304 	 -0.413
9306 	 -0.409
9334 	 -0.277
9400 	 -0.025
9660 	 -0.009
9904 	 -0.001
12000 	 -2.128
12004 	 -2.601
12006 	 -3.827
12008 	 -5.088
12010 	 -6.233
12012 	 -6.872
12016 	 -7.461
12020 	 -7.901
12028 	 -8.035
12030 	 -8.103
12040 	 -7.998
12042 	 -8.474
12054 	 -7.985
12064 	 -8.085
12070 	 -8.269
12072 	 -8.311
12074 	 -7.832
12086 	 -8.057
12088 	 -7.445
12100 	 -7.608
12102 	 -7.492
12120 	 -6.964
12130 	 -6.758
12132 	 -7.094
12140 	 -7.359
12148 	 -7.599
12152 	 -7.736
12154 	 -8.772
12160 	 -9.13
12164 	 -9.02
12178 	 -9.098
12180 	 -9.092
12182 	 -9.5
12186 	 -9.802
12188 	 -9.93
12190 	 -10.246
12198 	 -10.224
12200 	 -10.35
12206 	 -10.471
12212 	 -11.515
12226 	 -12.039
12228 	 -12.198
12230 	 -12.413
12234 	 -13.795
12236 	 -13.536
12246 	 -13.876
12252 	 -13.236
12254 	 -13.135
12256 	 -13.118
12260 	 -12.801
12266 	 -13.227
12270 	 -13.354
12272 	 -13.353
12274 	 -12.101
12276 	 -11.971
12282 	 -11.814
12290 	 -11.542
12296 	 -11.795
12300 	 -11.939
12304 	 -11.895
12310 	 -12.349
12314 	 -12.293
12324 	 -11.689
12328 	 -12.008
12332 	 -12.04
12334 	 -11.975
12338 	 -11.723
12344 	 -10.927
12350 	 -10.899
12354 	 -10.887
12358 	 -10.199
12360 	 -9.497
12376 	 -9.396
12380 	 -9.399
12382 	 -9.352
12386 	 -9.355
12388 	 -9.347
12392 	 -9.305
12398 	 -9.38
12400 	 -9.268
12402 	 -9.328
12404 	 -8.978
12412 	 -8.667
12420 	 -8.561
12426 	 -8.537
12430 	 -8.47
12436 	 -9.006
12438 	 -8.695
12444 	 -8.747
12448 	 -8.64
12452 	 -8.537
12456 	 -8.717
12460 	 -8.634
12462 	 -8.609
12464 	 -8.656
12466 	 -9.017
12468 	 -8.955
12476 	 -9.211
12480 	 -9.045
12492 	 -9.017
12494 	 -8.978
12498 	 -8.475
12502 	 -8.456
12508 	 -8.443
12516 	 -8.319
12520 	 -8.289
12536 	 -8.578
12550 	 -8.892
12552 	 -8.772
12554 	 -8.788
12558 	 -8.912
12562 	 -8.779
12566 	 -8.891
12570 	 -9.009
12574 	 -9.368
12576 	 -9.364
12578 	 -9.337
12586 	 -9.296
12590 	 -9.255
12592 	 -9.076
12604 	 -9.061
12606 	 -9.102
12614 	 -8.932
12616 	 -8.817
12618 	 -8.636
12624 	 -8.623
12628 	 -8.575
12630 	 -9.002
12638 	 -8.998
12640 	 -8.941
12642 	 -8.714
12646 	 -8.652
12652 	 -8.837
12658 	 -8.834
12664 	 -8.878
12668 	 -9.031
12688 	 -9.092
12704 	 -9.077
12706 	 -9.07
12710 	 -9.066
12712 	 -8.437
12716 	 -8.434
12718 	 -8.398
12728 	 -8.402
12730 	 -8.4
12732 	 -8.426
12736 	 -8.252
12738 	 -8.264
12748 	 -8.247
12752 	 -7.984
12758 	 -7.982
12768 	 -8.181
12770 	 -8.312
12776 	 -8.302
12778 	 -8.274
12780 	 -8.219
12784 	 -8.217
12790 	 -8.103
12794 	 -8.109
12796 	 -8.04
12800 	 -7.994
12804 	 -8.102
12806 	 -8.468
12808 	 -8.472
12818 	 -9.073
12826 	 -8.98
12828 	 -8.945
12830 	 -9.436
12832 	 -9.007
12856 	 -8.804
12862 	 -8.791
12870 	 -8.557
12874 	 -7.887
12882 	 -7.762
12884 	 -7.633
12890 	 -7.704
12892 	 -8.24
12906 	 -8.451
12908 	 -7.786
12910 	 -7.783
12914 	 -7.595
12916 	 -7.521
12920 	 -7.431
12928 	 -7.512
12932 	 -7.525
12934 	 -7.618
12946 	 -7.584
12950 	 -7.459
12952 	 -7.156
12954 	 -7.087
12960 	 -6.871
12962 	 -6.797
12964 	 -6.79
12966 	 -6.684
12970 	 -6.754
12972 	 -6.575
12982 	 -6.494
12984 	 -6.134
12986 	 -5.937
12988 	 -6.01
12990 	 -6.007
12992 	 -5.865
12996 	 -5.849
13004 	 -5.775
13006 	 -5.761
13008 	 -5.791
13010 	 -5.806
13012 	 -5.937
13016 	 -5.981
13018 	 -5.926
13020 	 -5.783
13022 	 -5.868
13026 	 -5.826
13028 	 -5.785
13034 	 -5.777
13038 	 -5.853
13042 	 -5.813
13044 	 -5.759
13046 	 -5.707
13050 	 -6.021
13052 	 -6.271
13056 	 -6.063
13064 	 -5.998
13068 	 -6.143
13074 	 -6.117
13080 	 -6.111
13082 	 -6.103
13086 	 -6.197
13090 	 -6.232
13096 	 -6.095
13102 	 -6.09
13104 	 -6.275
13106 	 -6.28
13108 	 -6.309
13112 	 -6.127
13114 	 -6.078
13118 	 -6.083
13130 	 -6.014
13132 	 -6.015
13150 	 -5.949
13152 	 -5.433
13164 	 -5.423
13168 	 -5.353
13170 	 -4.912
13172 	 -4.936
13174 	 -4.946
13182 	 -4.945
13184 	 -5.04
13188 	 -4.889
13196 	 -4.591
13202 	 -4.563
13206 	 -4.719
13214 	 -4.797
13218 	 -4.877
13220 	 -4.751
13222 	 -4.733
13230 	 -4.698
13234 	 -4.662
13246 	 -4.593
13248 	 -3.964
13250 	 -3.914
13258 	 -3.912
13262 	 -3.886
13268 	 -3.876
13284 	 -3.873
13290 	 -3.989
13292 	 -3.976
13304 	 -3.974
13310 	 -4.026
13320 	 -3.825
13328 	 -3.791
13332 	 -3.874
13350 	 -3.869
13366 	 -4.017
13372 	 -3.912
13384 	 -3.801
13388 	 -3.89
13390 	 -3.922
13398 	 -3.864
13400 	 -3.852
13402 	 -3.851
13404 	 -3.849
13408 	 -3.866
13412 	 -3.858
13414 	 -3.703
13420 	 -3.694
13422 	 -3.673
13426 	 -3.548
13430 	 -3.517
13448 	 -3.373
13454 	 -3.362
13462 	 -3.386
13464 	 -3.383
13466 	 -3.361
13474 	 -3.284
13484 	 -3.329
13494 	 -3.171
13498 	 -3.164
13514 	 -3.155
13538 	 -3.125
13542 	 -3.121
13548 	 -3.111
13562 	 -3.112
13576 	 -2.733
13596 	 -2.803
13604 	 -2.681
13632 	 -2.677
13640 	 -2.661
13648 	 -1.703
13656 	 -1.694
13688 	 -1.654
13696 	 -1.615
13710 	 -1.588
13714 	 -1.567
13726 	 -1.566
13744 	 -1.653
13760 	 -1.633
13766 	 -1.623
13770 	 -1.619
13772 	 -1.399
13788 	 -1.381
13804 	 -0.865
13820 	 -0.806
13840 	 -0.676
13876 	 -0.649
13878 	 -0.549
13900 	 -0.539
13902 	 -0.486
13912 	 -0.479
13940 	 -0.461
13942 	 -0.434
13992 	 -0.393
14042 	 -0.391
14048 	 -0.339
14058 	 -0.334
14074 	 -0.333
14120 	 -0.331
14136 	 -0.203
14212 	 -0.201
14248 	 -0.188
14276 	 -0.183
14282 	 -0.177
14318 	 -0.175
14326 	 -0.174
14378 	 -0.134
15000 	 -1.409
15024 	 -1.529
15050 	 -1.913
15078 	 -2.105
15112 	 -1.949
15158 	 -1.879
15186 	 -1.629
15216 	 -1.045
15222 	 -1.043
15228 	 -1.042
15232 	 -0.866
15262 	 -0.971
15310 	 -1.012
15336 	 -1.31
15342 	 -1.307
15356 	 -1.477
15372 	 -1.473
15374 	 -1.093
15400 	 -0.719
15422 	 -0.559
15456 	 -0.297
15470 	 -0.292
15486 	 -0.1
15558 	 -0.03
15808 	 -0.029
15812 	 -0.028
15864 	 -0.02
15888 	 -0.018
15904 	 -0.01
15912 	 -0.009
18000 	 -2.128
18020 	 -2.218
18042 	 -2.634
18064 	 -2.642
18088 	 -2.018
18120 	 -1.446
18154 	 -1.52
18180 	 -1.256
18190 	 -1.318
18234 	 -1.284
18262 	 -1.098
18296 	 -1.668
18328 	 -1.912
18342 	 -1.972
18360 	 -1.962
18368 	 -1.656
18384 	 -1.67
18402 	 -1.312
18420 	 -0.678
18426 	 -0.59
18434 	 -0.472
18448 	 -0.132
18472 	 -0.102
18552 	 -0.008
18864 	 0
21000 	 -1.44
21001 	 -1.44
