0 	 0
3000 	 -1.376
3024 	 -1.496
3050 	 -1.88
3062 	 -2.472
3078 	 -3.176
3112 	 -3.62
3158 	 -3.808
3164 	 -3.728
3186 	 -2.828
3198 	 -2.688
3216 	 -1.912
3232 	 -1.736
3238 	 -1.364
3262 	 -0.608
3296 	 -0.264
3400 	 -0.024
3636 	 -0.008
3904 	 0
6000 	 -2.478
6020 	 -2.638
6042 	 -3.286
6064 	 -3.582
6088 	 -3.11
6120 	 -2.686
6138 	 -2.872
6154 	 -3.312
6180 	 -3.048
6190 	 -3.516
6198 	 -3.5
6234 	 -3.9
6284 	 -4.203
6296 	 -4.179
6346 	 -4.159
6360 	 -2.871
6374 	 -2.271
6376 	 -1.719
6424 	 -1.319
6444 	 -0.761
6504 	 -0.637
6506 	 -0.613
6552 	 -0.501
6634 	 -0.359
6704 	 -0.331
6710 	 -0.307
6726 	 -0.295
6728 	 -0.267
6782 	 -0.263
6894 	 -0.165
6990 	 -0.145
6994 	 -0.125
7002 	 -0.093
7272 	 -0.089
7278 	 -0.085
7290 	 -0.073
7324 	 -0.025
9000 	 -1.433
9024 	 -1.537
9050 	 -2.497
9078 	 -3.177
9112 	 -3.761
9158 	 -3.713
9162 	 -3.797
9174 	 -3.705
9186 	 -2.857
9216 	 -3.589
9232 	 -3.413
9238 	 -3.801
9262 	 -1.973
9268 	 -1.305
9298 	 -0.417
9304 	 -0.413
9306 	 -0.409
9334 	 -0.277
9400 	 -0.025
9660 	 -0.009
9904 	 -0.001
12000 	 -2.966
12002 	 -2.783
12004 	 -3.263
12006 	 -3.3
12008 	 -4.222
12010 	 -4.654
12012 	 -5.071
12016 	 -4.939
12018 	 -4.985
12020 	 -5.321
12032 	 -5.09
12034 	 -5.141
12040 	 -5.258
12042 	 -5.734
12048 	 -5.521
12062 	 -5.676
12064 	 -5.752
12070 	 -5.79
12086 	 -6.055
12088 	 -5.443
12090 	 -5.474
12100 	 -5.457
12102 	 -5.389
12120 	 -4.67
12130 	 -4.464
12132 	 -4.784
12154 	 -5.952
12156 	 -5.715
12160 	 -6.073
12162 	 -6.5
12176 	 -6.69
12178 	 -6.784
12180 	 -6.525
12190 	 -6.841
12198 	 -6.791
12200 	 -6.913
12212 	 -7.957
12222 	 -7.85
12226 	 -8.145
12230 	 -8.24
12234 	 -9.588
12236 	 -9.372
12242 	 -9.439
12246 	 -9.781
12252 	 -9.065
12254 	 -8.964
12256 	 -8.929
12260 	 -8.911
12266 	 -8.787
12272 	 -8.786
12274 	 -7.534
12276 	 -7.7
12278 	 -7.779
12282 	 -7.622
12284 	 -7.411
12290 	 -7.139
12292 	 -7.194
12296 	 -7.434
12298 	 -7.463
12304 	 -7.419
12308 	 -7.404
12310 	 -7.702
12314 	 -7.42
12324 	 -6.816
12328 	 -6.914
12332 	 -6.946
12334 	 -6.784
12338 	 -6.532
12344 	 -5.736
12350 	 -5.727
12352 	 -5.872
12354 	 -5.776
12358 	 -5.709
12360 	 -4.688
12368 	 -4.66
12370 	 -4.575
12376 	 -4.474
12380 	 -4.477
12382 	 -4.359
12384 	 -3.939
12386 	 -3.867
12392 	 -3.825
12402 	 -3.711
12404 	 -3.361
12406 	 -3.657
12412 	 -3.873
12416 	 -3.916
12432 	 -3.854
12438 	 -3.339
12456 	 -3.182
12464 	 -3.133
12474 	 -3.111
12486 	 -3.087
12488 	 -2.984
12496 	 -3.052
12500 	 -3.071
12502 	 -3.052
12510 	 -3.048
12516 	 -2.998
12540 	 -3.014
12542 	 -2.979
12550 	 -2.889
12552 	 -2.822
12558 	 -3.441
12562 	 -3.615
12576 	 -3.611
12584 	 -3.662
12590 	 -3.838
12604 	 -3.833
12608 	 -3.828
12610 	 -3.681
12614 	 -3.481
12624 	 -3.445
12630 	 -3.2
12640 	 -2.872
12660 	 -2.853
12662 	 -2.768
12676 	 -2.911
12698 	 -3.006
12700 	 -3.553
12704 	 -3.534
12714 	 -3.384
12718 	 -3.712
12730 	 -3.789
12732 	 -3.701
12740 	 -3.829
12742 	 -3.825
12762 	 -3.809
12768 	 -3.908
12776 	 -3.898
12782 	 -3.889
12784 	 -3.997
12786 	 -4.034
12800 	 -4.025
12802 	 -4.003
12804 	 -3.849
12806 	 -3.798
12808 	 -3.837
12810 	 -3.962
12814 	 -4.1
12832 	 -5.309
12844 	 -5.676
12852 	 -6.304
12860 	 -6.082
12866 	 -6.189
12874 	 -6.143
12876 	 -6.192
12882 	 -6.113
12894 	 -6.293
12896 	 -5.879
12898 	 -5.866
12900 	 -6.061
12904 	 -6.242
12906 	 -6.297
12908 	 -6.268
12910 	 -6.452
12912 	 -6.34
12918 	 -6.324
12922 	 -6.365
12924 	 -6.611
12928 	 -6.39
12934 	 -6.388
12948 	 -6.294
12952 	 -6.21
12958 	 -5.998
12960 	 -5.59
12970 	 -5.585
12972 	 -5.492
12978 	 -5.455
12982 	 -5.478
12984 	 -5.291
12988 	 -5.431
12990 	 -5.428
12996 	 -5.412
13002 	 -5.342
13008 	 -5.176
13012 	 -5.188
13014 	 -5.155
13020 	 -5.15
13042 	 -5.589
13050 	 -5.619
13052 	 -5.563
13054 	 -5.646
13060 	 -5.588
13062 	 -5.587
13066 	 -5.663
13068 	 -5.966
13074 	 -6.064
13078 	 -6.402
13080 	 -6.396
13082 	 -6.518
13098 	 -6.624
13102 	 -6.622
13104 	 -6.596
13106 	 -6.663
13108 	 -6.619
13114 	 -6.612
13120 	 -6.655
13126 	 -6.598
13130 	 -6.702
13138 	 -6.664
13140 	 -6.63
13142 	 -6.7
13144 	 -6.745
13150 	 -6.505
13152 	 -6.496
13156 	 -6.353
13160 	 -6.268
13162 	 -6.659
13176 	 -6.631
13182 	 -6.828
13192 	 -6.382
13196 	 -6.298
13214 	 -5.838
13216 	 -5.605
13218 	 -5.578
13220 	 -5.745
13226 	 -6.543
13228 	 -6.783
13234 	 -6.323
13238 	 -6.406
13250 	 -6.375
13258 	 -6.373
13266 	 -6.037
13270 	 -6.287
13280 	 -6.343
13288 	 -6.221
13296 	 -5.899
13298 	 -5.651
13300 	 -5.559
13304 	 -5.602
13312 	 -5.732
13314 	 -5.77
13316 	 -5.686
13320 	 -5.883
13322 	 -5.844
13324 	 -5.976
13348 	 -5.143
13354 	 -4.893
13358 	 -4.741
13360 	 -4.535
13374 	 -4.663
13388 	 -4.455
13392 	 -4.427
13396 	 -4.164
13398 	 -4.099
13408 	 -3.673
13416 	 -3.704
13430 	 -3.662
13438 	 -2.534
13452 	 -2.514
13454 	 -2.385
13460 	 -2.267
13466 	 -2.34
13468 	 -2.328
13472 	 -2.239
13478 	 -2.238
13480 	 -2.593
13484 	 -2.494
13486 	 -2.506
13508 	 -2.465
13510 	 -2.056
13516 	 -2.042
13518 	 -1.928
13520 	 -1.793
13528 	 -1.774
13530 	 -1.829
13544 	 -1.8
13546 	 -1.787
13550 	 -1.786
13556 	 -1.763
13564 	 -1.76
13574 	 -1.353
13590 	 -1.345
13608 	 -1.313
13612 	 -1.302
13622 	 -1.146
13628 	 -1.085
13632 	 -1.077
13646 	 -1.17
13650 	 -1.182
13654 	 -1.173
13664 	 -1.164
13674 	 -1.14
13692 	 -0.983
13702 	 -1.045
13708 	 -1.044
13710 	 -0.91
13726 	 -0.909
13738 	 -0.83
13766 	 -0.618
13774 	 -0.527
13788 	 -0.494
13790 	 -0.486
13798 	 -0.377
13806 	 -0.376
13814 	 -0.323
13816 	 -0.32
13836 	 -0.272
13840 	 -0.269
13844 	 -0.243
13864 	 -0.192
13872 	 -0.164
13902 	 -0.141
13920 	 -0.137
13922 	 -0.124
13926 	 -0.121
13938 	 -0.12
13956 	 -0.113
13964 	 -0.105
13982 	 -0.079
14026 	 -0.075
14172 	 -0.067
14176 	 -0.037
14216 	 -0.034
14230 	 -0.033
14410 	 -0.027
15000 	 -1.38
15024 	 -1.51
15050 	 -2.019
15078 	 -2.344
15112 	 -2.373
15158 	 -2.356
15162 	 -2.377
15174 	 -2.353
15186 	 -1.959
15216 	 -1.771
15232 	 -1.595
15238 	 -1.659
15262 	 -1.399
15268 	 -1.313
15282 	 -1.181
15298 	 -1.007
15310 	 -1.047
15336 	 -1.345
15346 	 -1.319
15356 	 -1.489
15374 	 -1.105
15400 	 -0.703
15422 	 -0.544
15456 	 -0.28
15486 	 -0.091
15558 	 -0.024
15660 	 -0.021
15708 	 -0.015
15766 	 -0.013
15864 	 -0.008
15904 	 0
18000 	 -2.128
18020 	 -2.227
18042 	 -2.675
18064 	 -2.726
18088 	 -2.125
18120 	 -1.552
18154 	 -1.968
18180 	 -1.704
18190 	 -1.963
18234 	 -2.362
18252 	 -2.354
18262 	 -2.168
18270 	 -1.845
18278 	 -1.824
18286 	 -1.777
18296 	 -2.335
18316 	 -2.35
18328 	 -2.594
18336 	 -2.477
18342 	 -2.52
18348 	 -2.323
18360 	 -2.064
18368 	 -1.758
18384 	 -1.772
18402 	 -1.338
18420 	 -0.704
18426 	 -0.616
18434 	 -0.498
18448 	 -0.158
18472 	 -0.128
18552 	 -0.012
18864 	 -0.004
19002 	 0
21000 	 -1.44
21001 	 -1.44
