0 	 0
3000 	 -1.376
3024 	 -1.496
3050 	 -1.88
3062 	 -2.472
3078 	 -3.176
3112 	 -3.62
3158 	 -3.808
3164 	 -3.728
3186 	 -2.828
3198 	 -2.688
3216 	 -1.912
3232 	 -1.736
3238 	 -1.364
3262 	 -0.608
3296 	 -0.264
3400 	 -0.024
3636 	 -0.008
3904 	 0
6000 	 -2.478
6020 	 -2.638
6042 	 -3.286
6064 	 -3.582
6088 	 -3.11
6120 	 -2.686
6138 	 -2.872
6154 	 -3.312
6180 	 -3.048
6190 	 -3.516
6198 	 -3.5
6234 	 -3.9
6284 	 -4.203
6296 	 -4.179
6346 	 -4.159
6360 	 -2.871
6374 	 -2.271
6376 	 -1.719
6424 	 -1.319
6444 	 -0.761
6504 	 -0.637
6506 	 -0.613
6552 	 -0.501
6634 	 -0.359
6704 	 -0.331
6710 	 -0.307
6726 	 -0.295
6728 	 -0.267
6782 	 -0.263
6894 	 -0.165
6990 	 -0.145
6994 	 -0.125
7002 	 -0.093
7272 	 -0.089
7278 	 -0.085
7290 	 -0.073
7324 	 -0.025
9000 	 -1.433
9024 	 -1.537
9050 	 -2.497
9078 	 -3.177
9112 	 -3.761
9158 	 -3.713
9162 	 -3.797
9174 	 -3.705
9186 	 -2.857
9216 	 -3.589
9232 	 -3.413
9238 	 -3.801
9262 	 -1.973
9268 	 -1.305
9298 	 -0.417
9304 	 -0.413
9306 	 -0.409
9334 	 -0.277
9400 	 -0.025
9660 	 -0.009
9904 	 -0.001
12000 	 -2.98
12002 	 -2.852
12004 	 -3.732
12006 	 -3.98
12008 	 -4.99
12012 	 -5.402
12016 	 -5.138
12020 	 -5.48
12032 	 -5.097
12040 	 -5.273
12042 	 -5.749
12048 	 -5.283
12064 	 -5.383
12070 	 -5.333
12088 	 -4.721
12100 	 -4.625
12102 	 -4.365
12114 	 -4.506
12120 	 -3.978
12130 	 -3.765
12154 	 -4.801
12162 	 -4.747
12178 	 -4.755
12180 	 -4.491
12184 	 -4.343
12190 	 -4.659
12192 	 -4.602
12198 	 -4.603
12200 	 -4.391
12210 	 -4.429
12212 	 -5.473
12226 	 -5.464
12230 	 -5.315
12234 	 -6.663
12242 	 -6.702
12248 	 -6.712
12252 	 -5.957
12254 	 -6.08
12264 	 -6.015
12274 	 -4.763
12276 	 -4.969
12282 	 -4.672
12290 	 -4.4
12296 	 -4.64
12304 	 -4.531
12320 	 -4.533
12324 	 -3.929
12330 	 -4.035
12332 	 -4.067
12334 	 -3.908
12338 	 -3.656
12344 	 -2.86
12352 	 -2.964
12358 	 -2.945
12360 	 -1.993
12376 	 -1.868
12382 	 -1.784
12402 	 -1.598
12404 	 -1.326
12438 	 -1.007
12472 	 -1.449
12498 	 -1.496
12510 	 -1.583
12528 	 -1.684
12532 	 -1.675
12550 	 -1.5
12552 	 -1.38
12568 	 -1.389
12578 	 -1.358
12584 	 -1.251
12600 	 -1.398
12610 	 -1.518
12618 	 -1.284
12650 	 -1.317
12652 	 -1.268
12670 	 -1.242
12688 	 -1.179
12714 	 -1.45
12742 	 -1.438
12750 	 -2.237
12774 	 -2.364
12784 	 -2.536
12794 	 -2.682
12804 	 -2.506
12814 	 -2.504
12820 	 -2.345
12826 	 -2.476
12840 	 -2.337
12858 	 -2.429
12864 	 -2.489
12872 	 -2.315
12878 	 -2.426
12880 	 -2.4
12892 	 -1.942
12894 	 -1.961
12902 	 -2.108
12908 	 -2.169
12910 	 -2.246
12912 	 -2.184
12914 	 -2.17
12928 	 -2.168
12930 	 -2.148
12944 	 -2.416
12948 	 -2.367
12954 	 -2.334
12970 	 -2.322
12972 	 -2.358
12976 	 -2.404
12982 	 -2.49
12986 	 -2.52
12990 	 -2.514
12996 	 -2.498
12998 	 -2.826
13000 	 -2.802
13004 	 -2.712
13010 	 -2.726
13012 	 -3.236
13014 	 -3.389
13020 	 -3.251
13032 	 -4.019
13036 	 -3.983
13038 	 -3.975
13040 	 -4.143
13042 	 -4.326
13048 	 -4.357
13056 	 -4.481
13066 	 -4.255
13074 	 -4.295
13078 	 -4.283
13080 	 -4.62
13084 	 -5.116
13086 	 -4.897
13094 	 -5.124
13096 	 -5.412
13104 	 -5.265
13134 	 -4.49
13144 	 -4.503
13150 	 -4.557
13156 	 -4.603
13158 	 -4.477
13162 	 -4.47
13164 	 -4.46
13166 	 -4.369
13172 	 -4.448
13174 	 -4.615
13178 	 -4.611
13188 	 -4.504
13194 	 -4.495
13196 	 -4.35
13198 	 -4.239
13200 	 -4.277
13202 	 -4.463
13206 	 -4.61
13220 	 -4.583
13222 	 -4.497
13224 	 -4.158
13238 	 -4.094
13248 	 -4.116
13250 	 -4.096
13252 	 -4.047
13264 	 -4.074
13268 	 -4.07
13282 	 -3.896
13288 	 -3.981
13296 	 -3.979
13298 	 -3.916
13300 	 -3.921
13302 	 -3.895
13308 	 -3.789
13310 	 -3.601
13316 	 -3.63
13328 	 -3.697
13340 	 -3.665
13342 	 -3.675
13344 	 -3.702
13348 	 -3.665
13358 	 -3.73
13362 	 -3.759
13366 	 -3.822
13374 	 -3.726
13380 	 -3.588
13384 	 -3.63
13386 	 -3.6
13390 	 -3.247
13400 	 -3.21
13406 	 -3.275
13410 	 -3.313
13414 	 -3.031
13418 	 -2.956
13420 	 -2.8
13436 	 -2.766
13442 	 -2.747
13444 	 -2.733
13450 	 -2.724
13460 	 -2.691
13468 	 -2.679
13472 	 -2.759
13476 	 -2.765
13478 	 -2.846
13480 	 -2.761
13494 	 -2.746
13506 	 -2.738
13510 	 -2.751
13512 	 -2.742
13514 	 -2.741
13522 	 -2.714
13524 	 -2.713
13534 	 -2.7
13536 	 -2.695
13538 	 -2.567
13542 	 -2.496
13544 	 -2.46
13546 	 -2.597
13550 	 -2.485
13560 	 -2.463
13564 	 -2.448
13572 	 -2.488
13578 	 -2.582
13584 	 -2.57
13598 	 -2.41
13618 	 -2.232
13620 	 -2.206
13632 	 -2.302
13638 	 -2.272
13642 	 -2.267
13654 	 -2.265
13662 	 -2.11
13676 	 -2.078
13682 	 -2.007
13688 	 -1.99
13700 	 -1.967
13708 	 -1.959
13712 	 -1.884
13716 	 -1.87
13718 	 -1.911
13726 	 -1.864
13728 	 -1.859
13730 	 -1.509
13736 	 -1.469
13738 	 -1.454
13752 	 -1.438
13754 	 -1.434
13776 	 -1.424
13784 	 -1.408
13796 	 -1.498
13800 	 -1.491
13810 	 -1.468
13816 	 -1.556
13818 	 -1.507
13826 	 -1.458
13832 	 -1.446
13834 	 -1.445
13840 	 -1.439
13846 	 -1.323
13862 	 -1.222
13870 	 -1.215
13896 	 -0.965
13916 	 -0.88
13928 	 -0.846
13932 	 -0.83
13960 	 -0.712
13966 	 -0.711
13970 	 -0.703
13974 	 -0.694
13990 	 -0.679
14016 	 -0.811
14036 	 -0.804
14038 	 -0.703
14068 	 -0.698
14070 	 -0.686
14072 	 -0.68
14082 	 -0.651
14084 	 -0.547
14086 	 -0.512
14090 	 -0.494
14108 	 -0.487
14120 	 -0.457
14130 	 -0.299
14148 	 -0.246
14154 	 -0.236
14168 	 -0.235
14172 	 -0.233
14174 	 -0.158
14192 	 -0.111
14224 	 -0.098
14246 	 -0.095
14302 	 -0.066
14322 	 -0.059
14376 	 -0.058
14440 	 -0.057
14448 	 -0.054
14568 	 -0.052
14632 	 -0.05
15000 	 -1.389
15024 	 -1.539
15050 	 -2.448
15078 	 -3.157
15112 	 -3.79
15158 	 -3.78
15162 	 -3.861
15174 	 -3.765
15186 	 -2.879
15216 	 -3.886
15232 	 -3.71
15238 	 -3.966
15262 	 -2.358
15268 	 -2.013
15282 	 -1.485
15298 	 -0.791
15310 	 -0.812
15336 	 -0.961
15346 	 -0.857
15356 	 -0.942
15374 	 -0.752
15400 	 -0.373
15422 	 -0.293
15456 	 -0.162
15486 	 -0.067
15558 	 -0.032
15660 	 -0.02
15864 	 -0.016
15904 	 -0.008
16296 	 -0.007
18000 	 -2.128
18020 	 -2.245
18042 	 -2.757
18064 	 -2.897
18088 	 -2.325
18120 	 -1.703
18154 	 -3.064
18180 	 -2.8
18190 	 -3.515
18234 	 -5.114
18252 	 -5.082
18262 	 -4.989
18270 	 -3.697
18278 	 -3.613
18286 	 -3.425
18296 	 -3.59
18316 	 -3.65
18328 	 -3.772
18336 	 -3.304
18342 	 -3.266
18348 	 -2.478
18360 	 -1.405
18368 	 -1.252
18384 	 -1.259
18402 	 -0.776
18420 	 -0.459
18426 	 -0.415
18434 	 -0.356
18448 	 -0.186
18472 	 -0.171
18552 	 -0.02
18864 	 -0.016
19002 	 0
21000 	 -1.44
21001 	 -1.44
