0 	 0
3000 	 -1.376
3024 	 -1.496
3050 	 -1.88
3062 	 -2.472
3078 	 -3.176
3112 	 -3.62
3158 	 -3.808
3164 	 -3.728
3186 	 -2.828
3198 	 -2.688
3216 	 -1.912
3232 	 -1.736
3238 	 -1.364
3262 	 -0.608
3296 	 -0.264
3400 	 -0.024
3636 	 -0.008
3904 	 0
6000 	 -2.478
6020 	 -2.638
6042 	 -3.286
6064 	 -3.582
6088 	 -3.11
6120 	 -2.686
6138 	 -2.872
6154 	 -3.312
6180 	 -3.048
6190 	 -3.516
6198 	 -3.5
6234 	 -3.9
6284 	 -4.203
6296 	 -4.179
6346 	 -4.159
6360 	 -2.871
6374 	 -2.271
6376 	 -1.719
6424 	 -1.319
6444 	 -0.761
6504 	 -0.637
6506 	 -0.613
6552 	 -0.501
6634 	 -0.359
6704 	 -0.331
6710 	 -0.307
6726 	 -0.295
6728 	 -0.267
6782 	 -0.263
6894 	 -0.165
6990 	 -0.145
6994 	 -0.125
7002 	 -0.093
7272 	 -0.089
7278 	 -0.085
7290 	 -0.073
7324 	 -0.025
9000 	 -1.433
9024 	 -1.537
9050 	 -2.497
9078 	 -3.177
9112 	 -3.761
9158 	 -3.713
9162 	 -3.797
9174 	 -3.705
9186 	 -2.857
9216 	 -3.589
9232 	 -3.413
9238 	 -3.801
9262 	 -1.973
9268 	 -1.305
9298 	 -0.417
9304 	 -0.413
9306 	 -0.409
9334 	 -0.277
9400 	 -0.025
9660 	 -0.009
9904 	 -0.001
12000 	 -2.966
12002 	 -2.783
12004 	 -3.263
12006 	 -3.3
12008 	 -4.222
12010 	 -4.654
12012 	 -5.071
12016 	 -4.939
12018 	 -4.985
12020 	 -5.321
12032 	 -5.09
12034 	 -5.141
12040 	 -5.258
12042 	 -5.734
12048 	 -5.521
12062 	 -5.675
12064 	 -5.751
12070 	 -5.789
12086 	 -6.054
12088 	 -5.442
12090 	 -5.468
12100 	 -5.451
12102 	 -5.372
12120 	 -4.757
12130 	 -4.551
12132 	 -4.871
12154 	 -6.039
12156 	 -6.102
12160 	 -6.46
12162 	 -6.433
12166 	 -6.515
12176 	 -6.563
12178 	 -6.723
12180 	 -6.476
12184 	 -6.468
12190 	 -6.784
12198 	 -6.734
12200 	 -6.962
12212 	 -8.006
12222 	 -7.899
12230 	 -8.077
12234 	 -9.425
12236 	 -9.095
12242 	 -9.421
12246 	 -9.599
12252 	 -8.883
12254 	 -8.782
12256 	 -8.741
12258 	 -8.925
12260 	 -8.907
12264 	 -8.768
12272 	 -8.767
12274 	 -7.515
12276 	 -7.807
12282 	 -7.44
12288 	 -7.495
12290 	 -7.223
12296 	 -7.499
12304 	 -7.455
12308 	 -7.44
12310 	 -7.695
12314 	 -7.368
12324 	 -6.764
12328 	 -6.867
12332 	 -6.899
12334 	 -6.71
12338 	 -6.458
12344 	 -5.62
12350 	 -5.611
12352 	 -5.745
12354 	 -5.733
12356 	 -5.582
12358 	 -5.342
12360 	 -4.39
12368 	 -4.307
12376 	 -4.083
12380 	 -4.086
12382 	 -3.677
12386 	 -3.605
12388 	 -3.532
12392 	 -3.49
12404 	 -3.067
12406 	 -3.383
12412 	 -3.585
12416 	 -3.626
12432 	 -3.742
12438 	 -3.237
12456 	 -3.13
12464 	 -3.081
12478 	 -3.062
12488 	 -2.956
12496 	 -3.021
12500 	 -3.027
12502 	 -3.008
12510 	 -3.086
12516 	 -3.03
12540 	 -3.065
12542 	 -3.035
12550 	 -3.009
12552 	 -3.009
12564 	 -3.005
12566 	 -3.587
12576 	 -3.583
12584 	 -3.564
12590 	 -3.783
12602 	 -3.822
12604 	 -3.817
12610 	 -3.76
12614 	 -3.713
12624 	 -3.7
12628 	 -3.48
12638 	 -3.538
12640 	 -3.437
12650 	 -3.39
12656 	 -3.368
12660 	 -3.322
12662 	 -3.377
12672 	 -3.366
12696 	 -3.329
12700 	 -3.171
12714 	 -3.021
12718 	 -3.187
12730 	 -3.096
12732 	 -3.069
12738 	 -3.308
12742 	 -3.304
12748 	 -3.132
12768 	 -3.115
12776 	 -3.105
12782 	 -3.272
12786 	 -3.337
12788 	 -3.325
12798 	 -3.3
12802 	 -3.358
12804 	 -3.204
12806 	 -3.146
12812 	 -3.166
12822 	 -3.527
12828 	 -3.445
12836 	 -4.077
12838 	 -4.276
12840 	 -4.622
12852 	 -4.855
12866 	 -4.737
12868 	 -4.913
12874 	 -4.828
12884 	 -5.106
12888 	 -5.298
12892 	 -5.032
12896 	 -5.662
12898 	 -5.442
12904 	 -5.241
12908 	 -5.512
12914 	 -5.47
12918 	 -5.497
12924 	 -5.514
12926 	 -5.646
12940 	 -5.433
12942 	 -5.552
12952 	 -5.468
12962 	 -4.86
12970 	 -4.855
12978 	 -4.719
12980 	 -4.716
12982 	 -4.813
12986 	 -4.877
12990 	 -4.874
12994 	 -4.398
12996 	 -4.242
13002 	 -4.125
13004 	 -4.014
13006 	 -4.107
13012 	 -3.986
13016 	 -3.96
13022 	 -3.967
13032 	 -3.979
13034 	 -3.934
13036 	 -3.989
13038 	 -3.837
13048 	 -3.634
13056 	 -3.641
13060 	 -3.734
13062 	 -3.852
13068 	 -3.823
13074 	 -3.875
13076 	 -3.826
13080 	 -3.991
13086 	 -3.943
13088 	 -3.92
13094 	 -3.766
13098 	 -3.737
13104 	 -4.142
13108 	 -4.233
13112 	 -4.168
13116 	 -4.081
13122 	 -4.827
13126 	 -4.434
13130 	 -4.366
13138 	 -4.312
13146 	 -4.353
13148 	 -4.129
13150 	 -4.117
13160 	 -4.129
13162 	 -4.15
13166 	 -4.029
13174 	 -3.781
13176 	 -3.768
13182 	 -3.767
13184 	 -3.797
13194 	 -3.852
13206 	 -4.014
13208 	 -3.976
13214 	 -3.622
13222 	 -3.698
13224 	 -2.916
13226 	 -2.989
13228 	 -3.232
13234 	 -3.083
13240 	 -3.051
13248 	 -3.136
13252 	 -3.009
13254 	 -2.976
13258 	 -2.974
13264 	 -2.896
13268 	 -3.012
13272 	 -2.636
13276 	 -2.582
13288 	 -2.722
13294 	 -2.928
13304 	 -2.942
13308 	 -2.886
13312 	 -2.7
13338 	 -2.808
13344 	 -2.952
13348 	 -2.886
13354 	 -2.884
13360 	 -2.882
13366 	 -2.759
13372 	 -2.746
13386 	 -2.807
13388 	 -2.813
13404 	 -2.845
13408 	 -2.508
13420 	 -2.491
13422 	 -2.371
13432 	 -2.302
13450 	 -2.138
13454 	 -2.107
13458 	 -2.066
13462 	 -2.095
13472 	 -2.029
13484 	 -1.953
13486 	 -1.703
13502 	 -1.658
13504 	 -1.657
13510 	 -1.652
13512 	 -1.617
13520 	 -1.592
13544 	 -1.557
13554 	 -1.539
13564 	 -1.523
13582 	 -1.483
13584 	 -1.468
13586 	 -1.236
13598 	 -1.184
13600 	 -1.162
13606 	 -1.155
13632 	 -1.151
13634 	 -1.1
13636 	 -1.058
13642 	 -0.871
13644 	 -0.827
13654 	 -0.655
13660 	 -0.635
13678 	 -0.562
13682 	 -0.553
13690 	 -0.517
13694 	 -0.508
13710 	 -0.367
13724 	 -0.347
13726 	 -0.346
13734 	 -0.333
13750 	 -0.328
13754 	 -0.319
13776 	 -0.262
13784 	 -0.183
13790 	 -0.176
13792 	 -0.174
13828 	 -0.173
13830 	 -0.171
13832 	 -0.17
13854 	 -0.163
13874 	 -0.16
13876 	 -0.159
13890 	 -0.157
13904 	 -0.128
13940 	 -0.126
13944 	 -0.122
13952 	 -0.119
13960 	 -0.116
13990 	 -0.115
14000 	 -0.109
14006 	 -0.083
14076 	 -0.08
14104 	 -0.061
14148 	 -0.054
14162 	 -0.045
14230 	 -0.043
14232 	 -0.035
14304 	 -0.034
14438 	 -0.033
15000 	 -1.385
15024 	 -1.516
15050 	 -2.314
15078 	 -2.887
15112 	 -3.326
15158 	 -3.441
15162 	 -3.503
15174 	 -3.431
15186 	 -2.85
15216 	 -3.445
15232 	 -3.269
15238 	 -3.461
15262 	 -2.716
15268 	 -2.458
15282 	 -2.062
15298 	 -1.541
15310 	 -1.603
15336 	 -2.05
15346 	 -1.972
15356 	 -2.228
15374 	 -1.653
15400 	 -1.058
15422 	 -0.819
15456 	 -0.424
15486 	 -0.14
15558 	 -0.038
15660 	 -0.029
15708 	 -0.023
15864 	 -0.014
15904 	 -0.006
18000 	 -2.128
18020 	 -2.254
18042 	 -2.798
18064 	 -2.975
18088 	 -2.46
18120 	 -1.931
18154 	 -3.112
18180 	 -2.848
18190 	 -3.636
18234 	 -5
18252 	 -4.976
18262 	 -4.697
18270 	 -3.728
18278 	 -3.665
18286 	 -3.524
18296 	 -4.415
18316 	 -4.46
18328 	 -4.826
18336 	 -4.475
18342 	 -4.514
18348 	 -3.923
18360 	 -3.233
18368 	 -2.774
18384 	 -2.795
18402 	 -2.03
18420 	 -1.079
18426 	 -0.947
18434 	 -0.77
18448 	 -0.26
18472 	 -0.215
18552 	 -0.024
18864 	 -0.012
19002 	 0
21000 	 -1.44
21001 	 -1.44
