0 	 0
3000 	 -1.376
3024 	 -1.496
3050 	 -1.88
3062 	 -2.472
3078 	 -3.176
3112 	 -3.62
3158 	 -3.808
3164 	 -3.728
3186 	 -2.828
3198 	 -2.688
3216 	 -1.912
3232 	 -1.736
3238 	 -1.364
3262 	 -0.608
3296 	 -0.264
3400 	 -0.024
3636 	 -0.008
3904 	 0
6000 	 -2.478
6020 	 -2.638
6042 	 -3.286
6064 	 -3.582
6088 	 -3.11
6120 	 -2.686
6138 	 -2.872
6154 	 -3.312
6180 	 -3.048
6190 	 -3.516
6198 	 -3.5
6234 	 -3.9
6284 	 -4.203
6296 	 -4.179
6346 	 -4.159
6360 	 -2.871
6374 	 -2.271
6376 	 -1.719
6424 	 -1.319
6444 	 -0.761
6504 	 -0.637
6506 	 -0.613
6552 	 -0.501
6634 	 -0.359
6704 	 -0.331
6710 	 -0.307
6726 	 -0.295
6728 	 -0.267
6782 	 -0.263
6894 	 -0.165
6990 	 -0.145
6994 	 -0.125
7002 	 -0.093
7272 	 -0.089
7278 	 -0.085
7290 	 -0.073
7324 	 -0.025
9000 	 -1.433
9024 	 -1.537
9050 	 -2.497
9078 	 -3.177
9112 	 -3.761
9158 	 -3.713
9162 	 -3.797
9174 	 -3.705
9186 	 -2.857
9216 	 -3.589
9232 	 -3.413
9238 	 -3.801
9262 	 -1.973
9268 	 -1.305
9298 	 -0.417
9304 	 -0.413
9306 	 -0.409
9334 	 -0.277
9400 	 -0.025
9660 	 -0.009
9904 	 -0.001
12000 	 -2.98
12002 	 -2.852
12004 	 -3.772
12006 	 -4.02
12008 	 -5.447
12012 	 -6.07
12016 	 -5.806
12020 	 -6.255
12032 	 -5.872
12040 	 -6.066
12042 	 -6.542
12048 	 -6.076
12064 	 -6.176
12070 	 -6.126
12086 	 -6.391
12088 	 -5.779
12100 	 -5.683
12102 	 -5.423
12114 	 -5.564
12120 	 -5.036
12130 	 -4.823
12132 	 -5.139
12154 	 -6.307
12162 	 -6.253
12178 	 -6.231
12180 	 -5.954
12184 	 -5.806
12186 	 -5.818
12190 	 -6.134
12192 	 -6.077
12198 	 -6.066
12200 	 -5.854
12210 	 -5.861
12212 	 -6.905
12226 	 -6.896
12230 	 -6.747
12234 	 -8.095
12236 	 -7.766
12242 	 -7.805
12248 	 -7.789
12252 	 -7.034
12254 	 -7.157
12260 	 -7.139
12264 	 -7.074
12272 	 -7.073
12274 	 -5.821
12276 	 -6.027
12282 	 -5.73
12290 	 -5.458
12296 	 -5.698
12304 	 -5.57
12320 	 -5.572
12324 	 -4.968
12328 	 -5.159
12330 	 -5.159
12332 	 -5.191
12334 	 -5.039
12336 	 -5.093
12338 	 -4.841
12344 	 -4.045
12352 	 -4.072
12354 	 -4.06
12358 	 -4.041
12360 	 -3.089
12376 	 -3.09
12382 	 -2.945
12386 	 -2.844
12398 	 -2.774
12402 	 -2.595
12404 	 -2.323
12406 	 -2.397
12412 	 -2.434
12438 	 -1.978
12464 	 -1.845
12472 	 -1.752
12496 	 -1.729
12500 	 -1.751
12502 	 -1.732
12516 	 -1.682
12520 	 -1.717
12532 	 -1.708
12534 	 -1.89
12544 	 -2.241
12550 	 -2.195
12552 	 -2.075
12560 	 -2.337
12582 	 -2.35
12590 	 -2.32
12600 	 -2.092
12604 	 -2.087
12612 	 -2
12614 	 -1.977
12618 	 -1.954
12624 	 -1.925
12628 	 -1.855
12640 	 -1.924
12660 	 -1.746
12668 	 -1.871
12690 	 -1.991
12700 	 -1.964
12702 	 -1.903
12714 	 -1.845
12742 	 -1.753
12754 	 -1.738
12774 	 -1.841
12780 	 -1.863
12786 	 -1.763
12791 	 -2.101
12802 	 -2.079
12804 	 -2.186
12812 	 -2.884
12813 	 -3.125
12814 	 -3.123
12826 	 -3.5
12840 	 -3.627
12850 	 -3.839
12858 	 -3.644
12862 	 -3.651
12866 	 -3.655
12868 	 -3.654
12874 	 -3.614
12878 	 -3.98
12880 	 -4.004
12884 	 -3.975
12892 	 -4.359
12894 	 -4.21
12896 	 -4.115
12898 	 -4.236
12902 	 -4.244
12914 	 -4.284
12922 	 -3.869
12924 	 -3.813
12926 	 -3.896
12928 	 -3.794
12940 	 -3.871
12946 	 -3.547
12952 	 -3.412
12954 	 -3.254
12956 	 -3.382
12962 	 -3.437
12968 	 -3.385
12970 	 -3.38
12984 	 -3.563
12990 	 -3.557
12996 	 -3.559
13000 	 -3.277
13002 	 -3.141
13010 	 -3.247
13014 	 -3.306
13018 	 -3.299
13020 	 -3.341
13022 	 -3.244
13034 	 -3.234
13036 	 -3.373
13038 	 -3.354
13040 	 -3.373
13042 	 -3.525
13048 	 -3.738
13052 	 -3.914
13056 	 -3.772
13062 	 -3.827
13064 	 -4.081
13066 	 -4.275
13070 	 -4.364
13080 	 -4.358
13082 	 -4.235
13084 	 -3.846
13094 	 -3.822
13098 	 -3.868
13106 	 -3.837
13110 	 -3.866
13120 	 -3.909
13124 	 -3.871
13130 	 -2.737
13134 	 -3.253
13146 	 -3.168
13148 	 -3.204
13154 	 -3.191
13156 	 -3.345
13164 	 -3.325
13166 	 -3.268
13168 	 -3.216
13170 	 -3.202
13178 	 -3.05
13184 	 -2.873
13186 	 -2.848
13190 	 -2.534
13204 	 -2.391
13212 	 -2.26
13214 	 -2.567
13216 	 -2.668
13222 	 -2.602
13238 	 -2.48
13242 	 -2.435
13256 	 -2.41
13258 	 -2.408
13260 	 -2.321
13268 	 -2.39
13274 	 -2.388
13276 	 -2.382
13282 	 -2.725
13284 	 -2.716
13294 	 -2.84
13300 	 -2.812
13320 	 -2.89
13322 	 -2.964
13330 	 -2.805
13332 	 -2.88
13342 	 -2.847
13350 	 -2.831
13356 	 -2.803
13360 	 -2.765
13364 	 -2.759
13376 	 -2.789
13382 	 -2.821
13396 	 -2.853
13402 	 -2.889
13406 	 -2.879
13408 	 -2.834
13414 	 -2.691
13420 	 -2.588
13450 	 -2.586
13452 	 -2.138
13456 	 -2.175
13474 	 -2.108
13478 	 -1.859
13480 	 -1.925
13488 	 -1.955
13498 	 -1.946
13502 	 -1.935
13504 	 -2.009
13510 	 -2.035
13514 	 -2.009
13516 	 -1.983
13518 	 -2.105
13520 	 -2.103
13540 	 -2.168
13556 	 -2.141
13562 	 -1.874
13564 	 -1.571
13574 	 -1.63
13576 	 -1.623
13578 	 -1.58
13580 	 -1.637
13582 	 -1.601
13588 	 -1.6
13590 	 -1.546
13592 	 -1.499
13608 	 -1.43
13618 	 -1.389
13634 	 -1.419
13636 	 -1.542
13650 	 -1.451
13654 	 -1.449
13656 	 -1.433
13660 	 -1.414
13664 	 -1.391
13684 	 -1.377
13690 	 -1.318
13692 	 -1.296
13694 	 -1.423
13700 	 -1.304
13706 	 -1.298
13720 	 -1.289
13722 	 -1.27
13726 	 -1.256
13736 	 -1.246
13748 	 -1.206
13752 	 -1.2
13756 	 -1.212
13762 	 -1.044
13770 	 -1.024
13774 	 -1.008
13784 	 -1.005
13786 	 -0.933
13788 	 -0.923
13808 	 -0.908
13816 	 -0.693
13822 	 -0.665
13834 	 -0.642
13838 	 -0.61
13854 	 -0.542
13858 	 -0.526
13862 	 -0.429
13878 	 -0.359
13894 	 -0.353
13898 	 -0.339
13900 	 -0.336
13908 	 -0.325
13916 	 -0.323
13934 	 -0.182
13982 	 -0.18
13986 	 -0.169
14000 	 -0.163
14016 	 -0.125
14032 	 -0.123
14046 	 -0.117
14050 	 -0.11
14080 	 -0.107
14086 	 -0.083
14138 	 -0.081
14142 	 -0.076
14182 	 -0.05
14188 	 -0.047
14364 	 -0.045
14396 	 -0.039
14500 	 -0.038
14508 	 -0.032
15000 	 -1.388
15024 	 -1.538
15050 	 -2.444
15078 	 -3.156
15112 	 -3.81
15158 	 -4.014
15162 	 -4.097
15174 	 -4.002
15186 	 -3.411
15216 	 -4.323
15232 	 -4.147
15238 	 -4.439
15262 	 -3.574
15268 	 -3.231
15282 	 -2.701
15298 	 -2.008
15310 	 -2.092
15336 	 -2.688
15346 	 -2.584
15356 	 -2.924
15374 	 -2.164
15400 	 -1.404
15422 	 -1.084
15456 	 -0.56
15486 	 -0.18
15558 	 -0.04
15660 	 -0.028
15864 	 -0.012
15904 	 -0.004
18000 	 -2.128
18020 	 -2.272
18042 	 -2.88
18064 	 -3.14
18088 	 -2.688
18120 	 -2.204
18154 	 -3.808
18180 	 -3.544
18190 	 -4.664
18234 	 -6.56
18252 	 -6.528
18262 	 -6.156
18270 	 -4.864
18278 	 -4.78
18286 	 -4.592
18296 	 -5.828
18316 	 -5.888
18328 	 -6.376
18336 	 -5.908
18342 	 -5.96
18348 	 -5.172
18360 	 -4.3
18368 	 -3.688
18384 	 -3.716
18402 	 -2.696
18420 	 -1.428
18426 	 -1.252
18434 	 -1.016
18448 	 -0.336
18472 	 -0.276
18552 	 -0.032
18864 	 -0.016
19002 	 0
21000 	 -1.44
21001 	 -1.44
