0 	 0
3000 	 -1.376
3024 	 -1.496
3050 	 -1.88
3062 	 -2.472
3078 	 -3.176
3112 	 -3.62
3158 	 -3.808
3164 	 -3.728
3186 	 -2.828
3198 	 -2.688
3216 	 -1.912
3232 	 -1.736
3238 	 -1.364
3262 	 -0.608
3296 	 -0.264
3400 	 -0.024
3636 	 -0.008
3904 	 0
6000 	 -2.478
6020 	 -2.638
6042 	 -3.286
6064 	 -3.582
6088 	 -3.11
6120 	 -2.686
6138 	 -2.872
6154 	 -3.312
6180 	 -3.048
6190 	 -3.516
6198 	 -3.5
6234 	 -3.9
6284 	 -4.203
6296 	 -4.179
6346 	 -4.159
6360 	 -2.871
6374 	 -2.271
6376 	 -1.719
6424 	 -1.319
6444 	 -0.761
6504 	 -0.637
6506 	 -0.613
6552 	 -0.501
6634 	 -0.359
6704 	 -0.331
6710 	 -0.307
6726 	 -0.295
6728 	 -0.267
6782 	 -0.263
6894 	 -0.165
6990 	 -0.145
6994 	 -0.125
7002 	 -0.093
7272 	 -0.089
7278 	 -0.085
7290 	 -0.073
7324 	 -0.025
9000 	 -1.433
9024 	 -1.537
9050 	 -2.497
9078 	 -3.177
9112 	 -3.761
9158 	 -3.713
9162 	 -3.797
9174 	 -3.705
9186 	 -2.857
9216 	 -3.589
9232 	 -3.413
9238 	 -3.801
9262 	 -1.973
9268 	 -1.305
9298 	 -0.417
9304 	 -0.413
9306 	 -0.409
9334 	 -0.277
9400 	 -0.025
9660 	 -0.009
9904 	 -0.001
12000 	 -2.952
12002 	 -2.714
12004 	 -2.796
12006 	 -2.622
12008 	 -3.466
12010 	 -4.33
12012 	 -4.758
12018 	 -4.85
12020 	 -5.183
12032 	 -5.115
12034 	 -5.232
12040 	 -5.338
12042 	 -5.814
12062 	 -6.245
12064 	 -6.297
12070 	 -6.481
12088 	 -5.869
12090 	 -6.01
12100 	 -6.13
12120 	 -5.463
12130 	 -5.308
12154 	 -6.344
12156 	 -6.315
12160 	 -6.673
12164 	 -6.579
12176 	 -6.394
12178 	 -6.498
12180 	 -6.234
12182 	 -6.7
12186 	 -6.883
12190 	 -7.199
12198 	 -7.177
12200 	 -7.131
12204 	 -7.506
12208 	 -7.898
12212 	 -8.942
12218 	 -8.917
12220 	 -9.01
12222 	 -8.796
12224 	 -8.85
12230 	 -8.944
12234 	 -10.292
12236 	 -10.155
12240 	 -10.158
12246 	 -10.429
12252 	 -9.713
12254 	 -9.644
12256 	 -9.562
12262 	 -9.546
12266 	 -9.828
12272 	 -9.802
12274 	 -8.55
12276 	 -8.317
12278 	 -8.433
12282 	 -8.276
12288 	 -8.188
12290 	 -7.916
12296 	 -8.013
12304 	 -7.969
12308 	 -8.057
12310 	 -7.832
12314 	 -7.784
12316 	 -7.875
12322 	 -7.795
12324 	 -7.191
12332 	 -7.223
12334 	 -7.176
12338 	 -6.924
12340 	 -6.765
12342 	 -6.734
12344 	 -5.938
12348 	 -5.891
12350 	 -6.025
12358 	 -5.993
12360 	 -5.041
12374 	 -5.131
12376 	 -5.03
12380 	 -4.981
12382 	 -4.973
12386 	 -4.547
12392 	 -4.552
12404 	 -4.02
12406 	 -3.99
12412 	 -3.934
12418 	 -3.847
12432 	 -3.776
12437 	 -3.996
12438 	 -3.605
12440 	 -3.747
12456 	 -3.355
12466 	 -3.404
12472 	 -3.304
12476 	 -3.554
12480 	 -3.41
12486 	 -3.388
12504 	 -3.352
12508 	 -3.343
12510 	 -3.32
12516 	 -3.493
12526 	 -3.415
12538 	 -3.375
12540 	 -3.503
12542 	 -3.496
12544 	 -3.435
12550 	 -3.025
12552 	 -2.905
12562 	 -2.977
12566 	 -2.935
12576 	 -2.931
12586 	 -2.806
12590 	 -2.696
12594 	 -2.984
12600 	 -2.929
12604 	 -2.919
12612 	 -2.828
12618 	 -2.73
12624 	 -2.711
12630 	 -2.642
12644 	 -2.507
12648 	 -2.689
12660 	 -3.161
12664 	 -3.041
12672 	 -3.032
12678 	 -3.365
12702 	 -3.363
12712 	 -2.633
12732 	 -2.428
12746 	 -2.421
12748 	 -2.242
12760 	 -2.389
12776 	 -2.379
12778 	 -2.172
12782 	 -2.362
12792 	 -2.346
12798 	 -2.432
12800 	 -2.527
12802 	 -2.548
12822 	 -2.698
12826 	 -2.835
12834 	 -2.705
12840 	 -2.648
12854 	 -2.737
12872 	 -2.735
12874 	 -2.743
12882 	 -2.721
12900 	 -2.814
12908 	 -2.792
12914 	 -2.857
12916 	 -2.844
12924 	 -2.799
12926 	 -3.235
12932 	 -4.058
12944 	 -4.136
12954 	 -4.362
12964 	 -4.254
12970 	 -4.286
12976 	 -4.22
12978 	 -4.211
12980 	 -4.078
12986 	 -4.327
12988 	 -4.011
12990 	 -4.144
12994 	 -4.478
12996 	 -4.462
13000 	 -4.347
13004 	 -4.362
13008 	 -4.32
13010 	 -4.322
13012 	 -4.3
13016 	 -4.199
13018 	 -4.365
13026 	 -4.174
13028 	 -4.072
13032 	 -4.152
13036 	 -4.071
13042 	 -3.929
13050 	 -3.935
13058 	 -3.814
13062 	 -3.812
13066 	 -3.449
13076 	 -3.261
13078 	 -3.259
13080 	 -3.158
13084 	 -3.297
13088 	 -3.465
13090 	 -3.33
13092 	 -3.216
13100 	 -3.325
13108 	 -3.34
13112 	 -3.341
13114 	 -3.315
13118 	 -3.301
13140 	 -3.104
13150 	 -3.036
13158 	 -3.044
13166 	 -2.943
13168 	 -3.429
13172 	 -3.525
13174 	 -3.358
13182 	 -3.357
13192 	 -3.509
13194 	 -3.666
13196 	 -3.847
13210 	 -3.937
13212 	 -4.016
13214 	 -3.836
13218 	 -3.88
13220 	 -3.871
13222 	 -3.893
13232 	 -3.632
13234 	 -3.976
13236 	 -3.956
13242 	 -3.987
13246 	 -3.697
13250 	 -3.782
13262 	 -3.566
13264 	 -3.619
13276 	 -3.672
13278 	 -3.497
13280 	 -3.464
13284 	 -3.032
13290 	 -3.023
13294 	 -3.003
13296 	 -2.805
13300 	 -2.654
13302 	 -2.239
13308 	 -2.27
13312 	 -2.241
13320 	 -2.256
13322 	 -2.251
13324 	 -1.972
13328 	 -2.005
13334 	 -1.998
13338 	 -1.985
13340 	 -2.074
13344 	 -2.098
13348 	 -2.16
13350 	 -2.357
13358 	 -2.552
13360 	 -2.507
13370 	 -2.474
13374 	 -2.401
13376 	 -2.33
13402 	 -2.124
13406 	 -2.115
13408 	 -2.478
13416 	 -2.603
13434 	 -2.602
13436 	 -2.539
13440 	 -2.518
13442 	 -2.501
13452 	 -2.429
13454 	 -2.428
13456 	 -2.534
13460 	 -2.698
13466 	 -2.914
13472 	 -2.84
13486 	 -2.812
13490 	 -2.94
13494 	 -2.899
13502 	 -2.856
13508 	 -2.833
13514 	 -2.999
13524 	 -2.94
13528 	 -2.989
13534 	 -3.015
13538 	 -3.004
13540 	 -2.874
13554 	 -2.717
13564 	 -2.708
13566 	 -2.606
13568 	 -2.536
13576 	 -2.515
13586 	 -2.509
13590 	 -2.502
13594 	 -2.468
13598 	 -2.406
13602 	 -2.166
13608 	 -2.123
13614 	 -2.159
13616 	 -2.147
13624 	 -2.132
13646 	 -2.122
13656 	 -2.161
13666 	 -2.129
13670 	 -1.919
13674 	 -1.884
13682 	 -1.856
13684 	 -1.662
13688 	 -1.71
13690 	 -1.709
13710 	 -1.675
13718 	 -1.708
13720 	 -1.759
13730 	 -1.767
13758 	 -1.711
13770 	 -1.664
13774 	 -1.695
13798 	 -1.829
13804 	 -1.986
13808 	 -1.976
13810 	 -1.964
13822 	 -1.948
13826 	 -1.986
13842 	 -1.983
13846 	 -1.848
13858 	 -1.845
13862 	 -1.646
13866 	 -1.614
13878 	 -1.602
13880 	 -1.647
13892 	 -1.603
13894 	 -1.55
13908 	 -1.482
13910 	 -1.602
13914 	 -1.516
13928 	 -1.463
13930 	 -1.402
13936 	 -1.384
13946 	 -1.063
13948 	 -1.045
13958 	 -1.011
13960 	 -1.019
13962 	 -1.012
13966 	 -0.985
13970 	 -0.95
13978 	 -0.949
13984 	 -0.941
13986 	 -0.933
13988 	 -0.791
14000 	 -0.784
14010 	 -0.74
14014 	 -0.531
14018 	 -0.522
14022 	 -0.512
14032 	 -0.488
14048 	 -0.465
14050 	 -0.404
14052 	 -0.389
14058 	 -0.375
14076 	 -0.241
14078 	 -0.239
14080 	 -0.222
14110 	 -0.198
14146 	 -0.129
14158 	 -0.11
14234 	 -0.109
14240 	 -0.07
14270 	 -0.068
14346 	 -0.067
14362 	 -0.066
14374 	 -0.061
14386 	 -0.06
14396 	 -0.058
14414 	 -0.057
14522 	 -0.045
15000 	 -1.386
15024 	 -1.516
15050 	 -2.171
15078 	 -2.619
15112 	 -2.855
15158 	 -2.777
15162 	 -2.818
15174 	 -2.77
15186 	 -2.159
15216 	 -2.374
15232 	 -2.198
15238 	 -2.326
15262 	 -1.45
15268 	 -1.278
15282 	 -1.014
15292 	 -1.011
15298 	 -0.664
15310 	 -0.685
15336 	 -0.834
15346 	 -0.782
15356 	 -0.867
15374 	 -0.677
15400 	 -0.364
15422 	 -0.284
15456 	 -0.153
15486 	 -0.058
15558 	 -0.023
15660 	 -0.017
15864 	 -0.013
15904 	 -0.005
16434 	 -0.004
18000 	 -2.128
18020 	 -2.227
18042 	 -2.675
18064 	 -2.729
18088 	 -2.111
18120 	 -1.491
18154 	 -2.168
18180 	 -1.904
18190 	 -2.225
18234 	 -2.958
18252 	 -2.942
18262 	 -2.849
18270 	 -2.203
18278 	 -2.161
18286 	 -2.067
18296 	 -2.256
18316 	 -2.286
18328 	 -2.408
18336 	 -2.174
18342 	 -2.17
18348 	 -1.776
18360 	 -1.201
18368 	 -1.048
18384 	 -1.055
18402 	 -0.724
18420 	 -0.407
18426 	 -0.363
18434 	 -0.304
18448 	 -0.134
18472 	 -0.119
18552 	 -0.012
18864 	 -0.008
19002 	 0
21000 	 -1.44
21001 	 -1.44
