0 	 0
3000 	 -1.376
3024 	 -1.496
3050 	 -1.88
3062 	 -2.472
3078 	 -3.176
3112 	 -3.62
3158 	 -3.808
3164 	 -3.728
3186 	 -2.828
3198 	 -2.688
3216 	 -1.912
3232 	 -1.736
3238 	 -1.364
3262 	 -0.608
3296 	 -0.264
3400 	 -0.024
3636 	 -0.008
3904 	 0
6000 	 -2.478
6020 	 -2.638
6042 	 -3.286
6064 	 -3.582
6088 	 -3.11
6120 	 -2.686
6138 	 -2.872
6154 	 -3.312
6180 	 -3.048
6190 	 -3.516
6198 	 -3.5
6234 	 -3.9
6284 	 -4.203
6296 	 -4.179
6346 	 -4.159
6360 	 -2.871
6374 	 -2.271
6376 	 -1.719
6424 	 -1.319
6444 	 -0.761
6504 	 -0.637
6506 	 -0.613
6552 	 -0.501
6634 	 -0.359
6704 	 -0.331
6710 	 -0.307
6726 	 -0.295
6728 	 -0.267
6782 	 -0.263
6894 	 -0.165
6990 	 -0.145
6994 	 -0.125
7002 	 -0.093
7272 	 -0.089
7278 	 -0.085
7290 	 -0.073
7324 	 -0.025
9000 	 -1.433
9024 	 -1.537
9050 	 -2.497
9078 	 -3.177
9112 	 -3.761
9158 	 -3.713
9162 	 -3.797
9174 	 -3.705
9186 	 -2.857
9216 	 -3.589
9232 	 -3.413
9238 	 -3.801
9262 	 -1.973
9268 	 -1.305
9298 	 -0.417
9304 	 -0.413
9306 	 -0.409
9334 	 -0.277
9400 	 -0.025
9660 	 -0.009
9904 	 -0.001
12000 	 -2.98
12002 	 -2.852
12004 	 -3.774
12006 	 -4.022
12008 	 -5.471
12012 	 -6.092
12016 	 -5.828
12020 	 -6.268
12032 	 -5.885
12040 	 -6.009
12042 	 -6.485
12048 	 -6.019
12064 	 -6.119
12070 	 -5.893
12086 	 -6.118
12088 	 -5.506
12100 	 -5.647
12102 	 -5.387
12120 	 -4.859
12130 	 -4.813
12132 	 -5.149
12152 	 -5.286
12154 	 -6.322
12162 	 -6.268
12178 	 -6.354
12180 	 -5.963
12182 	 -6.307
12186 	 -6.359
12188 	 -6.469
12190 	 -6.785
12198 	 -6.907
12200 	 -6.983
12206 	 -7.008
12208 	 -7.222
12212 	 -8.266
12230 	 -8.526
12234 	 -9.874
12236 	 -9.735
12252 	 -9.019
12254 	 -8.918
12256 	 -9.06
12264 	 -9.381
12266 	 -9.765
12272 	 -9.808
12274 	 -8.556
12282 	 -8.399
12286 	 -8.199
12290 	 -7.979
12296 	 -8.076
12304 	 -7.846
12312 	 -7.811
12322 	 -7.731
12324 	 -7.445
12328 	 -7.505
12332 	 -7.537
12334 	 -7.825
12338 	 -7.573
12344 	 -6.777
12350 	 -6.781
12354 	 -6.743
12360 	 -5.791
12364 	 -5.837
12372 	 -5.822
12382 	 -5.755
12386 	 -5.399
12392 	 -5.392
12394 	 -5.242
12404 	 -4.97
12410 	 -5.105
12412 	 -4.953
12414 	 -4.943
12438 	 -4.693
12440 	 -4.835
12456 	 -4.831
12464 	 -4.935
12472 	 -4.862
12476 	 -4.67
12480 	 -4.526
12502 	 -4.507
12506 	 -4.423
12508 	 -4.458
12516 	 -4.408
12526 	 -4.33
12536 	 -4.62
12538 	 -4.547
12544 	 -4.486
12546 	 -4.472
12550 	 -4.338
12552 	 -4.218
12562 	 -4.562
12564 	 -4.556
12566 	 -4.385
12568 	 -4.54
12570 	 -4.595
12576 	 -4.575
12578 	 -4.698
12590 	 -4.558
12600 	 -4.553
12604 	 -4.538
12614 	 -4.434
12618 	 -4.366
12626 	 -4.057
12628 	 -4.065
12632 	 -4.056
12638 	 -4.278
12640 	 -4.276
12650 	 -3.996
12652 	 -4.059
12662 	 -4.183
12672 	 -4.171
12676 	 -4.306
12678 	 -4.29
12712 	 -3.827
12742 	 -3.355
12748 	 -3.338
12764 	 -3.699
12772 	 -3.73
12780 	 -3.675
12786 	 -3.611
12794 	 -3.617
12798 	 -3.581
12802 	 -3.323
12824 	 -3.921
12830 	 -3.896
12832 	 -4.043
12840 	 -4.257
12856 	 -4.35
12870 	 -4.207
12874 	 -3.773
12894 	 -3.464
12896 	 -3.459
12906 	 -3.694
12916 	 -4.012
12918 	 -4.004
12924 	 -4.01
12932 	 -3.874
12938 	 -3.696
12948 	 -3.673
12950 	 -3.781
12954 	 -3.524
12956 	 -3.494
12964 	 -3.487
12968 	 -3.393
12970 	 -3.388
12974 	 -3.157
12984 	 -2.924
12986 	 -2.564
12988 	 -2.418
12990 	 -2.415
12992 	 -2.53
12996 	 -2.514
12998 	 -2.396
13018 	 -2.371
13020 	 -2.241
13022 	 -2.271
13028 	 -2.488
13034 	 -2.734
13042 	 -2.784
13054 	 -2.71
13058 	 -2.664
13070 	 -2.79
13074 	 -3.35
13076 	 -2.951
13078 	 -2.949
13080 	 -3
13084 	 -3.238
13086 	 -3.329
13092 	 -3.298
13098 	 -3.559
13100 	 -3.534
13110 	 -3.523
13114 	 -3.499
13116 	 -3.451
13118 	 -3.418
13134 	 -3.41
13136 	 -2.901
13142 	 -3.042
13150 	 -2.974
13158 	 -3.025
13160 	 -2.864
13166 	 -2.885
13168 	 -2.91
13170 	 -2.876
13174 	 -2.859
13178 	 -2.858
13202 	 -2.168
13204 	 -1.883
13208 	 -1.854
13214 	 -1.774
13220 	 -1.765
13222 	 -1.735
13224 	 -1.755
13226 	 -1.842
13234 	 -1.84
13236 	 -1.75
13244 	 -1.7
13250 	 -1.636
13254 	 -1.636
13258 	 -1.634
13262 	 -1.54
13264 	 -1.503
13272 	 -1.569
13288 	 -1.67
13298 	 -1.869
13302 	 -1.864
13314 	 -1.818
13322 	 -1.923
13374 	 -1.763
13392 	 -1.814
13398 	 -1.869
13406 	 -1.853
13410 	 -1.883
13418 	 -1.904
13426 	 -1.821
13436 	 -1.787
13438 	 -1.624
13444 	 -1.549
13462 	 -1.42
13466 	 -1.306
13474 	 -1.293
13488 	 -1.261
13496 	 -1.238
13520 	 -1.36
13532 	 -1.302
13540 	 -1.233
13550 	 -1.343
13574 	 -1.216
13596 	 -0.957
13600 	 -0.945
13610 	 -0.928
13624 	 -0.867
13634 	 -0.705
13642 	 -0.634
13648 	 -0.624
13656 	 -0.503
13670 	 -0.458
13674 	 -0.337
13678 	 -0.322
13694 	 -0.305
13712 	 -0.191
13722 	 -0.17
13726 	 -0.156
13750 	 -0.15
13752 	 -0.137
13776 	 -0.123
13828 	 -0.119
13836 	 -0.104
13848 	 -0.103
13870 	 -0.097
13890 	 -0.091
13914 	 -0.061
13918 	 -0.057
13956 	 -0.054
14042 	 -0.051
14054 	 -0.05
14074 	 -0.049
14088 	 -0.041
14152 	 -0.037
14224 	 -0.036
14336 	 -0.031
14386 	 -0.023
15000 	 -1.383
15024 	 -1.523
15050 	 -2.157
15078 	 -2.615
15112 	 -2.854
15158 	 -3.018
15162 	 -3.058
15174 	 -3.01
15186 	 -2.654
15216 	 -2.845
15232 	 -2.669
15238 	 -2.797
15262 	 -2.666
15268 	 -2.494
15282 	 -2.23
15298 	 -1.883
15310 	 -1.964
15336 	 -2.562
15346 	 -2.51
15356 	 -2.85
15374 	 -2.08
15400 	 -1.396
15422 	 -1.077
15456 	 -0.55
15486 	 -0.172
15558 	 -0.038
15660 	 -0.032
15708 	 -0.02
15864 	 -0.01
15904 	 -0.002
18000 	 -2.128
18020 	 -2.254
18042 	 -2.798
18064 	 -2.972
18088 	 -2.474
18120 	 -1.992
18154 	 -2.912
18180 	 -2.648
18190 	 -3.374
18234 	 -4.404
18252 	 -4.388
18262 	 -4.016
18270 	 -3.37
18278 	 -3.328
18286 	 -3.234
18296 	 -4.494
18316 	 -4.524
18328 	 -5.012
18336 	 -4.778
18342 	 -4.864
18348 	 -4.47
18360 	 -4.096
18368 	 -3.484
18384 	 -3.512
18402 	 -2.644
18420 	 -1.376
18426 	 -1.2
18434 	 -0.964
18448 	 -0.284
18472 	 -0.224
18552 	 -0.024
18864 	 -0.008
19002 	 0
21000 	 -1.44
21001 	 -1.44
