0 	 0
3000 	 -1.376
3024 	 -1.496
3050 	 -1.88
3062 	 -2.472
3078 	 -3.176
3112 	 -3.62
3158 	 -3.808
3164 	 -3.728
3186 	 -2.828
3198 	 -2.688
3216 	 -1.912
3232 	 -1.736
3238 	 -1.364
3262 	 -0.608
3296 	 -0.264
3400 	 -0.024
3636 	 -0.008
3904 	 0
6000 	 -2.478
6020 	 -2.638
6042 	 -3.286
6064 	 -3.582
6088 	 -3.11
6120 	 -2.686
6138 	 -2.872
6154 	 -3.312
6180 	 -3.048
6190 	 -3.516
6198 	 -3.5
6234 	 -3.9
6284 	 -4.203
6296 	 -4.179
6346 	 -4.159
6360 	 -2.871
6374 	 -2.271
6376 	 -1.719
6424 	 -1.319
6444 	 -0.761
6504 	 -0.637
6506 	 -0.613
6552 	 -0.501
6634 	 -0.359
6704 	 -0.331
6710 	 -0.307
6726 	 -0.295
6728 	 -0.267
6782 	 -0.263
6894 	 -0.165
6990 	 -0.145
6994 	 -0.125
7002 	 -0.093
7272 	 -0.089
7278 	 -0.085
7290 	 -0.073
7324 	 -0.025
9000 	 -1.433
9024 	 -1.537
9050 	 -2.497
9078 	 -3.177
9112 	 -3.761
9158 	 -3.713
9162 	 -3.797
9174 	 -3.705
9186 	 -2.857
9216 	 -3.589
9232 	 -3.413
9238 	 -3.801
9262 	 -1.973
9268 	 -1.305
9298 	 -0.417
9304 	 -0.413
9306 	 -0.409
9334 	 -0.277
9400 	 -0.025
9660 	 -0.009
9904 	 -0.001
12000 	 -2.966
12002 	 -2.783
12004 	 -3.305
12006 	 -3.342
12008 	 -4.697
12010 	 -5.129
12012 	 -5.759
12016 	 -5.627
12018 	 -5.673
12020 	 -6.113
12032 	 -5.882
12034 	 -5.933
12040 	 -6.068
12042 	 -6.544
12048 	 -6.331
12062 	 -6.485
12064 	 -6.561
12070 	 -6.598
12086 	 -6.823
12088 	 -6.211
12090 	 -6.237
12100 	 -6.378
12102 	 -6.299
12120 	 -5.684
12130 	 -5.638
12132 	 -5.974
12152 	 -6.111
12154 	 -7.147
12156 	 -7.215
12162 	 -7.188
12166 	 -7.27
12176 	 -7.318
12178 	 -7.52
12180 	 -7.178
12182 	 -7.522
12184 	 -7.514
12186 	 -7.566
12188 	 -7.694
12190 	 -8.01
12198 	 -7.982
12200 	 -8.159
12206 	 -8.27
12208 	 -8.484
12212 	 -9.528
12222 	 -9.421
12230 	 -9.646
12234 	 -10.994
12236 	 -10.824
12242 	 -11.278
12252 	 -10.562
12254 	 -10.461
12256 	 -10.568
12264 	 -10.781
12266 	 -11.162
12272 	 -11.204
12274 	 -9.952
12276 	 -10.041
12282 	 -9.674
12286 	 -9.818
12288 	 -9.873
12290 	 -9.663
12294 	 -9.689
12296 	 -9.822
12304 	 -9.592
12308 	 -9.554
12312 	 -9.519
12322 	 -9.439
12324 	 -8.859
12328 	 -8.903
12332 	 -8.935
12334 	 -8.757
12338 	 -8.505
12344 	 -7.667
12350 	 -7.671
12354 	 -7.557
12356 	 -7.164
12360 	 -6.212
12364 	 -6.171
12372 	 -6.156
12376 	 -6.033
12378 	 -5.627
12382 	 -5.56
12384 	 -5.481
12386 	 -5.452
12388 	 -5.379
12394 	 -5.229
12404 	 -4.884
12412 	 -4.828
12432 	 -4.919
12438 	 -4.574
12440 	 -4.716
12456 	 -4.617
12464 	 -4.568
12472 	 -4.495
12476 	 -4.74
12478 	 -4.721
12480 	 -4.577
12502 	 -4.558
12508 	 -4.549
12510 	 -4.559
12516 	 -4.503
12526 	 -4.425
12534 	 -4.605
12536 	 -4.719
12544 	 -5.018
12552 	 -4.898
12562 	 -4.865
12564 	 -4.855
12566 	 -4.813
12570 	 -4.967
12576 	 -4.947
12578 	 -4.915
12584 	 -4.869
12590 	 -4.729
12602 	 -4.87
12604 	 -4.855
12614 	 -4.58
12618 	 -4.816
12640 	 -4.644
12648 	 -4.573
12650 	 -4.635
12658 	 -4.746
12672 	 -4.792
12700 	 -4.381
12704 	 -4.43
12712 	 -3.813
12736 	 -3.681
12742 	 -3.512
12748 	 -3.519
12780 	 -3.464
12782 	 -3.648
12785 	 -3.932
12788 	 -3.926
12794 	 -3.932
12798 	 -4.285
12800 	 -4.262
12802 	 -4.352
12808 	 -4.575
12816 	 -4.823
12822 	 -4.871
12832 	 -5.49
12846 	 -5.773
12856 	 -5.549
12858 	 -5.834
12870 	 -5.691
12874 	 -4.552
12880 	 -4.639
12886 	 -4.986
12894 	 -4.642
12898 	 -4.523
12906 	 -4.604
12908 	 -4.404
12914 	 -4.176
12916 	 -4.682
12922 	 -4.683
12930 	 -4.909
12936 	 -4.856
12942 	 -5.049
12946 	 -4.719
12962 	 -4.098
12964 	 -4.134
12970 	 -4.129
12980 	 -4.126
12984 	 -4.036
12990 	 -4.033
12994 	 -3.353
12996 	 -3.346
13002 	 -3.371
13004 	 -3.293
13008 	 -3.397
13016 	 -3.306
13020 	 -3.325
13024 	 -3.403
13026 	 -3.504
13034 	 -3.364
13038 	 -3.306
13040 	 -3.2
13050 	 -3.204
13056 	 -3.219
13062 	 -3.568
13074 	 -3.692
13078 	 -3.69
13080 	 -3.672
13088 	 -3.786
13090 	 -4.118
13098 	 -4.173
13100 	 -4.191
13108 	 -4.288
13114 	 -4.068
13118 	 -4.05
13130 	 -4.147
13134 	 -3.976
13144 	 -3.854
13150 	 -3.786
13162 	 -3.906
13164 	 -3.958
13166 	 -3.68
13174 	 -3.669
13180 	 -3.717
13182 	 -3.739
13190 	 -3.727
13194 	 -3.786
13202 	 -2.946
13214 	 -2.932
13220 	 -2.923
13222 	 -2.761
13224 	 -2.879
13226 	 -2.77
13228 	 -2.804
13234 	 -2.732
13244 	 -2.671
13248 	 -2.745
13250 	 -2.733
13252 	 -2.7
13254 	 -2.752
13258 	 -2.75
13270 	 -2.776
13274 	 -2.709
13276 	 -2.657
13280 	 -2.622
13288 	 -2.565
13298 	 -2.408
13300 	 -2.359
13308 	 -2.485
13314 	 -2.633
13326 	 -2.691
13374 	 -2.301
13394 	 -2.349
13396 	 -2.403
13398 	 -2.45
13412 	 -2.444
13414 	 -2.556
13416 	 -2.542
13418 	 -2.571
13430 	 -2.643
13432 	 -2.446
13438 	 -2.348
13452 	 -2.323
13458 	 -2.23
13460 	 -2.091
13462 	 -2.088
13466 	 -2.032
13468 	 -2.162
13474 	 -2.099
13484 	 -2.058
13492 	 -2.031
13498 	 -2.096
13500 	 -2.059
13504 	 -2.058
13508 	 -1.959
13512 	 -2.053
13536 	 -2.046
13538 	 -2.157
13544 	 -2.108
13552 	 -1.937
13556 	 -1.913
13558 	 -1.894
13562 	 -1.867
13566 	 -1.996
13572 	 -1.996
13584 	 -1.993
13594 	 -1.788
13596 	 -1.633
13604 	 -1.437
13608 	 -1.426
13610 	 -1.429
13616 	 -1.36
13618 	 -1.34
13622 	 -1.255
13624 	 -1.237
13630 	 -1.232
13632 	 -1.082
13638 	 -1.038
13644 	 -0.991
13648 	 -0.981
13652 	 -0.928
13656 	 -0.872
13658 	 -0.825
13664 	 -0.817
13668 	 -0.797
13674 	 -0.623
13682 	 -0.59
13690 	 -0.466
13700 	 -0.454
13712 	 -0.42
13726 	 -0.419
13748 	 -0.405
13756 	 -0.354
13764 	 -0.239
13772 	 -0.212
13806 	 -0.205
13808 	 -0.189
13810 	 -0.184
13846 	 -0.148
13848 	 -0.147
13852 	 -0.14
13856 	 -0.133
13890 	 -0.086
13898 	 -0.083
14022 	 -0.081
14038 	 -0.065
14064 	 -0.06
14074 	 -0.059
14148 	 -0.055
14154 	 -0.028
15000 	 -1.384
15024 	 -1.534
15050 	 -2.292
15078 	 -2.884
15112 	 -3.334
15158 	 -3.434
15162 	 -3.495
15174 	 -3.423
15186 	 -2.847
15216 	 -3.441
15232 	 -3.265
15238 	 -3.459
15262 	 -2.712
15268 	 -2.454
15282 	 -2.058
15298 	 -1.538
15310 	 -1.599
15336 	 -2.047
15346 	 -1.969
15356 	 -2.224
15374 	 -1.649
15400 	 -1.054
15422 	 -0.814
15456 	 -0.42
15486 	 -0.136
15558 	 -0.034
15660 	 -0.025
15708 	 -0.019
15864 	 -0.01
15904 	 -0.002
18000 	 -2.128
18020 	 -2.254
18042 	 -2.798
18064 	 -2.975
18088 	 -2.46
18120 	 -1.931
18154 	 -3.112
18180 	 -2.848
18190 	 -3.636
18234 	 -5
18252 	 -4.976
18262 	 -4.697
18270 	 -3.728
18278 	 -3.665
18286 	 -3.524
18296 	 -4.415
18316 	 -4.46
18328 	 -4.826
18336 	 -4.475
18342 	 -4.514
18348 	 -3.923
18360 	 -3.233
18368 	 -2.774
18384 	 -2.795
18402 	 -2.03
18420 	 -1.079
18426 	 -0.947
18434 	 -0.77
18448 	 -0.26
18472 	 -0.215
18552 	 -0.024
18864 	 -0.012
19002 	 0
21000 	 -1.44
21001 	 -1.44
