0 	 0
3000 	 -1.376
3024 	 -1.496
3050 	 -1.88
3062 	 -2.472
3078 	 -3.176
3112 	 -3.62
3158 	 -3.808
3164 	 -3.728
3186 	 -2.828
3198 	 -2.688
3216 	 -1.912
3232 	 -1.736
3238 	 -1.364
3262 	 -0.608
3296 	 -0.264
3400 	 -0.024
3636 	 -0.008
3904 	 0
6000 	 -2.478
6020 	 -2.638
6042 	 -3.286
6064 	 -3.582
6088 	 -3.11
6120 	 -2.686
6138 	 -2.872
6154 	 -3.312
6180 	 -3.048
6190 	 -3.516
6198 	 -3.5
6234 	 -3.9
6284 	 -4.203
6296 	 -4.179
6346 	 -4.159
6360 	 -2.871
6374 	 -2.271
6376 	 -1.719
6424 	 -1.319
6444 	 -0.761
6504 	 -0.637
6506 	 -0.613
6552 	 -0.501
6634 	 -0.359
6704 	 -0.331
6710 	 -0.307
6726 	 -0.295
6728 	 -0.267
6782 	 -0.263
6894 	 -0.165
6990 	 -0.145
6994 	 -0.125
7002 	 -0.093
7272 	 -0.089
7278 	 -0.085
7290 	 -0.073
7324 	 -0.025
9000 	 -1.433
9024 	 -1.537
9050 	 -2.497
9078 	 -3.177
9112 	 -3.761
9158 	 -3.713
9162 	 -3.797
9174 	 -3.705
9186 	 -2.857
9216 	 -3.589
9232 	 -3.413
9238 	 -3.801
9262 	 -1.973
9268 	 -1.305
9298 	 -0.417
9304 	 -0.413
9306 	 -0.409
9334 	 -0.277
9400 	 -0.025
9660 	 -0.009
9904 	 -0.001
12000 	 -2.966
12002 	 -2.783
12004 	 -3.345
12006 	 -3.382
12008 	 -5.148
12010 	 -5.58
12012 	 -6.425
12016 	 -6.293
12018 	 -6.339
12020 	 -6.892
12032 	 -6.661
12034 	 -6.712
12040 	 -6.935
12042 	 -7.411
12048 	 -7.198
12062 	 -7.353
12064 	 -7.429
12070 	 -7.642
12086 	 -7.867
12088 	 -7.255
12090 	 -7.286
12100 	 -7.354
12102 	 -7.286
12114 	 -7.427
12120 	 -6.708
12130 	 -6.469
12132 	 -6.759
12152 	 -6.896
12154 	 -7.932
12156 	 -7.826
12162 	 -8.253
12176 	 -8.443
12178 	 -8.427
12180 	 -8.047
12182 	 -8.391
12184 	 -8.243
12186 	 -8.261
12188 	 -8.397
12190 	 -8.713
12192 	 -8.656
12198 	 -8.628
12200 	 -8.416
12206 	 -8.451
12208 	 -8.665
12210 	 -8.708
12212 	 -9.752
12222 	 -9.645
12226 	 -9.865
12230 	 -9.716
12234 	 -11.064
12236 	 -11.033
12248 	 -11.067
12252 	 -10.312
12254 	 -10.452
12264 	 -10.387
12266 	 -10.655
12272 	 -10.654
12274 	 -9.503
12276 	 -9.626
12282 	 -9.329
12284 	 -9.118
12290 	 -8.846
12296 	 -8.943
12298 	 -9.233
12304 	 -8.806
12308 	 -8.791
12320 	 -8.793
12322 	 -8.713
12324 	 -8.109
12328 	 -8.155
12330 	 -8.268
12332 	 -8.3
12334 	 -7.84
12338 	 -7.588
12344 	 -6.792
12346 	 -6.753
12352 	 -6.647
12354 	 -6.677
12358 	 -6.658
12360 	 -5.61
12382 	 -5.455
12386 	 -5.087
12402 	 -4.79
12404 	 -4.578
12412 	 -4.522
12432 	 -4.044
12438 	 -3.708
12440 	 -3.85
12456 	 -3.522
12464 	 -3.459
12472 	 -3.386
12476 	 -3.56
12480 	 -3.416
12486 	 -3.392
12500 	 -3.208
12502 	 -3.251
12508 	 -3.242
12512 	 -3.672
12516 	 -3.622
12526 	 -3.795
12532 	 -3.786
12536 	 -3.782
12544 	 -3.721
12550 	 -3.491
12552 	 -3.371
12562 	 -3.074
12566 	 -3.032
12570 	 -3.087
12578 	 -3.06
12582 	 -2.855
12590 	 -2.715
12598 	 -2.84
12600 	 -2.674
12604 	 -2.659
12614 	 -2.568
12618 	 -2.516
12634 	 -2.353
12638 	 -2.462
12660 	 -2.619
12674 	 -2.511
12676 	 -2.492
12686 	 -2.479
12712 	 -2.036
12742 	 -2.032
12748 	 -2.126
12764 	 -2.138
12766 	 -2.492
12774 	 -2.428
12778 	 -3.07
12780 	 -3.015
12784 	 -3.254
12794 	 -3.384
12796 	 -3.625
12800 	 -3.616
12814 	 -3.614
12818 	 -3.528
12826 	 -3.528
12840 	 -3.78
12844 	 -3.771
12848 	 -3.713
12856 	 -3.761
12870 	 -3.693
12874 	 -3.097
12896 	 -2.859
12900 	 -2.738
12906 	 -2.712
12914 	 -2.604
12920 	 -2.491
12924 	 -2.483
12934 	 -2.468
12936 	 -2.603
12964 	 -2.596
12970 	 -2.591
12976 	 -2.187
12984 	 -2.393
12990 	 -2.387
12994 	 -2.421
12996 	 -2.414
13002 	 -2.428
13004 	 -2.4
13006 	 -2.502
13010 	 -2.464
13018 	 -2.461
13022 	 -2.852
13030 	 -3.056
13034 	 -2.839
13040 	 -3.024
13042 	 -3.393
13046 	 -3.501
13052 	 -3.448
13062 	 -3.447
13070 	 -3.393
13074 	 -3.456
13076 	 -3.444
13078 	 -3.442
13080 	 -3.241
13084 	 -3.211
13088 	 -3.246
13102 	 -3.038
13108 	 -2.977
13112 	 -3.009
13114 	 -2.981
13118 	 -2.903
13126 	 -2.778
13130 	 -2.581
13144 	 -2.571
13146 	 -2.094
13148 	 -1.939
13150 	 -1.871
13160 	 -1.762
13166 	 -1.937
13170 	 -1.927
13172 	 -1.722
13174 	 -1.711
13176 	 -1.871
13182 	 -1.853
13184 	 -1.862
13194 	 -1.973
13200 	 -2.044
13202 	 -1.991
13212 	 -1.982
13220 	 -1.973
13222 	 -1.987
13224 	 -1.508
13234 	 -1.506
13236 	 -1.491
13238 	 -1.602
13244 	 -1.541
13246 	 -1.54
13250 	 -1.528
13252 	 -1.529
13256 	 -1.681
13258 	 -1.679
13264 	 -1.653
13266 	 -1.662
13276 	 -1.761
13282 	 -1.682
13286 	 -1.767
13300 	 -1.972
13304 	 -1.965
13308 	 -1.904
13322 	 -1.886
13324 	 -1.871
13342 	 -1.894
13348 	 -1.945
13350 	 -1.932
13352 	 -2.163
13358 	 -2.057
13362 	 -2.095
13364 	 -2.082
13370 	 -2.104
13380 	 -2.053
13392 	 -1.853
13398 	 -1.709
13408 	 -1.708
13412 	 -1.684
13416 	 -1.662
13420 	 -1.658
13424 	 -1.519
13444 	 -1.497
13454 	 -1.472
13456 	 -1.643
13462 	 -1.763
13474 	 -1.75
13478 	 -1.794
13492 	 -1.735
13494 	 -1.658
13498 	 -1.78
13504 	 -1.965
13506 	 -2.171
13550 	 -2.17
13556 	 -2.296
13566 	 -2.294
13600 	 -2.277
13606 	 -2.204
13648 	 -1.559
13654 	 -1.557
13670 	 -1.614
13676 	 -1.644
13704 	 -1.715
13714 	 -1.665
13716 	 -1.642
13720 	 -1.663
13726 	 -1.662
13734 	 -1.635
13740 	 -1.623
13748 	 -1.614
13766 	 -1.638
13784 	 -1.683
13798 	 -1.677
13802 	 -1.738
13812 	 -1.733
13814 	 -1.908
13818 	 -1.922
13830 	 -2.092
13846 	 -2.066
13850 	 -1.889
13868 	 -1.885
13874 	 -1.598
13876 	 -1.6
13880 	 -1.701
13884 	 -1.619
13888 	 -1.63
13892 	 -1.612
13894 	 -1.609
13900 	 -1.537
13902 	 -1.489
13910 	 -1.272
13918 	 -1.265
13920 	 -1.193
13922 	 -1.067
13926 	 -1.066
13936 	 -1.063
13938 	 -1.044
13946 	 -0.991
13950 	 -0.851
13962 	 -0.889
13968 	 -0.872
13970 	 -0.824
13974 	 -0.821
13978 	 -0.797
13980 	 -0.719
13990 	 -0.7
14002 	 -0.669
14016 	 -0.656
14024 	 -0.645
14032 	 -0.624
14036 	 -0.612
14044 	 -0.661
14048 	 -0.658
14070 	 -0.65
14074 	 -0.649
14084 	 -0.41
14102 	 -0.39
14110 	 -0.388
14111 	 -0.387
14112 	 -0.384
14116 	 -0.375
14130 	 -0.216
14140 	 -0.193
14144 	 -0.189
14148 	 -0.177
14152 	 -0.13
14190 	 -0.106
14212 	 -0.072
14218 	 -0.071
14224 	 -0.07
14242 	 -0.065
14246 	 -0.053
14268 	 -0.047
14288 	 -0.043
14370 	 -0.042
14386 	 -0.028
14408 	 -0.026
14622 	 -0.025
15000 	 -1.379
15024 	 -1.509
15050 	 -2.162
15078 	 -2.612
15112 	 -2.854
15158 	 -2.85
15162 	 -2.891
15174 	 -2.843
15186 	 -2.318
15216 	 -2.526
15232 	 -2.35
15238 	 -2.478
15262 	 -1.851
15268 	 -1.679
15282 	 -1.415
15298 	 -1.067
15310 	 -1.108
15336 	 -1.406
15346 	 -1.354
15356 	 -1.524
15374 	 -1.144
15400 	 -0.704
15422 	 -0.544
15456 	 -0.282
15486 	 -0.092
15558 	 -0.022
15660 	 -0.016
15864 	 -0.008
15904 	 0
18000 	 -2.128
18020 	 -2.236
18042 	 -2.716
18064 	 -2.81
18088 	 -2.232
18120 	 -1.658
18154 	 -2.416
18180 	 -2.152
18190 	 -2.608
18234 	 -3.44
18252 	 -3.424
18262 	 -3.238
18270 	 -2.592
18278 	 -2.55
18286 	 -2.456
18296 	 -3.002
18316 	 -3.032
18328 	 -3.276
18336 	 -3.042
18342 	 -3.068
18348 	 -2.674
18360 	 -2.166
18368 	 -1.86
18384 	 -1.874
18402 	 -1.364
18420 	 -0.73
18426 	 -0.642
18434 	 -0.524
18448 	 -0.184
18472 	 -0.154
18552 	 -0.016
18864 	 -0.008
19002 	 0
21000 	 -1.44
21001 	 -1.44
