0 	 0
3000 	 -1.376
3024 	 -1.496
3050 	 -1.88
3062 	 -2.472
3078 	 -3.176
3112 	 -3.62
3158 	 -3.808
3164 	 -3.728
3186 	 -2.828
3198 	 -2.688
3216 	 -1.912
3232 	 -1.736
3238 	 -1.364
3262 	 -0.608
3296 	 -0.264
3400 	 -0.024
3636 	 -0.008
3904 	 0
6000 	 -2.478
6020 	 -2.638
6042 	 -3.286
6064 	 -3.582
6088 	 -3.11
6120 	 -2.686
6138 	 -2.872
6154 	 -3.312
6180 	 -3.048
6190 	 -3.516
6198 	 -3.5
6234 	 -3.9
6284 	 -4.203
6296 	 -4.179
6346 	 -4.159
6360 	 -2.871
6374 	 -2.271
6376 	 -1.719
6424 	 -1.319
6444 	 -0.761
6504 	 -0.637
6506 	 -0.613
6552 	 -0.501
6634 	 -0.359
6704 	 -0.331
6710 	 -0.307
6726 	 -0.295
6728 	 -0.267
6782 	 -0.263
6894 	 -0.165
6990 	 -0.145
6994 	 -0.125
7002 	 -0.093
7272 	 -0.089
7278 	 -0.085
7290 	 -0.073
7324 	 -0.025
9000 	 -1.433
9024 	 -1.537
9050 	 -2.497
9078 	 -3.177
9112 	 -3.761
9158 	 -3.713
9162 	 -3.797
9174 	 -3.705
9186 	 -2.857
9216 	 -3.589
9232 	 -3.413
9238 	 -3.801
9262 	 -1.973
9268 	 -1.305
9298 	 -0.417
9304 	 -0.413
9306 	 -0.409
9334 	 -0.277
9400 	 -0.025
9660 	 -0.009
9904 	 -0.001
12000 	 -2.966
12002 	 -2.783
12004 	 -3.225
12006 	 -3.262
12008 	 -3.789
12010 	 -4.221
12012 	 -4.425
12016 	 -4.293
12018 	 -4.339
12020 	 -4.559
12032 	 -4.328
12034 	 -4.379
12040 	 -4.408
12042 	 -4.884
12048 	 -4.671
12062 	 -4.825
12064 	 -4.901
12070 	 -4.755
12088 	 -4.143
12090 	 -4.169
12100 	 -4.306
12102 	 -4.227
12120 	 -3.612
12154 	 -4.648
12156 	 -4.752
12162 	 -4.725
12166 	 -4.807
12176 	 -4.855
12180 	 -4.591
12182 	 -5.057
12184 	 -5.049
12190 	 -5.365
12198 	 -5.337
12200 	 -5.436
12208 	 -5.828
12212 	 -6.872
12222 	 -6.765
12234 	 -8.113
12236 	 -8.21
12242 	 -8.608
12252 	 -7.892
12264 	 -8.113
12266 	 -8.51
12274 	 -7.258
12282 	 -6.92
12288 	 -6.975
12290 	 -6.703
12296 	 -6.826
12304 	 -6.782
12308 	 -6.767
12322 	 -6.758
12324 	 -6.154
12332 	 -6.186
12334 	 -6.308
12338 	 -6.056
12344 	 -5.218
12356 	 -5.067
12360 	 -4.115
12376 	 -3.992
12380 	 -4.205
12382 	 -4.197
12386 	 -3.884
12388 	 -3.811
12398 	 -3.901
12402 	 -3.86
12404 	 -3.515
12406 	 -3.485
12412 	 -3.429
12432 	 -3.461
12437 	 -3.681
12440 	 -3.823
12466 	 -3.896
12472 	 -3.823
12474 	 -3.777
12476 	 -3.936
12478 	 -3.917
12480 	 -3.773
12482 	 -3.788
12500 	 -3.729
12508 	 -3.72
12516 	 -3.887
12522 	 -3.791
12526 	 -3.713
12540 	 -3.863
12542 	 -3.844
12544 	 -3.783
12552 	 -3.663
12560 	 -3.818
12562 	 -3.87
12564 	 -3.866
12566 	 -3.824
12584 	 -3.805
12590 	 -3.695
12592 	 -3.95
12594 	 -4.122
12598 	 -3.809
12604 	 -3.799
12608 	 -3.779
12610 	 -3.724
12616 	 -3.861
12618 	 -4.062
12648 	 -4.238
12658 	 -4.443
12664 	 -4.323
12682 	 -4.344
12700 	 -4.3
12712 	 -3.658
12734 	 -4.018
12742 	 -4.014
12748 	 -4.194
12762 	 -4.253
12770 	 -4.832
12778 	 -4.975
12782 	 -5.236
12794 	 -5.224
12796 	 -5.401
12818 	 -5.592
12832 	 -4.982
12836 	 -5.101
12840 	 -5.554
12848 	 -5.438
12864 	 -5.542
12874 	 -5.648
12882 	 -5.778
12904 	 -6.285
12910 	 -6.331
12918 	 -6.483
12924 	 -7.01
12962 	 -6.188
12964 	 -6.129
12970 	 -6.098
12980 	 -6.095
12988 	 -6.002
12996 	 -6.013
13000 	 -5.697
13006 	 -5.194
13016 	 -5.037
13018 	 -5.368
13029 	 -5.483
13034 	 -5.415
13040 	 -5.052
13042 	 -5.001
13046 	 -4.857
13052 	 -4.827
13062 	 -4.826
13076 	 -4.952
13078 	 -4.95
13090 	 -5.401
13094 	 -5.466
13096 	 -5.367
13106 	 -5.647
13114 	 -5.609
13116 	 -5.686
13150 	 -4.761
13158 	 -4.725
13164 	 -4.521
13166 	 -4.465
13168 	 -4.397
13182 	 -4.481
13186 	 -4.656
13194 	 -4.672
13198 	 -4.606
13208 	 -4.756
13210 	 -4.591
13220 	 -4.582
13222 	 -4.68
13232 	 -4.683
13234 	 -4.681
13236 	 -4.572
13240 	 -4.68
13242 	 -4.86
13252 	 -4.907
13268 	 -4.941
13270 	 -4.879
13288 	 -5.028
13296 	 -5.018
13298 	 -5.175
13316 	 -5.145
13318 	 -5.142
13322 	 -5.177
13336 	 -5.132
13342 	 -5.975
13346 	 -6.033
13350 	 -6.003
13354 	 -5.857
13360 	 -5.812
13374 	 -5.858
13376 	 -5.763
13382 	 -5.823
13388 	 -5.952
13396 	 -5.943
13402 	 -5.942
13408 	 -5.927
13410 	 -5.754
13416 	 -5.712
13418 	 -5.69
13422 	 -5.687
13424 	 -5.645
13430 	 -5.485
13436 	 -5.642
13448 	 -5.624
13450 	 -5.708
13454 	 -5.69
13458 	 -5.678
13460 	 -5.61
13468 	 -5.6
13480 	 -5.576
13484 	 -5.568
13490 	 -5.578
13496 	 -5.205
13500 	 -5.18
13504 	 -5.028
13508 	 -4.582
13516 	 -4.532
13518 	 -4.427
13522 	 -4.495
13530 	 -4.908
13538 	 -4.93
13550 	 -4.87
13552 	 -4.847
13558 	 -5.164
13560 	 -5.282
13562 	 -5.177
13568 	 -5.634
13570 	 -5.822
13572 	 -5.812
13578 	 -5.893
13586 	 -6.435
13588 	 -6.144
13590 	 -6.029
13592 	 -6.002
13596 	 -5.943
13606 	 -6.232
13614 	 -6.224
13616 	 -6.095
13618 	 -6.123
13622 	 -6.365
13624 	 -6.057
13628 	 -6.09
13630 	 -6.105
13638 	 -6.093
13642 	 -5.819
13644 	 -5.731
13646 	 -5.709
13650 	 -5.68
13654 	 -5.488
13656 	 -5.336
13662 	 -5.325
13666 	 -5.156
13670 	 -4.723
13672 	 -4.82
13674 	 -4.681
13676 	 -4.695
13678 	 -4.714
13680 	 -4.66
13684 	 -4.47
13690 	 -4.399
13696 	 -4.447
13698 	 -4.368
13706 	 -4.242
13712 	 -4.168
13716 	 -4.068
13718 	 -4.131
13722 	 -3.95
13730 	 -3.821
13732 	 -3.846
13734 	 -3.938
13744 	 -3.894
13746 	 -4.028
13756 	 -4.004
13758 	 -3.762
13764 	 -3.625
13774 	 -3.476
13778 	 -3.499
13798 	 -3.474
13810 	 -3.275
13822 	 -2.626
13838 	 -2.888
13840 	 -2.836
13848 	 -2.829
13858 	 -2.74
13860 	 -3.107
13862 	 -3.239
13866 	 -3.24
13878 	 -3.183
13880 	 -3.187
13882 	 -3.13
13884 	 -3.186
13890 	 -3.197
13904 	 -3.194
13906 	 -2.939
13914 	 -2.921
13916 	 -2.994
13918 	 -2.947
13922 	 -2.895
13924 	 -2.894
13930 	 -2.715
13942 	 -2.754
13944 	 -2.618
13946 	 -2.603
13948 	 -2.582
13960 	 -2.362
13970 	 -2.298
13976 	 -1.631
13978 	 -1.619
13982 	 -1.751
14000 	 -1.671
14012 	 -1.368
14014 	 -1.325
14018 	 -1.258
14026 	 -1.231
14028 	 -1.228
14034 	 -1.176
14036 	 -0.954
14042 	 -1.007
14054 	 -0.919
14058 	 -0.905
14080 	 -0.873
14090 	 -0.835
14102 	 -0.907
14110 	 -0.847
14124 	 -0.818
14134 	 -0.816
14154 	 -0.633
14160 	 -0.607
14170 	 -0.586
14172 	 -0.579
14178 	 -0.578
14188 	 -0.576
14190 	 -0.522
14210 	 -0.358
14218 	 -0.354
14238 	 -0.305
14246 	 -0.295
14254 	 -0.286
14262 	 -0.273
14302 	 -0.266
14308 	 -0.187
14314 	 -0.132
14318 	 -0.131
14360 	 -0.121
14390 	 -0.114
14482 	 -0.101
14504 	 -0.1
14538 	 -0.092
14602 	 -0.08
14634 	 -0.07
15000 	 -1.388
15024 	 -1.528
15050 	 -2.45
15078 	 -3.157
15112 	 -3.769
15158 	 -3.779
15162 	 -3.861
15174 	 -3.765
15186 	 -2.879
15216 	 -3.884
15232 	 -3.708
15238 	 -3.969
15262 	 -2.357
15268 	 -2.012
15282 	 -1.484
15298 	 -0.792
15310 	 -0.812
15336 	 -0.961
15346 	 -0.857
15356 	 -0.942
15374 	 -0.752
15400 	 -0.373
15422 	 -0.293
15456 	 -0.162
15486 	 -0.067
15558 	 -0.032
15658 	 -0.029
15660 	 -0.02
15812 	 -0.019
15864 	 -0.015
15904 	 -0.007
15910 	 -0.005
16194 	 -0.004
18000 	 -2.128
18020 	 -2.245
18042 	 -2.757
18064 	 -2.897
18088 	 -2.325
18120 	 -1.703
18154 	 -3.064
18180 	 -2.8
18190 	 -3.515
18234 	 -5.114
18252 	 -5.082
18262 	 -4.989
18270 	 -3.697
18278 	 -3.613
18286 	 -3.425
18296 	 -3.59
18316 	 -3.65
18328 	 -3.772
18336 	 -3.304
18342 	 -3.266
18348 	 -2.478
18360 	 -1.405
18368 	 -1.252
18384 	 -1.259
18402 	 -0.776
18420 	 -0.459
18426 	 -0.415
18434 	 -0.356
18448 	 -0.186
18472 	 -0.171
18552 	 -0.02
18864 	 -0.016
19002 	 0
21000 	 -1.44
21001 	 -1.44
