0 	 0
3000 	 -1.376
3024 	 -1.496
3050 	 -1.88
3062 	 -2.472
3078 	 -3.176
3112 	 -3.62
3158 	 -3.808
3164 	 -3.728
3186 	 -2.828
3198 	 -2.688
3216 	 -1.912
3232 	 -1.736
3238 	 -1.364
3262 	 -0.608
3296 	 -0.264
3400 	 -0.024
3636 	 -0.008
3904 	 0
6000 	 -2.478
6020 	 -2.638
6042 	 -3.286
6064 	 -3.582
6088 	 -3.11
6120 	 -2.686
6138 	 -2.872
6154 	 -3.312
6180 	 -3.048
6190 	 -3.516
6198 	 -3.5
6234 	 -3.9
6284 	 -4.203
6296 	 -4.179
6346 	 -4.159
6360 	 -2.871
6374 	 -2.271
6376 	 -1.719
6424 	 -1.319
6444 	 -0.761
6504 	 -0.637
6506 	 -0.613
6552 	 -0.501
6634 	 -0.359
6704 	 -0.331
6710 	 -0.307
6726 	 -0.295
6728 	 -0.267
6782 	 -0.263
6894 	 -0.165
6990 	 -0.145
6994 	 -0.125
7002 	 -0.093
7272 	 -0.089
7278 	 -0.085
7290 	 -0.073
7324 	 -0.025
9000 	 -1.433
9024 	 -1.537
9050 	 -2.497
9078 	 -3.177
9112 	 -3.761
9158 	 -3.713
9162 	 -3.797
9174 	 -3.705
9186 	 -2.857
9216 	 -3.589
9232 	 -3.413
9238 	 -3.801
9262 	 -1.973
9268 	 -1.305
9298 	 -0.417
9304 	 -0.413
9306 	 -0.409
9334 	 -0.277
9400 	 -0.025
9660 	 -0.009
9904 	 -0.001
12000 	 -2.98
12002 	 -2.852
12004 	 -3.814
12006 	 -4.062
12008 	 -5.922
12012 	 -6.758
12016 	 -6.494
12020 	 -7.047
12032 	 -6.664
12040 	 -6.876
12042 	 -7.352
12048 	 -6.886
12064 	 -6.986
12070 	 -6.936
12086 	 -7.161
12088 	 -6.549
12100 	 -6.617
12102 	 -6.357
12114 	 -6.498
12120 	 -5.97
12130 	 -5.757
12132 	 -6.089
12152 	 -6.226
12154 	 -7.262
12162 	 -7.208
12178 	 -7.189
12180 	 -6.814
12182 	 -7.157
12184 	 -7.009
12186 	 -7.021
12188 	 -7.131
12190 	 -7.447
12192 	 -7.39
12198 	 -7.412
12200 	 -7.2
12206 	 -7.235
12208 	 -7.449
12210 	 -7.525
12212 	 -8.569
12226 	 -8.56
12230 	 -8.411
12234 	 -9.759
12236 	 -9.608
12242 	 -9.647
12248 	 -9.641
12252 	 -8.886
12254 	 -9.009
12264 	 -8.944
12266 	 -9.39
12272 	 -9.389
12274 	 -8.137
12276 	 -8.343
12282 	 -8.046
12290 	 -7.774
12296 	 -7.871
12304 	 -7.703
12320 	 -7.705
12322 	 -7.625
12324 	 -7.021
12328 	 -7.116
12330 	 -7.116
12332 	 -7.148
12334 	 -6.974
12336 	 -7.028
12338 	 -6.776
12344 	 -5.98
12352 	 -5.976
12354 	 -5.964
12358 	 -5.945
12360 	 -4.993
12376 	 -4.863
12382 	 -4.718
12386 	 -4.286
12398 	 -4.216
12402 	 -4.037
12404 	 -3.765
12412 	 -3.709
12438 	 -3.177
12440 	 -3.319
12456 	 -3.282
12464 	 -3.149
12472 	 -3.076
12476 	 -3.127
12480 	 -2.983
12502 	 -2.964
12504 	 -3.068
12508 	 -3.059
12516 	 -3.009
12526 	 -2.931
12530 	 -3.372
12532 	 -3.363
12536 	 -3.359
12544 	 -3.534
12550 	 -3.396
12552 	 -3.276
12562 	 -3.2
12566 	 -3.158
12570 	 -3.213
12578 	 -3.186
12582 	 -2.954
12590 	 -2.814
12604 	 -2.799
12606 	 -2.685
12614 	 -2.594
12618 	 -2.544
12624 	 -2.515
12628 	 -2.348
12630 	 -2.383
12648 	 -2.561
12668 	 -2.457
12676 	 -2.592
12712 	 -1.956
12732 	 -1.919
12738 	 -1.986
12742 	 -1.966
12748 	 -1.949
12764 	 -1.973
12772 	 -1.945
12780 	 -1.89
12784 	 -1.891
12794 	 -1.981
12798 	 -2.5
12810 	 -3.231
12814 	 -3.229
12818 	 -3.187
12820 	 -3.376
12826 	 -3.618
12840 	 -3.612
12846 	 -4.004
12856 	 -3.946
12860 	 -3.643
12864 	 -3.921
12870 	 -3.993
12872 	 -3.908
12874 	 -3.656
12888 	 -3.038
12892 	 -3.372
12902 	 -3.261
12904 	 -3.237
12912 	 -2.957
12922 	 -2.746
12930 	 -2.587
12932 	 -2.643
12934 	 -2.673
12952 	 -2.703
12956 	 -2.842
12960 	 -2.741
12964 	 -2.734
12970 	 -2.729
12978 	 -2.565
12980 	 -2.601
12984 	 -2.848
12986 	 -2.683
12988 	 -2.496
12990 	 -2.49
12996 	 -2.441
13008 	 -2.492
13018 	 -2.486
13030 	 -2.432
13036 	 -2.289
13042 	 -2.262
13046 	 -2.612
13048 	 -2.855
13054 	 -2.71
13058 	 -2.818
13060 	 -2.761
13062 	 -3.124
13064 	 -3.092
13068 	 -3.117
13070 	 -3.104
13074 	 -3.065
13078 	 -3.063
13080 	 -3.216
13082 	 -3.143
13084 	 -3.25
13094 	 -3.297
13100 	 -3.351
13110 	 -3.211
13114 	 -3.183
13116 	 -2.783
13124 	 -2.818
13136 	 -2.769
13142 	 -2.569
13146 	 -2.244
13150 	 -2.176
13152 	 -2.143
13154 	 -2.324
13160 	 -2.177
13162 	 -2.443
13170 	 -2.354
13174 	 -1.971
13180 	 -1.959
13190 	 -1.774
13198 	 -1.976
13200 	 -2.048
13202 	 -1.949
13216 	 -1.73
13220 	 -1.721
13224 	 -1.827
13230 	 -1.797
13234 	 -1.795
13248 	 -1.642
13250 	 -1.753
13256 	 -1.766
13258 	 -1.764
13264 	 -1.939
13270 	 -1.922
13274 	 -1.961
13286 	 -2.082
13288 	 -2.207
13302 	 -2.124
13308 	 -2.08
13310 	 -2.247
13320 	 -2.478
13330 	 -2.514
13332 	 -2.552
13346 	 -2.549
13348 	 -2.545
13360 	 -2.606
13362 	 -2.657
13368 	 -2.869
13386 	 -2.921
13398 	 -2.838
13416 	 -2.692
13422 	 -2.541
13424 	 -2.904
13430 	 -2.831
13446 	 -3.067
13448 	 -2.987
13450 	 -2.984
13474 	 -2.971
13476 	 -2.83
13484 	 -2.863
13486 	 -2.862
13488 	 -2.821
13500 	 -2.946
13514 	 -3.136
13528 	 -3.008
13538 	 -2.897
13550 	 -2.872
13552 	 -2.748
13558 	 -2.648
13572 	 -2.718
13574 	 -2.816
13582 	 -2.791
13586 	 -2.764
13592 	 -2.844
13608 	 -2.848
13644 	 -2.847
13648 	 -2.754
13654 	 -2.752
13662 	 -2.751
13664 	 -2.745
13668 	 -2.743
13678 	 -2.907
13684 	 -2.903
13688 	 -2.892
13698 	 -2.903
13712 	 -2.897
13714 	 -2.699
13720 	 -2.552
13724 	 -2.536
13726 	 -2.535
13730 	 -2.548
13742 	 -2.527
13750 	 -2.413
13758 	 -2.499
13760 	 -2.616
13768 	 -2.544
13786 	 -2.569
13788 	 -2.368
13790 	 -2.449
13794 	 -2.434
13796 	 -2.427
13798 	 -2.313
13804 	 -2.312
13816 	 -2.295
13820 	 -2.265
13826 	 -2.128
13838 	 -2.061
13840 	 -1.899
13842 	 -1.881
13844 	 -1.82
13856 	 -1.741
13860 	 -1.726
13864 	 -1.727
13866 	 -1.718
13870 	 -1.681
13872 	 -1.821
13882 	 -1.819
13892 	 -1.691
13894 	 -1.668
13900 	 -1.676
13918 	 -1.61
13930 	 -1.772
13938 	 -1.755
13940 	 -1.813
13944 	 -1.812
13950 	 -1.439
13964 	 -1.447
13966 	 -1.235
13978 	 -1.192
13982 	 -1.2
13986 	 -1.192
13996 	 -1.077
14004 	 -0.959
14008 	 -0.957
14018 	 -0.925
14020 	 -0.922
14022 	 -0.848
14030 	 -0.845
14040 	 -0.817
14048 	 -0.769
14056 	 -0.508
14062 	 -0.506
14070 	 -0.489
14072 	 -0.487
14074 	 -0.486
14076 	 -0.461
14084 	 -0.46
14088 	 -0.41
14098 	 -0.392
14100 	 -0.378
14104 	 -0.252
14110 	 -0.248
14112 	 -0.238
14120 	 -0.232
14130 	 -0.193
14146 	 -0.17
14152 	 -0.166
14178 	 -0.15
14192 	 -0.11
14196 	 -0.08
14208 	 -0.079
14290 	 -0.053
14322 	 -0.05
14326 	 -0.045
14404 	 -0.042
14484 	 -0.041
14492 	 -0.034
15000 	 -1.378
15024 	 -1.509
15050 	 -2.163
15078 	 -2.611
15112 	 -2.842
15158 	 -2.69
15162 	 -2.732
15174 	 -2.684
15186 	 -1.985
15216 	 -2.209
15232 	 -2.033
15238 	 -2.162
15262 	 -1.037
15268 	 -0.864
15282 	 -0.6
15298 	 -0.253
15346 	 -0.201
15400 	 -0.015
15660 	 -0.009
15904 	 -0.001
18000 	 -2.128
18020 	 -2.218
18042 	 -2.634
18064 	 -2.648
18088 	 -1.99
18120 	 -1.324
18154 	 -1.92
18180 	 -1.656
18190 	 -1.842
18234 	 -2.476
18252 	 -2.46
18270 	 -1.814
18278 	 -1.772
18286 	 -1.678
18296 	 -1.51
18316 	 -1.54
18336 	 -1.306
18342 	 -1.272
18348 	 -0.878
18360 	 -0.236
18402 	 -0.084
18552 	 -0.008
19002 	 0
21000 	 -1.44
21001 	 -1.44
