0 	 0
3000 	 -1.376
3024 	 -1.496
3050 	 -1.88
3062 	 -2.472
3078 	 -3.176
3112 	 -3.62
3158 	 -3.808
3164 	 -3.728
3186 	 -2.828
3198 	 -2.688
3216 	 -1.912
3232 	 -1.736
3238 	 -1.364
3262 	 -0.608
3296 	 -0.264
3400 	 -0.024
3636 	 -0.008
3904 	 0
6000 	 -2.478
6020 	 -2.638
6042 	 -3.286
6064 	 -3.582
6088 	 -3.11
6120 	 -2.686
6138 	 -2.872
6154 	 -3.312
6180 	 -3.048
6190 	 -3.516
6198 	 -3.5
6234 	 -3.9
6284 	 -4.203
6296 	 -4.179
6346 	 -4.159
6360 	 -2.871
6374 	 -2.271
6376 	 -1.719
6424 	 -1.319
6444 	 -0.761
6504 	 -0.637
6506 	 -0.613
6552 	 -0.501
6634 	 -0.359
6704 	 -0.331
6710 	 -0.307
6726 	 -0.295
6728 	 -0.267
6782 	 -0.263
6894 	 -0.165
6990 	 -0.145
6994 	 -0.125
7002 	 -0.093
7272 	 -0.089
7278 	 -0.085
7290 	 -0.073
7324 	 -0.025
9000 	 -1.433
9024 	 -1.537
9050 	 -2.497
9078 	 -3.177
9112 	 -3.761
9158 	 -3.713
9162 	 -3.797
9174 	 -3.705
9186 	 -2.857
9216 	 -3.589
9232 	 -3.413
9238 	 -3.801
9262 	 -1.973
9268 	 -1.305
9298 	 -0.417
9304 	 -0.413
9306 	 -0.409
9334 	 -0.277
9400 	 -0.025
9660 	 -0.009
9904 	 -0.001
12000 	 -2.98
12002 	 -2.852
12004 	 -3.734
12006 	 -3.982
12008 	 -5.014
12012 	 -5.424
12016 	 -5.16
12020 	 -5.493
12032 	 -5.11
12040 	 -5.216
12042 	 -5.692
12048 	 -5.226
12064 	 -5.326
12070 	 -5.101
12088 	 -4.489
12100 	 -4.609
12102 	 -4.349
12120 	 -3.821
12130 	 -3.615
12154 	 -4.651
12160 	 -5.009
12162 	 -4.955
12178 	 -5.004
12180 	 -4.74
12182 	 -5.206
12190 	 -5.522
12198 	 -5.498
12200 	 -5.624
12208 	 -6.016
12212 	 -7.06
12230 	 -7.275
12234 	 -8.623
12246 	 -8.884
12252 	 -8.168
12254 	 -8.067
12256 	 -8.05
12266 	 -8.447
12274 	 -7.195
12276 	 -7.007
12282 	 -6.85
12290 	 -6.578
12296 	 -6.675
12304 	 -6.631
12310 	 -6.722
12314 	 -6.661
12322 	 -6.652
12324 	 -6.048
12332 	 -6.08
12334 	 -6.193
12338 	 -5.941
12344 	 -5.145
12350 	 -5.136
12358 	 -5.069
12360 	 -4.117
12376 	 -4.016
12380 	 -4.019
12382 	 -4.138
12386 	 -3.893
12392 	 -3.851
12400 	 -3.944
12404 	 -3.594
12406 	 -3.564
12408 	 -3.545
12412 	 -3.489
12418 	 -3.486
12437 	 -3.706
12438 	 -3.364
12440 	 -3.506
12452 	 -3.636
12466 	 -3.9
12472 	 -3.916
12476 	 -4.136
12480 	 -3.992
12502 	 -4.175
12508 	 -4.043
12516 	 -4.216
12526 	 -4.138
12538 	 -4.098
12540 	 -4.56
12544 	 -4.499
12550 	 -4.493
12552 	 -4.373
12562 	 -4.398
12566 	 -4.356
12568 	 -4.391
12576 	 -4.387
12590 	 -4.277
12594 	 -4.449
12604 	 -4.859
12608 	 -4.43
12618 	 -4.404
12624 	 -4.391
12630 	 -4.574
12634 	 -4.785
12642 	 -4.736
12646 	 -4.715
12648 	 -4.781
12664 	 -4.661
12668 	 -4.427
12670 	 -4.367
12674 	 -4.316
12688 	 -4.299
12690 	 -4.314
12712 	 -3.714
12742 	 -4.228
12748 	 -4.211
12766 	 -4.29
12776 	 -4.28
12778 	 -4.786
12782 	 -4.799
12784 	 -4.76
12786 	 -5.147
12806 	 -5.283
12840 	 -5.241
12844 	 -5.412
12856 	 -5.335
12864 	 -5.323
12870 	 -5.506
12874 	 -5.478
12882 	 -5.233
12898 	 -5.412
12908 	 -5.805
12910 	 -5.923
12918 	 -5.82
12920 	 -5.976
12924 	 -6.27
12954 	 -6.224
12958 	 -6.2
12964 	 -6.291
12976 	 -6.172
12980 	 -5.884
12990 	 -5.934
12994 	 -5.919
12996 	 -5.834
12998 	 -5.819
13000 	 -5.662
13016 	 -5.368
13028 	 -5.625
13030 	 -5.382
13032 	 -4.437
13034 	 -4.41
13036 	 -4.605
13038 	 -4.548
13040 	 -4.747
13042 	 -4.713
13048 	 -5.093
13054 	 -5.187
13058 	 -5.557
13062 	 -5.357
13072 	 -5.368
13076 	 -5.521
13078 	 -5.519
13086 	 -6.038
13090 	 -6.043
13100 	 -5.74
13102 	 -6.218
13110 	 -6.256
13112 	 -6.543
13114 	 -6.291
13116 	 -6.126
13126 	 -6.165
13130 	 -6.184
13134 	 -5.387
13140 	 -5.349
13144 	 -5.342
13150 	 -5.536
13158 	 -5.129
13166 	 -4.491
13172 	 -4.46
13182 	 -4.654
13184 	 -4.733
13188 	 -4.802
13190 	 -4.561
13194 	 -4.652
13198 	 -4.538
13208 	 -4.752
13212 	 -4.618
13220 	 -4.609
13224 	 -4.447
13230 	 -4.433
13232 	 -4.599
13234 	 -4.465
13252 	 -4.556
13256 	 -4.441
13266 	 -4.352
13268 	 -4.361
13270 	 -4.372
13276 	 -4.288
13280 	 -4.502
13282 	 -4.352
13286 	 -4.297
13288 	 -4.663
13290 	 -4.509
13292 	 -4.784
13298 	 -4.788
13304 	 -4.867
13312 	 -4.754
13318 	 -4.753
13328 	 -4.617
13332 	 -3.981
13334 	 -3.945
13340 	 -4.195
13344 	 -4.183
13352 	 -3.95
13356 	 -3.998
13360 	 -3.953
13362 	 -3.996
13364 	 -3.997
13370 	 -3.949
13380 	 -3.835
13388 	 -3.074
13392 	 -3.058
13394 	 -3.116
13396 	 -2.984
13410 	 -2.928
13412 	 -2.798
13414 	 -2.467
13418 	 -2.316
13420 	 -2.301
13422 	 -2.343
13436 	 -2.308
13438 	 -2.268
13442 	 -2.261
13444 	 -2.07
13446 	 -2.051
13454 	 -2.05
13458 	 -2.025
13460 	 -2.005
13464 	 -2.033
13466 	 -2.125
13472 	 -1.94
13474 	 -1.821
13490 	 -1.712
13492 	 -1.647
13508 	 -1.462
13526 	 -1.558
13528 	 -1.687
13546 	 -1.543
13568 	 -1.586
13574 	 -1.565
13586 	 -1.508
13592 	 -1.638
13600 	 -1.703
13616 	 -1.702
13624 	 -1.638
13628 	 -1.49
13640 	 -1.465
13642 	 -1.411
13646 	 -1.4
13654 	 -1.298
13660 	 -1.147
13664 	 -1.135
13666 	 -1.123
13676 	 -1.121
13684 	 -1.115
13686 	 -0.992
13710 	 -0.91
13722 	 -0.812
13736 	 -0.741
13750 	 -0.717
13790 	 -0.691
13816 	 -0.677
13822 	 -0.527
13844 	 -0.522
13850 	 -0.518
13882 	 -0.425
13886 	 -0.422
13902 	 -0.413
13916 	 -0.393
13920 	 -0.382
13938 	 -0.371
13958 	 -0.363
13960 	 -0.256
13968 	 -0.249
13978 	 -0.248
13990 	 -0.246
13998 	 -0.243
14036 	 -0.136
14054 	 -0.134
14058 	 -0.12
14074 	 -0.118
14078 	 -0.106
14092 	 -0.101
14108 	 -0.096
14114 	 -0.064
14150 	 -0.063
14290 	 -0.058
14302 	 -0.046
14368 	 -0.045
14378 	 -0.039
14388 	 -0.035
14646 	 -0.034
15000 	 -1.388
15024 	 -1.519
15050 	 -2.173
15078 	 -2.62
15112 	 -2.86
15158 	 -2.938
15162 	 -2.98
15174 	 -2.932
15186 	 -2.493
15216 	 -2.692
15232 	 -2.516
15238 	 -2.643
15262 	 -2.262
15268 	 -2.089
15282 	 -1.825
15298 	 -1.479
15310 	 -1.54
15336 	 -1.988
15346 	 -1.936
15356 	 -2.19
15374 	 -1.616
15400 	 -1.054
15422 	 -0.814
15456 	 -0.42
15486 	 -0.136
15558 	 -0.034
15660 	 -0.028
15708 	 -0.022
15754 	 -0.018
15864 	 -0.009
15904 	 -0.001
18000 	 -2.128
18020 	 -2.245
18042 	 -2.757
18064 	 -2.891
18088 	 -2.353
18120 	 -1.825
18154 	 -2.664
18180 	 -2.4
18190 	 -2.991
18234 	 -3.922
18252 	 -3.906
18262 	 -3.627
18270 	 -2.981
18278 	 -2.939
18286 	 -2.845
18296 	 -3.748
18316 	 -3.778
18328 	 -4.144
18336 	 -3.91
18342 	 -3.966
18348 	 -3.572
18360 	 -3.131
18368 	 -2.672
18384 	 -2.693
18402 	 -2.004
18420 	 -1.053
18426 	 -0.921
18434 	 -0.744
18448 	 -0.234
18472 	 -0.189
18552 	 -0.02
18864 	 -0.008
19002 	 0
21000 	 -1.44
21001 	 -1.44
