0 	 0
3000 	 -1.376
3024 	 -1.496
3050 	 -1.88
3062 	 -2.472
3078 	 -3.176
3112 	 -3.62
3158 	 -3.808
3164 	 -3.728
3186 	 -2.828
3198 	 -2.688
3216 	 -1.912
3232 	 -1.736
3238 	 -1.364
3262 	 -0.608
3296 	 -0.264
3400 	 -0.024
3636 	 -0.008
3904 	 0
6000 	 -2.478
6020 	 -2.638
6042 	 -3.286
6064 	 -3.582
6088 	 -3.11
6120 	 -2.686
6138 	 -2.872
6154 	 -3.312
6180 	 -3.048
6190 	 -3.516
6198 	 -3.5
6234 	 -3.9
6284 	 -4.203
6296 	 -4.179
6346 	 -4.159
6360 	 -2.871
6374 	 -2.271
6376 	 -1.719
6424 	 -1.319
6444 	 -0.761
6504 	 -0.637
6506 	 -0.613
6552 	 -0.501
6634 	 -0.359
6704 	 -0.331
6710 	 -0.307
6726 	 -0.295
6728 	 -0.267
6782 	 -0.263
6894 	 -0.165
6990 	 -0.145
6994 	 -0.125
7002 	 -0.093
7272 	 -0.089
7278 	 -0.085
7290 	 -0.073
7324 	 -0.025
9000 	 -1.433
9024 	 -1.537
9050 	 -2.497
9078 	 -3.177
9112 	 -3.761
9158 	 -3.713
9162 	 -3.797
9174 	 -3.705
9186 	 -2.857
9216 	 -3.589
9232 	 -3.413
9238 	 -3.801
9262 	 -1.973
9268 	 -1.305
9298 	 -0.417
9304 	 -0.413
9306 	 -0.409
9334 	 -0.277
9400 	 -0.025
9660 	 -0.009
9904 	 -0.001
12000 	 -2.98
12002 	 -2.852
12004 	 -3.852
12006 	 -4.653
12008 	 -5.252
12010 	 -5.759
12012 	 -5.956
12016 	 -5.952
12020 	 -6.181
12030 	 -6.249
12032 	 -5.866
12040 	 -5.954
12042 	 -6.43
12048 	 -5.964
12064 	 -6.064
12070 	 -5.838
12072 	 -5.885
12088 	 -5.273
12100 	 -5.25
12102 	 -4.99
12120 	 -4.462
12130 	 -4.416
12148 	 -4.751
12154 	 -5.787
12162 	 -5.733
12178 	 -6.105
12180 	 -5.841
12186 	 -5.893
12190 	 -6.209
12198 	 -6.244
12200 	 -6.32
12206 	 -6.31
12212 	 -7.354
12226 	 -7.988
12230 	 -8.248
12234 	 -9.596
12252 	 -8.88
12254 	 -8.779
12256 	 -8.921
12260 	 -8.604
12264 	 -8.939
12274 	 -7.687
12282 	 -7.53
12286 	 -7.449
12290 	 -7.177
12296 	 -7.417
12304 	 -7.187
12312 	 -7.152
12324 	 -6.494
12332 	 -6.526
12334 	 -6.833
12338 	 -6.581
12344 	 -5.785
12350 	 -5.789
12354 	 -5.62
12358 	 -5.343
12360 	 -4.391
12364 	 -4.541
12372 	 -4.526
12376 	 -4.496
12382 	 -4.429
12386 	 -4.401
12392 	 -4.456
12394 	 -4.306
12404 	 -4.034
12410 	 -4.102
12412 	 -3.894
12414 	 -3.872
12438 	 -3.542
12454 	 -3.62
12470 	 -3.619
12472 	 -3.669
12476 	 -3.502
12498 	 -3.385
12508 	 -3.311
12522 	 -3.316
12528 	 -3.476
12538 	 -3.403
12542 	 -3.337
12546 	 -3.307
12548 	 -3.388
12552 	 -3.268
12558 	 -3.404
12564 	 -3.398
12574 	 -4.629
12576 	 -4.609
12578 	 -4.604
12582 	 -4.431
12592 	 -4.252
12598 	 -4.233
12606 	 -4.162
12608 	 -4.372
12614 	 -4.464
12630 	 -4.443
12632 	 -4.461
12638 	 -4.35
12640 	 -4.288
12648 	 -3.995
12656 	 -4.148
12658 	 -4.127
12672 	 -4.085
12688 	 -4.092
12732 	 -4.086
12742 	 -4.123
12768 	 -4.335
12770 	 -4.394
12794 	 -4.263
12802 	 -4.249
12804 	 -4.329
12826 	 -4.286
12828 	 -4.251
12860 	 -4.736
12864 	 -4.73
12868 	 -4.696
12870 	 -4.943
12888 	 -5.172
12894 	 -5.249
12896 	 -5.237
12902 	 -5.262
12908 	 -5.256
12912 	 -5.24
12914 	 -5.026
12916 	 -4.952
12928 	 -4.813
12942 	 -4.568
12952 	 -4.383
12966 	 -4.609
12982 	 -4.282
12984 	 -3.974
12990 	 -4.014
12996 	 -3.998
13002 	 -3.984
13004 	 -3.941
13010 	 -4.055
13012 	 -4.037
13016 	 -4.078
13028 	 -3.999
13032 	 -4.074
13036 	 -4.073
13042 	 -3.961
13048 	 -3.763
13064 	 -3.523
13070 	 -3.679
13078 	 -3.756
13104 	 -3.701
13114 	 -3.56
13120 	 -3.537
13128 	 -3.516
13132 	 -3.837
13134 	 -4.203
13144 	 -4.696
13146 	 -4.689
13150 	 -4.923
13164 	 -5.079
13166 	 -5.039
13176 	 -5.163
13184 	 -4.939
13202 	 -4.993
13206 	 -4.787
13208 	 -5.258
13216 	 -5.246
13222 	 -5.496
13226 	 -5.369
13250 	 -4.021
13258 	 -3.949
13268 	 -4.019
13272 	 -3.713
13274 	 -3.606
13282 	 -3.423
13286 	 -3.402
13292 	 -3.554
13302 	 -3.607
13310 	 -3.994
13312 	 -3.888
13314 	 -3.797
13322 	 -3.793
13328 	 -3.759
13338 	 -3.898
13344 	 -3.958
13346 	 -3.953
13348 	 -3.896
13352 	 -3.871
13370 	 -3.709
13374 	 -4.419
13382 	 -4.55
13386 	 -4.515
13388 	 -4.366
13404 	 -4.466
13408 	 -4.429
13412 	 -4.397
13416 	 -4.318
13424 	 -4.258
13428 	 -4.061
13432 	 -4.056
13442 	 -4.086
13444 	 -3.977
13464 	 -4.164
13468 	 -4.113
13470 	 -4.357
13472 	 -4.172
13478 	 -4.156
13500 	 -3.438
13516 	 -3.427
13530 	 -3.512
13534 	 -3.444
13536 	 -3.373
13554 	 -3.41
13556 	 -3.319
13562 	 -3.35
13564 	 -3.247
13570 	 -3.217
13590 	 -3.159
13598 	 -3.216
13604 	 -3.171
13608 	 -3.186
13616 	 -3.223
13634 	 -3.222
13638 	 -3.372
13648 	 -3.384
13650 	 -3.379
13658 	 -3.413
13666 	 -3.288
13670 	 -3.284
13674 	 -3.314
13678 	 -3.262
13682 	 -3.322
13686 	 -3.073
13692 	 -3.047
13698 	 -3.096
13710 	 -3.104
13716 	 -3.171
13718 	 -3.184
13728 	 -3.052
13736 	 -2.929
13742 	 -2.951
13744 	 -2.962
13750 	 -2.953
13752 	 -2.869
13756 	 -2.73
13758 	 -2.72
13760 	 -2.7
13768 	 -2.669
13774 	 -2.67
13776 	 -2.638
13780 	 -2.479
13782 	 -2.436
13800 	 -2.393
13804 	 -2.35
13808 	 -2.367
13810 	 -2.45
13816 	 -2.498
13822 	 -2.477
13826 	 -2.498
13848 	 -2.497
13854 	 -2.281
13864 	 -2.246
13872 	 -2.22
13876 	 -2.367
13882 	 -2.311
13890 	 -2.286
13896 	 -2.177
13902 	 -2.176
13912 	 -2.101
13916 	 -2.117
13940 	 -2.19
13942 	 -2.181
13948 	 -1.868
13954 	 -1.852
13956 	 -1.686
13970 	 -1.645
13974 	 -1.613
13984 	 -1.579
13992 	 -1.562
14000 	 -1.538
14002 	 -1.201
14014 	 -1.18
14016 	 -1.17
14018 	 -1.143
14024 	 -1.096
14026 	 -0.946
14028 	 -0.889
14038 	 -0.86
14042 	 -0.826
14054 	 -0.81
14058 	 -0.805
14060 	 -0.716
14068 	 -0.684
14072 	 -0.618
14078 	 -0.469
14080 	 -0.464
14094 	 -0.435
14098 	 -0.417
14112 	 -0.384
14118 	 -0.374
14138 	 -0.369
14144 	 -0.361
14146 	 -0.251
14190 	 -0.232
14194 	 -0.215
14206 	 -0.212
14236 	 -0.209
14318 	 -0.206
14336 	 -0.133
14418 	 -0.132
14496 	 -0.129
14592 	 -0.128
15000 	 -1.396
15024 	 -1.527
15050 	 -2.181
15078 	 -2.629
15112 	 -2.871
15158 	 -2.868
15162 	 -2.909
15174 	 -2.861
15186 	 -2.335
15216 	 -2.543
15232 	 -2.367
15238 	 -2.495
15262 	 -1.869
15268 	 -1.697
15282 	 -1.433
15298 	 -1.085
15310 	 -1.125
15336 	 -1.427
15346 	 -1.375
15352 	 -1.374
15356 	 -1.54
15374 	 -1.16
15400 	 -0.72
15422 	 -0.56
15456 	 -0.298
15470 	 -0.293
15486 	 -0.103
15558 	 -0.033
15568 	 -0.03
15660 	 -0.024
15864 	 -0.016
15904 	 -0.008
18000 	 -2.128
18020 	 -2.236
18042 	 -2.716
18064 	 -2.81
18088 	 -2.232
18120 	 -1.658
18154 	 -2.416
18180 	 -2.152
18190 	 -2.608
18234 	 -3.44
18252 	 -3.424
18262 	 -3.238
18270 	 -2.592
18278 	 -2.55
18286 	 -2.456
18296 	 -3.002
18316 	 -3.032
18328 	 -3.276
18336 	 -3.042
18342 	 -3.068
18348 	 -2.674
18360 	 -2.166
18368 	 -1.86
18384 	 -1.874
18402 	 -1.364
18420 	 -0.73
18426 	 -0.642
18434 	 -0.524
18448 	 -0.184
18472 	 -0.154
18552 	 -0.016
18864 	 -0.008
19002 	 0
21000 	 -1.44
21001 	 -1.44
