0 	 0
3000 	 -1.376
3024 	 -1.496
3050 	 -1.88
3062 	 -2.472
3078 	 -3.176
3112 	 -3.62
3158 	 -3.808
3164 	 -3.728
3186 	 -2.828
3198 	 -2.688
3216 	 -1.912
3232 	 -1.736
3238 	 -1.364
3262 	 -0.608
3296 	 -0.264
3400 	 -0.024
3636 	 -0.008
3904 	 0
6000 	 -2.478
6020 	 -2.638
6042 	 -3.286
6064 	 -3.582
6088 	 -3.11
6120 	 -2.686
6138 	 -2.872
6154 	 -3.312
6180 	 -3.048
6190 	 -3.516
6198 	 -3.5
6234 	 -3.9
6284 	 -4.203
6296 	 -4.179
6346 	 -4.159
6360 	 -2.871
6374 	 -2.271
6376 	 -1.719
6424 	 -1.319
6444 	 -0.761
6504 	 -0.637
6506 	 -0.613
6552 	 -0.501
6634 	 -0.359
6704 	 -0.331
6710 	 -0.307
6726 	 -0.295
6728 	 -0.267
6782 	 -0.263
6894 	 -0.165
6990 	 -0.145
6994 	 -0.125
7002 	 -0.093
7272 	 -0.089
7278 	 -0.085
7290 	 -0.073
7324 	 -0.025
9000 	 -1.433
9024 	 -1.537
9050 	 -2.497
9078 	 -3.177
9112 	 -3.761
9158 	 -3.713
9162 	 -3.797
9174 	 -3.705
9186 	 -2.857
9216 	 -3.589
9232 	 -3.413
9238 	 -3.801
9262 	 -1.973
9268 	 -1.305
9298 	 -0.417
9304 	 -0.413
9306 	 -0.409
9334 	 -0.277
9400 	 -0.025
9660 	 -0.009
9904 	 -0.001
12000 	 -2.966
12002 	 -2.783
12004 	 -3.423
12006 	 -4.013
12008 	 -4.929
12010 	 -5.868
12012 	 -6.289
12016 	 -6.417
12018 	 -6.463
12020 	 -6.805
12030 	 -6.873
12032 	 -6.642
12034 	 -6.693
12040 	 -6.88
12042 	 -7.356
12048 	 -7.143
12062 	 -7.297
12064 	 -7.373
12070 	 -7.586
12072 	 -7.633
12088 	 -7.021
12090 	 -7.047
12100 	 -6.951
12102 	 -6.872
12114 	 -7.013
12120 	 -6.398
12130 	 -6.159
12148 	 -6.494
12154 	 -7.53
12156 	 -7.685
12162 	 -7.658
12166 	 -7.74
12176 	 -7.788
12178 	 -8.099
12180 	 -7.835
12184 	 -7.679
12190 	 -7.995
12192 	 -7.938
12198 	 -7.91
12200 	 -7.797
12210 	 -7.878
12212 	 -8.922
12222 	 -8.815
12226 	 -9.44
12230 	 -9.291
12234 	 -10.639
12236 	 -10.736
12242 	 -10.913
12248 	 -10.914
12252 	 -10.159
12254 	 -10.283
12260 	 -9.966
12264 	 -9.762
12266 	 -9.942
12274 	 -8.69
12276 	 -8.782
12282 	 -8.275
12286 	 -8.394
12288 	 -8.605
12290 	 -8.333
12296 	 -8.738
12304 	 -8.145
12308 	 -8.13
12320 	 -8.132
12324 	 -7.528
12330 	 -7.576
12332 	 -7.608
12334 	 -7.116
12338 	 -6.864
12344 	 -6.068
12356 	 -5.895
12358 	 -5.661
12360 	 -4.709
12376 	 -4.432
12382 	 -4.424
12386 	 -4.396
12388 	 -4.411
12404 	 -4.03
12412 	 -3.822
12432 	 -3.637
12438 	 -3.507
12454 	 -3.585
12456 	 -3.503
12470 	 -3.502
12498 	 -3.407
12500 	 -3.305
12510 	 -3.363
12516 	 -3.357
12522 	 -3.362
12532 	 -3.353
12542 	 -3.287
12550 	 -3.528
12552 	 -3.408
12564 	 -3.404
12574 	 -4.753
12584 	 -4.734
12592 	 -4.555
12598 	 -4.536
12606 	 -4.465
12608 	 -4.573
12622 	 -5.055
12630 	 -5.034
12632 	 -5.052
12636 	 -5.129
12638 	 -5.018
12640 	 -4.961
12650 	 -5.167
12652 	 -5.153
12656 	 -5.306
12658 	 -5.285
12672 	 -5.131
12682 	 -5.431
12688 	 -5.438
12690 	 -5.771
12700 	 -6.153
12712 	 -6.342
12732 	 -6.58
12742 	 -6.576
12748 	 -6.568
12760 	 -6.531
12768 	 -6.537
12770 	 -7.436
12776 	 -7.381
12786 	 -7.214
12800 	 -7.102
12802 	 -7.064
12804 	 -7.144
12814 	 -7.142
12826 	 -5.741
12828 	 -5.706
12834 	 -5.651
12836 	 -5.554
12840 	 -5.679
12846 	 -5.738
12856 	 -5.845
12858 	 -5.695
12864 	 -5.689
12866 	 -5.634
12868 	 -5.6
12870 	 -5.463
12874 	 -5.465
12884 	 -5.489
12888 	 -5.687
12892 	 -5.752
12896 	 -5.749
12902 	 -5.774
12914 	 -6.156
12916 	 -6.082
12918 	 -6.058
12920 	 -6.114
12922 	 -6.064
12924 	 -6.116
12936 	 -6.457
12942 	 -6.236
12956 	 -6.654
12958 	 -6.875
12962 	 -6.869
12966 	 -7.092
12968 	 -7.394
12982 	 -7.102
12984 	 -7.496
12988 	 -7.752
12990 	 -7.746
12996 	 -7.73
13000 	 -7.912
13002 	 -7.71
13004 	 -7.667
13010 	 -8.216
13012 	 -8.198
13018 	 -8.221
13022 	 -7.945
13026 	 -7.862
13028 	 -7.783
13036 	 -7.9
13040 	 -8.211
13042 	 -8.171
13050 	 -8.396
13054 	 -8.211
13062 	 -8.19
13064 	 -7.772
13078 	 -7.791
13092 	 -7.786
13096 	 -7.883
13098 	 -8.027
13104 	 -7.446
13106 	 -7.397
13108 	 -7.482
13110 	 -7.586
13114 	 -7.489
13118 	 -7.6
13120 	 -7.508
13128 	 -7.487
13132 	 -7.48
13148 	 -7.751
13152 	 -7.713
13154 	 -7.779
13156 	 -7.639
13170 	 -7.898
13172 	 -7.834
13174 	 -7.788
13176 	 -7.588
13184 	 -7.406
13186 	 -7.373
13192 	 -7.223
13196 	 -7.144
13200 	 -7.833
13204 	 -7.888
13216 	 -8.006
13222 	 -7.998
13224 	 -7.979
13250 	 -6.414
13264 	 -6.315
13272 	 -6.36
13280 	 -6.367
13282 	 -6.335
13284 	 -6.288
13288 	 -6.215
13292 	 -5.98
13300 	 -6.023
13304 	 -5.939
13306 	 -6.038
13308 	 -6.021
13316 	 -6.004
13320 	 -5.927
13328 	 -5.589
13338 	 -5.555
13340 	 -5.352
13342 	 -5.397
13346 	 -5.456
13350 	 -5.656
13352 	 -5.631
13360 	 -5.459
13362 	 -5.54
13372 	 -5.398
13378 	 -5.354
13386 	 -5.394
13388 	 -5.365
13398 	 -5.364
13402 	 -5.344
13406 	 -5.339
13408 	 -5.742
13412 	 -5.677
13418 	 -5.655
13420 	 -5.524
13424 	 -4.835
13436 	 -4.832
13446 	 -4.94
13450 	 -5.029
13454 	 -5.013
13458 	 -4.999
13464 	 -4.991
13472 	 -5.017
13476 	 -5.044
13494 	 -4.975
13504 	 -4.974
13506 	 -4.886
13514 	 -4.857
13516 	 -4.835
13518 	 -4.816
13522 	 -4.996
13524 	 -5.648
13540 	 -5.804
13542 	 -5.809
13546 	 -5.74
13556 	 -5.561
13560 	 -5.423
13572 	 -5.387
13578 	 -5.254
13580 	 -5.298
13584 	 -5.379
13588 	 -5.377
13590 	 -5.304
13602 	 -5.279
13614 	 -5.234
13622 	 -5.115
13634 	 -5.114
13638 	 -4.457
13640 	 -4.449
13648 	 -4.405
13650 	 -4.4
13654 	 -4.398
13664 	 -4.351
13666 	 -4.385
13672 	 -4.377
13676 	 -4.388
13678 	 -4.506
13688 	 -4.415
13700 	 -4.339
13704 	 -4.239
13708 	 -4.242
13710 	 -4.192
13712 	 -4.055
13718 	 -4.018
13726 	 -3.992
13730 	 -3.963
13732 	 -3.956
13738 	 -3.768
13748 	 -3.758
13754 	 -3.73
13758 	 -3.721
13760 	 -3.594
13768 	 -3.576
13770 	 -3.914
13772 	 -3.913
13780 	 -3.754
13786 	 -3.634
13792 	 -3.682
13794 	 -3.835
13796 	 -3.819
13802 	 -4.004
13804 	 -3.965
13806 	 -4.016
13812 	 -4.004
13814 	 -3.974
13824 	 -3.968
13826 	 -4.003
13834 	 -3.991
13838 	 -3.967
13846 	 -3.73
13852 	 -3.722
13854 	 -3.955
13858 	 -3.938
13862 	 -3.901
13864 	 -3.866
13866 	 -3.714
13874 	 -3.742
13876 	 -3.515
13894 	 -3.464
13906 	 -3.442
13916 	 -3.572
13920 	 -3.444
13924 	 -3.378
13926 	 -3.377
13938 	 -3.37
13942 	 -3.361
13946 	 -3.275
13948 	 -3.16
13954 	 -3.247
13960 	 -3.131
13990 	 -3.032
13998 	 -2.88
14000 	 -2.78
14002 	 -2.818
14012 	 -3.189
14016 	 -3.185
14020 	 -3.177
14028 	 -3.385
14030 	 -3.532
14038 	 -3.956
14050 	 -3.984
14054 	 -4.105
14058 	 -4.217
14064 	 -4.203
14066 	 -4.287
14068 	 -4.246
14072 	 -4.472
14080 	 -4.514
14082 	 -4.416
14086 	 -4.217
14088 	 -4.286
14094 	 -4.576
14098 	 -4.547
14104 	 -4.379
14106 	 -4.032
14108 	 -4.135
14116 	 -4.282
14124 	 -4.23
14146 	 -2.669
14152 	 -2.944
14154 	 -2.906
14160 	 -2.861
14166 	 -2.812
14170 	 -2.577
14178 	 -2.661
14180 	 -2.838
14190 	 -3.091
14198 	 -3.397
14200 	 -3.37
14202 	 -3
14204 	 -2.916
14210 	 -2.727
14214 	 -2.718
14216 	 -2.655
14228 	 -2.213
14236 	 -2.156
14240 	 -1.975
14244 	 -2.029
14248 	 -2.037
14254 	 -2.005
14256 	 -1.991
14260 	 -1.773
14262 	 -1.875
14278 	 -1.658
14284 	 -1.63
14300 	 -1.499
14310 	 -1.489
14312 	 -1.287
14324 	 -1.188
14330 	 -1.146
14342 	 -1.143
14352 	 -0.837
14364 	 -0.743
14378 	 -0.633
14382 	 -0.565
14416 	 -0.38
14456 	 -0.372
14460 	 -0.364
14482 	 -0.296
14506 	 -0.283
14524 	 -0.28
14530 	 -0.269
14548 	 -0.255
14558 	 -0.201
14568 	 -0.19
14580 	 -0.185
14612 	 -0.184
14636 	 -0.173
14638 	 -0.171
15000 	 -1.397
15024 	 -1.527
15050 	 -2.036
15078 	 -2.361
15112 	 -2.393
15158 	 -2.209
15162 	 -2.229
15174 	 -2.205
15186 	 -1.644
15216 	 -1.472
15232 	 -1.296
15238 	 -1.36
15262 	 -0.602
15268 	 -0.516
15282 	 -0.384
15298 	 -0.21
15346 	 -0.184
15352 	 -0.183
15400 	 -0.03
15470 	 -0.025
15568 	 -0.022
15660 	 -0.019
15904 	 -0.011
16030 	 -0.01
16092 	 -0.009
16150 	 -0.008
16428 	 -0.007
18000 	 -2.128
18020 	 -2.209
18042 	 -2.593
18064 	 -2.564
18088 	 -1.883
18120 	 -1.218
18154 	 -1.472
18180 	 -1.208
18190 	 -1.197
18234 	 -1.398
18252 	 -1.39
18270 	 -1.067
18278 	 -1.046
18286 	 -0.999
18296 	 -0.843
18316 	 -0.858
18336 	 -0.741
18342 	 -0.724
18348 	 -0.527
18360 	 -0.134
18402 	 -0.058
18552 	 -0.004
19002 	 0
21000 	 -1.44
21001 	 -1.44
