0 	 0
3000 	 -1.376
3024 	 -1.496
3050 	 -1.88
3062 	 -2.472
3078 	 -3.176
3112 	 -3.62
3158 	 -3.808
3164 	 -3.728
3186 	 -2.828
3198 	 -2.688
3216 	 -1.912
3232 	 -1.736
3238 	 -1.364
3262 	 -0.608
3296 	 -0.264
3400 	 -0.024
3636 	 -0.008
3904 	 0
6000 	 -2.478
6020 	 -2.638
6042 	 -3.286
6064 	 -3.582
6088 	 -3.11
6120 	 -2.686
6138 	 -2.872
6154 	 -3.312
6180 	 -3.048
6190 	 -3.516
6198 	 -3.5
6234 	 -3.9
6284 	 -4.203
6296 	 -4.179
6346 	 -4.159
6360 	 -2.871
6374 	 -2.271
6376 	 -1.719
6424 	 -1.319
6444 	 -0.761
6504 	 -0.637
6506 	 -0.613
6552 	 -0.501
6634 	 -0.359
6704 	 -0.331
6710 	 -0.307
6726 	 -0.295
6728 	 -0.267
6782 	 -0.263
6894 	 -0.165
6990 	 -0.145
6994 	 -0.125
7002 	 -0.093
7272 	 -0.089
7278 	 -0.085
7290 	 -0.073
7324 	 -0.025
9000 	 -1.433
9024 	 -1.537
9050 	 -2.497
9078 	 -3.177
9112 	 -3.761
9158 	 -3.713
9162 	 -3.797
9174 	 -3.705
9186 	 -2.857
9216 	 -3.589
9232 	 -3.413
9238 	 -3.801
9262 	 -1.973
9268 	 -1.305
9298 	 -0.417
9304 	 -0.413
9306 	 -0.409
9334 	 -0.277
9400 	 -0.025
9660 	 -0.009
9904 	 -0.001
12000 	 -2.966
12002 	 -2.783
12004 	 -3.343
12006 	 -3.933
12008 	 -4.027
12010 	 -4.966
12012 	 -4.957
12016 	 -5.085
12018 	 -5.131
12020 	 -5.247
12030 	 -5.315
12032 	 -5.084
12034 	 -5.135
12040 	 -5.146
12042 	 -5.622
12048 	 -5.409
12062 	 -5.564
12064 	 -5.64
12070 	 -5.494
12072 	 -5.541
12088 	 -4.929
12090 	 -4.96
12102 	 -4.892
12120 	 -4.173
12148 	 -4.508
12154 	 -5.544
12156 	 -5.325
12162 	 -5.752
12176 	 -5.942
12178 	 -6.208
12180 	 -5.944
12190 	 -6.26
12198 	 -6.232
12200 	 -6.232
12212 	 -7.276
12222 	 -7.169
12226 	 -8.201
12234 	 -9.549
12236 	 -9.645
12252 	 -8.929
12260 	 -8.612
12266 	 -8.796
12274 	 -7.544
12282 	 -7.416
12284 	 -7.205
12286 	 -7.324
12290 	 -7.129
12296 	 -7.369
12298 	 -7.398
12304 	 -7.354
12308 	 -7.339
12324 	 -6.735
12332 	 -6.767
12334 	 -6.9
12338 	 -6.648
12344 	 -5.852
12354 	 -5.768
12358 	 -5.491
12360 	 -4.541
12368 	 -4.513
12376 	 -4.483
12378 	 -4.614
12382 	 -4.496
12386 	 -4.468
12398 	 -4.572
12402 	 -4.436
12404 	 -4.164
12412 	 -3.956
12432 	 -3.685
12454 	 -3.763
12460 	 -3.906
12464 	 -3.891
12470 	 -3.89
12474 	 -3.868
12486 	 -3.844
12496 	 -3.738
12498 	 -3.643
12502 	 -3.56
12522 	 -3.565
12536 	 -3.727
12542 	 -3.661
12544 	 -3.622
12550 	 -3.385
12552 	 -3.265
12568 	 -3.242
12574 	 -4.21
12578 	 -4.055
12590 	 -4.058
12592 	 -3.879
12594 	 -3.703
12598 	 -3.684
12606 	 -3.613
12608 	 -3.823
12614 	 -3.906
12620 	 -3.834
12626 	 -3.831
12630 	 -3.81
12632 	 -3.828
12638 	 -3.717
12640 	 -3.66
12656 	 -3.813
12658 	 -3.792
12672 	 -3.762
12676 	 -3.74
12678 	 -3.822
12688 	 -3.829
12732 	 -3.823
12736 	 -3.791
12742 	 -3.787
12768 	 -4.121
12770 	 -4.21
12776 	 -4.21
12794 	 -4.267
12800 	 -4.258
12802 	 -4.259
12804 	 -4.339
12812 	 -4.215
12828 	 -4.18
12840 	 -4.006
12864 	 -4
12868 	 -3.966
12870 	 -4.045
12876 	 -4.085
12888 	 -4.262
12896 	 -4.259
12898 	 -4.734
12902 	 -4.759
12916 	 -4.673
12926 	 -4.861
12934 	 -4.859
12936 	 -4.844
12940 	 -4.935
12942 	 -4.684
12960 	 -4.465
12966 	 -4.666
12982 	 -4.402
12984 	 -4.127
12990 	 -4.051
12996 	 -4.035
13002 	 -4.021
13004 	 -3.978
13006 	 -4.074
13008 	 -4.003
13012 	 -3.985
13028 	 -3.906
13036 	 -3.905
13042 	 -3.865
13062 	 -3.912
13064 	 -3.673
13076 	 -3.665
13094 	 -3.687
13096 	 -3.662
13104 	 -3.524
13120 	 -3.501
13128 	 -3.48
13144 	 -3.526
13148 	 -3.484
13152 	 -3.475
13160 	 -3.595
13176 	 -4.199
13188 	 -4.843
13190 	 -4.821
13196 	 -4.973
13216 	 -4.994
13230 	 -5.062
13250 	 -4.044
13254 	 -4.332
13262 	 -4.331
13266 	 -4.295
13276 	 -4.299
13278 	 -4.125
13286 	 -4.037
13292 	 -4.008
13298 	 -4.312
13300 	 -4.243
13304 	 -4.03
13308 	 -3.802
13320 	 -3.7
13326 	 -3.834
13328 	 -3.917
13346 	 -3.912
13352 	 -3.745
13362 	 -3.561
13364 	 -3.415
13384 	 -3.406
13388 	 -3.404
13408 	 -3.329
13416 	 -3.412
13418 	 -3.329
13422 	 -4.089
13424 	 -3.884
13432 	 -3.879
13434 	 -4.048
13436 	 -4.242
13438 	 -4.241
13456 	 -4.146
13458 	 -4.098
13468 	 -4.033
13470 	 -4.148
13472 	 -4.37
13476 	 -4.23
13482 	 -4.292
13498 	 -4.064
13500 	 -4.094
13510 	 -3.949
13516 	 -3.925
13522 	 -3.75
13536 	 -3.822
13538 	 -3.73
13540 	 -3.708
13542 	 -3.88
13544 	 -3.732
13550 	 -3.731
13554 	 -3.541
13562 	 -3.239
13566 	 -3.197
13574 	 -3.08
13580 	 -3.065
13584 	 -2.968
13588 	 -3.091
13598 	 -3.029
13610 	 -2.731
13620 	 -2.693
13632 	 -2.686
13634 	 -2.685
13638 	 -2.52
13648 	 -2.461
13650 	 -2.456
13668 	 -2.448
13678 	 -2.466
13686 	 -2.397
13708 	 -2.368
13710 	 -2.368
13716 	 -2.366
13724 	 -2.407
13754 	 -2.226
13760 	 -2.206
13766 	 -2.245
13768 	 -2.18
13772 	 -2.298
13780 	 -2.139
13784 	 -2.179
13800 	 -2.164
13808 	 -2.017
13812 	 -1.995
13816 	 -1.855
13828 	 -1.809
13830 	 -1.715
13840 	 -1.568
13846 	 -1.663
13854 	 -1.545
13864 	 -1.51
13866 	 -1.477
13884 	 -1.293
13896 	 -1.223
13902 	 -1.218
13914 	 -1.197
13928 	 -1.052
13942 	 -1.043
13950 	 -0.983
13976 	 -0.694
14004 	 -0.684
14044 	 -0.788
14046 	 -0.771
14058 	 -0.766
14088 	 -0.539
14114 	 -0.56
14120 	 -0.537
14134 	 -0.528
14146 	 -0.418
14152 	 -0.347
14184 	 -0.281
14226 	 -0.233
14236 	 -0.23
14254 	 -0.222
14260 	 -0.217
14266 	 -0.213
14292 	 -0.172
14406 	 -0.171
14420 	 -0.136
14434 	 -0.13
14468 	 -0.129
14534 	 -0.124
15000 	 -1.398
15024 	 -1.538
15050 	 -2.174
15078 	 -2.628
15112 	 -2.87
15158 	 -2.951
15162 	 -2.991
15174 	 -2.944
15186 	 -2.53
15216 	 -2.665
15232 	 -2.489
15238 	 -2.653
15262 	 -2.275
15268 	 -2.102
15282 	 -1.838
15298 	 -1.491
15308 	 -1.508
15310 	 -1.549
15334 	 -1.698
15336 	 -1.996
15346 	 -1.944
15352 	 -1.943
15354 	 -2.034
15356 	 -2.205
15374 	 -1.605
15400 	 -1.056
15422 	 -0.809
15456 	 -0.545
15460 	 -0.4
15470 	 -0.395
15486 	 -0.206
15492 	 -0.134
15558 	 -0.067
15568 	 -0.064
15574 	 -0.035
15660 	 -0.029
15708 	 -0.023
15864 	 -0.018
15904 	 -0.01
15916 	 -0.007
18000 	 -2.128
18020 	 -2.245
18042 	 -2.757
18064 	 -2.891
18088 	 -2.353
18120 	 -1.825
18154 	 -2.664
18180 	 -2.4
18190 	 -2.991
18234 	 -3.922
18252 	 -3.906
18262 	 -3.626
18270 	 -2.98
18278 	 -2.938
18286 	 -2.844
18296 	 -3.748
18316 	 -3.778
18328 	 -4.144
18336 	 -3.91
18342 	 -3.966
18348 	 -3.572
18360 	 -3.131
18368 	 -2.672
18384 	 -2.693
18402 	 -2.004
18420 	 -1.053
18426 	 -0.921
18434 	 -0.744
18448 	 -0.234
18472 	 -0.189
18552 	 -0.02
18864 	 -0.008
19002 	 0
21000 	 -1.44
21001 	 -1.44
