0 	 0
3000 	 -1.376
3024 	 -1.496
3050 	 -1.88
3062 	 -2.472
3078 	 -3.176
3112 	 -3.62
3158 	 -3.808
3164 	 -3.728
3186 	 -2.828
3198 	 -2.688
3216 	 -1.912
3232 	 -1.736
3238 	 -1.364
3262 	 -0.608
3296 	 -0.264
3400 	 -0.024
3636 	 -0.008
3904 	 0
6000 	 -2.478
6020 	 -2.638
6042 	 -3.286
6064 	 -3.582
6088 	 -3.11
6120 	 -2.686
6138 	 -2.872
6154 	 -3.312
6180 	 -3.048
6190 	 -3.516
6198 	 -3.5
6234 	 -3.9
6284 	 -4.203
6296 	 -4.179
6346 	 -4.159
6360 	 -2.871
6374 	 -2.271
6376 	 -1.719
6424 	 -1.319
6444 	 -0.761
6504 	 -0.637
6506 	 -0.613
6552 	 -0.501
6634 	 -0.359
6704 	 -0.331
6710 	 -0.307
6726 	 -0.295
6728 	 -0.267
6782 	 -0.263
6894 	 -0.165
6990 	 -0.145
6994 	 -0.125
7002 	 -0.093
7272 	 -0.089
7278 	 -0.085
7290 	 -0.073
7324 	 -0.025
9000 	 -1.433
9024 	 -1.537
9050 	 -2.497
9078 	 -3.177
9112 	 -3.761
9158 	 -3.713
9162 	 -3.797
9174 	 -3.705
9186 	 -2.857
9216 	 -3.589
9232 	 -3.413
9238 	 -3.801
9262 	 -1.973
9268 	 -1.305
9298 	 -0.417
9304 	 -0.413
9306 	 -0.409
9334 	 -0.277
9400 	 -0.025
9660 	 -0.009
9904 	 -0.001
12000 	 -2.952
12002 	 -2.714
12004 	 -2.914
12006 	 -3.293
12008 	 -3.704
12010 	 -5.075
12012 	 -5.29
12016 	 -5.55
12018 	 -5.642
12020 	 -5.871
12030 	 -5.939
12032 	 -5.871
12034 	 -5.988
12040 	 -6.076
12042 	 -6.552
12062 	 -6.983
12064 	 -7.035
12070 	 -7.218
12072 	 -7.265
12088 	 -6.653
12090 	 -6.794
12100 	 -6.771
12120 	 -6.104
12130 	 -6.109
12148 	 -6.444
12154 	 -7.48
12156 	 -7.456
12164 	 -7.362
12176 	 -7.177
12178 	 -7.596
12180 	 -7.332
12186 	 -7.575
12190 	 -7.891
12200 	 -7.8
12204 	 -8.175
12206 	 -8.165
12212 	 -9.209
12218 	 -9.184
12220 	 -9.317
12222 	 -9.103
12224 	 -9.177
12226 	 -9.811
12230 	 -9.969
12234 	 -11.317
12236 	 -11.18
12240 	 -11.183
12252 	 -10.467
12254 	 -10.416
12256 	 -10.459
12260 	 -10.142
12262 	 -10.12
12264 	 -10.398
12266 	 -10.192
12272 	 -10.234
12274 	 -8.982
12282 	 -8.825
12286 	 -8.729
12288 	 -8.641
12290 	 -8.382
12296 	 -8.622
12304 	 -8.392
12308 	 -8.45
12312 	 -8.53
12314 	 -8.495
12324 	 -7.835
12332 	 -7.867
12334 	 -7.794
12338 	 -7.542
12342 	 -7.511
12344 	 -6.695
12350 	 -6.771
12354 	 -6.495
12358 	 -6.218
12360 	 -5.266
12372 	 -5.028
12376 	 -4.998
12380 	 -4.991
12382 	 -4.978
12386 	 -4.95
12394 	 -4.661
12404 	 -4.389
12406 	 -4.301
12412 	 -4.093
12432 	 -4.108
12438 	 -3.877
12454 	 -3.955
12456 	 -3.851
12470 	 -3.85
12486 	 -3.827
12498 	 -3.705
12510 	 -3.586
12522 	 -3.591
12536 	 -3.64
12538 	 -3.6
12542 	 -3.527
12552 	 -3.407
12554 	 -3.492
12564 	 -3.486
12574 	 -4.605
12576 	 -4.585
12578 	 -4.602
12590 	 -4.684
12592 	 -4.539
12598 	 -4.52
12600 	 -4.506
12606 	 -4.435
12608 	 -4.646
12624 	 -4.64
12630 	 -4.774
12632 	 -4.792
12638 	 -4.681
12640 	 -4.547
12650 	 -4.28
12656 	 -4.433
12658 	 -4.412
12666 	 -4.403
12672 	 -4.16
12674 	 -4.164
12688 	 -4.171
12702 	 -4.169
12704 	 -4.523
12708 	 -5.159
12714 	 -5.248
12730 	 -5.437
12732 	 -5.452
12768 	 -5.218
12770 	 -5.523
12772 	 -5.627
12784 	 -5.504
12802 	 -5.466
12804 	 -5.546
12814 	 -5.488
12826 	 -5.901
12828 	 -5.873
12842 	 -5.896
12852 	 -5.954
12864 	 -6.088
12868 	 -6.054
12872 	 -6.052
12888 	 -6.336
12890 	 -6.831
12894 	 -6.624
12896 	 -6.772
12900 	 -7.059
12902 	 -7.075
12912 	 -7.069
12916 	 -6.995
12922 	 -7.087
12924 	 -7.136
12942 	 -6.98
12966 	 -7.089
12968 	 -7.211
12970 	 -7.204
12982 	 -7.3
12984 	 -7.432
12988 	 -7.53
12990 	 -7.879
12994 	 -7.837
12996 	 -7.821
13000 	 -7.903
13002 	 -7.889
13004 	 -7.846
13006 	 -7.865
13012 	 -7.847
13018 	 -7.857
13022 	 -8.02
13024 	 -7.733
13028 	 -7.654
13030 	 -7.575
13034 	 -8.049
13036 	 -8.048
13038 	 -7.901
13040 	 -7.87
13042 	 -7.971
13044 	 -7.29
13048 	 -7.335
13056 	 -7.038
13062 	 -6.908
13064 	 -6.85
13070 	 -6.808
13072 	 -6.871
13080 	 -6.941
13084 	 -6.738
13086 	 -6.84
13088 	 -7.046
13096 	 -6.895
13098 	 -6.893
13104 	 -6.415
13106 	 -6.248
13110 	 -6.229
13112 	 -6.097
13118 	 -6.006
13120 	 -6.051
13122 	 -6.189
13126 	 -6.145
13128 	 -6.042
13130 	 -6.039
13138 	 -5.992
13142 	 -6.066
13148 	 -6.086
13156 	 -5.955
13158 	 -5.845
13162 	 -5.679
13168 	 -5.799
13170 	 -5.809
13176 	 -5.827
13180 	 -5.802
13182 	 -5.734
13190 	 -5.765
13200 	 -5.908
13202 	 -5.956
13204 	 -6.062
13214 	 -5.957
13216 	 -6.342
13220 	 -6.308
13230 	 -6.463
13250 	 -5.303
13256 	 -5.19
13268 	 -5.157
13272 	 -4.878
13276 	 -4.873
13282 	 -4.771
13288 	 -4.757
13300 	 -4.723
13302 	 -4.613
13312 	 -4.48
13318 	 -4.534
13320 	 -4.507
13328 	 -4.48
13332 	 -4.26
13336 	 -4.152
13340 	 -4.134
13344 	 -4.037
13346 	 -4.032
13352 	 -4.007
13364 	 -3.984
13372 	 -3.502
13374 	 -3.274
13378 	 -3.448
13380 	 -3.34
13394 	 -3.251
13396 	 -3.19
13402 	 -3.188
13408 	 -3.171
13410 	 -3.151
13418 	 -3.235
13424 	 -2.769
13430 	 -2.762
13432 	 -2.723
13438 	 -2.644
13442 	 -2.504
13446 	 -2.487
13450 	 -2.433
13456 	 -2.556
13470 	 -2.541
13492 	 -2.507
13500 	 -2.519
13508 	 -2.501
13514 	 -2.493
13516 	 -2.198
13538 	 -2.258
13542 	 -2.252
13544 	 -2.235
13572 	 -2.268
13576 	 -2.21
13594 	 -2.069
13598 	 -2.059
13616 	 -2.036
13634 	 -2.035
13638 	 -1.889
13648 	 -1.59
13650 	 -1.585
13664 	 -1.546
13670 	 -1.534
13678 	 -1.52
13690 	 -1.519
13700 	 -1.554
13706 	 -1.582
13710 	 -1.581
13714 	 -1.576
13748 	 -1.573
13758 	 -1.569
13760 	 -1.553
13764 	 -1.541
13780 	 -1.382
13787 	 -1.596
13800 	 -1.582
13802 	 -1.498
13804 	 -1.472
13808 	 -1.527
13826 	 -1.696
13848 	 -1.695
13854 	 -1.882
13864 	 -1.847
13876 	 -1.533
13878 	 -1.672
13892 	 -1.67
13904 	 -1.767
13916 	 -1.63
13918 	 -1.597
13924 	 -1.521
13934 	 -1.473
13938 	 -1.338
13942 	 -1.329
13954 	 -1.31
13960 	 -1.181
13962 	 -1.147
13994 	 -1.125
14018 	 -1.112
14024 	 -1.48
14046 	 -1.479
14050 	 -1.634
14058 	 -1.63
14060 	 -1.636
14068 	 -1.634
14078 	 -1.686
14094 	 -1.689
14108 	 -1.767
14124 	 -1.76
14146 	 -2.677
14150 	 -2.666
14156 	 -2.622
14168 	 -2.365
14192 	 -2.44
14194 	 -2.28
14202 	 -2.299
14226 	 -2.327
14236 	 -2.324
14240 	 -2.424
14260 	 -1.82
14290 	 -1.553
14296 	 -1.692
14308 	 -1.65
14314 	 -1.522
14346 	 -1.587
14362 	 -1.67
14382 	 -1.44
14402 	 -1.455
14404 	 -1.251
14422 	 -1.131
14430 	 -1.184
14432 	 -1.237
14446 	 -1.208
14454 	 -1.246
14456 	 -1.284
14458 	 -1.28
14474 	 -1.224
14476 	 -1.068
14494 	 -0.912
14496 	 -0.759
14532 	 -0.423
14568 	 -0.358
14576 	 -0.297
14626 	 -0.274
14642 	 -0.233
14650 	 -0.223
14660 	 -0.211
14668 	 -0.179
14804 	 -0.172
15000 	 -1.416
15024 	 -1.535
15050 	 -2.062
15078 	 -2.378
15112 	 -2.432
15158 	 -2.462
15162 	 -2.483
15174 	 -2.452
15186 	 -2.139
15216 	 -1.954
15232 	 -1.778
15238 	 -1.844
15262 	 -1.832
15268 	 -1.746
15282 	 -1.614
15298 	 -1.441
15308 	 -1.476
15310 	 -1.497
15334 	 -1.793
15336 	 -1.942
15346 	 -1.916
15352 	 -1.915
15354 	 -2.09
15356 	 -2.175
15372 	 -1.978
15374 	 -1.573
15400 	 -1.054
15422 	 -0.797
15456 	 -0.666
15460 	 -0.374
15470 	 -0.37
15486 	 -0.275
15492 	 -0.133
15558 	 -0.098
15568 	 -0.095
15574 	 -0.037
15660 	 -0.034
15696 	 -0.033
15864 	 -0.029
15904 	 -0.021
15916 	 -0.015
16050 	 -0.013
16378 	 -0.008
18000 	 -2.128
18020 	 -2.236
18042 	 -2.716
18064 	 -2.807
18088 	 -2.246
18120 	 -1.719
18154 	 -2.216
18180 	 -1.952
18190 	 -2.346
18234 	 -2.844
18252 	 -2.836
18262 	 -2.555
18270 	 -2.232
18278 	 -2.211
18286 	 -2.164
18296 	 -3.081
18316 	 -3.096
18328 	 -3.462
18336 	 -3.345
18342 	 -3.418
18348 	 -3.221
18360 	 -3.029
18368 	 -2.57
18384 	 -2.591
18402 	 -1.978
18420 	 -1.027
18426 	 -0.895
18434 	 -0.718
18448 	 -0.208
18472 	 -0.163
18552 	 -0.016
18864 	 -0.004
19002 	 0
21000 	 -1.44
21001 	 -1.44
