0 	 0
3000 	 -1.376
3024 	 -1.496
3050 	 -1.88
3062 	 -2.472
3078 	 -3.176
3112 	 -3.62
3158 	 -3.808
3164 	 -3.728
3186 	 -2.828
3198 	 -2.688
3216 	 -1.912
3232 	 -1.736
3238 	 -1.364
3262 	 -0.608
3296 	 -0.264
3400 	 -0.024
3636 	 -0.008
3904 	 0
6000 	 -2.478
6020 	 -2.638
6042 	 -3.286
6064 	 -3.582
6088 	 -3.11
6120 	 -2.686
6138 	 -2.872
6154 	 -3.312
6180 	 -3.048
6190 	 -3.516
6198 	 -3.5
6234 	 -3.9
6284 	 -4.203
6296 	 -4.179
6346 	 -4.159
6360 	 -2.871
6374 	 -2.271
6376 	 -1.719
6424 	 -1.319
6444 	 -0.761
6504 	 -0.637
6506 	 -0.613
6552 	 -0.501
6634 	 -0.359
6704 	 -0.331
6710 	 -0.307
6726 	 -0.295
6728 	 -0.267
6782 	 -0.263
6894 	 -0.165
6990 	 -0.145
6994 	 -0.125
7002 	 -0.093
7272 	 -0.089
7278 	 -0.085
7290 	 -0.073
7324 	 -0.025
9000 	 -1.433
9024 	 -1.537
9050 	 -2.497
9078 	 -3.177
9112 	 -3.761
9158 	 -3.713
9162 	 -3.797
9174 	 -3.705
9186 	 -2.857
9216 	 -3.589
9232 	 -3.413
9238 	 -3.801
9262 	 -1.973
9268 	 -1.305
9298 	 -0.417
9304 	 -0.413
9306 	 -0.409
9334 	 -0.277
9400 	 -0.025
9660 	 -0.009
9904 	 -0.001
12000 	 -2.952
12002 	 -2.714
12004 	 -2.954
12006 	 -3.333
12008 	 -4.155
12010 	 -5.526
12012 	 -5.956
12016 	 -6.216
12018 	 -6.308
12020 	 -6.65
12030 	 -6.718
12032 	 -6.65
12034 	 -6.767
12040 	 -6.943
12042 	 -7.419
12062 	 -7.85
12064 	 -7.902
12070 	 -8.261
12072 	 -8.308
12088 	 -7.696
12090 	 -7.837
12100 	 -7.741
12114 	 -7.882
12120 	 -7.222
12130 	 -7.027
12148 	 -7.362
12154 	 -8.398
12156 	 -8.457
12164 	 -8.363
12176 	 -8.178
12178 	 -8.454
12180 	 -8.19
12184 	 -8.042
12186 	 -8.226
12190 	 -8.542
12192 	 -8.485
12200 	 -8.114
12204 	 -8.456
12210 	 -8.499
12212 	 -9.543
12218 	 -9.518
12220 	 -9.56
12222 	 -9.346
12224 	 -9.312
12226 	 -10.046
12228 	 -10.133
12230 	 -9.984
12234 	 -11.332
12236 	 -11.195
12240 	 -11.198
12248 	 -11.189
12252 	 -10.434
12254 	 -10.289
12260 	 -9.972
12264 	 -9.861
12266 	 -9.306
12272 	 -9.28
12274 	 -8.028
12276 	 -8.089
12282 	 -7.654
12286 	 -7.773
12288 	 -7.685
12290 	 -7.413
12296 	 -7.653
12304 	 -7.31
12308 	 -7.214
12320 	 -7.173
12324 	 -6.569
12330 	 -6.561
12332 	 -6.593
12334 	 -6.52
12338 	 -6.268
12342 	 -6.237
12344 	 -5.441
12348 	 -5.459
12358 	 -5.175
12360 	 -4.223
12376 	 -4.193
12380 	 -4.186
12382 	 -4.178
12386 	 -4.15
12388 	 -4.211
12404 	 -3.939
12412 	 -3.731
12432 	 -3.54
12438 	 -3.297
12454 	 -3.375
12456 	 -3.3
12470 	 -3.378
12486 	 -3.355
12498 	 -3.293
12510 	 -3.39
12522 	 -3.395
12528 	 -3.474
12532 	 -3.465
12538 	 -3.425
12542 	 -3.352
12550 	 -3.413
12552 	 -3.293
12574 	 -4.417
12576 	 -4.415
12586 	 -4.352
12592 	 -4.215
12598 	 -4.196
12604 	 -4.706
12606 	 -4.635
12608 	 -4.845
12612 	 -4.867
12624 	 -4.861
12630 	 -4.84
12632 	 -4.858
12638 	 -4.747
12640 	 -4.703
12654 	 -5.206
12656 	 -5.359
12658 	 -5.338
12662 	 -5.447
12670 	 -5.893
12672 	 -6.026
12688 	 -6.033
12694 	 -5.944
12700 	 -5.928
12702 	 -6.402
12712 	 -6.181
12726 	 -5.978
12732 	 -5.972
12742 	 -6.015
12758 	 -6.01
12768 	 -6.22
12770 	 -5.607
12782 	 -5.506
12786 	 -5.544
12796 	 -5.577
12802 	 -5.787
12804 	 -5.867
12814 	 -5.865
12826 	 -6.067
12828 	 -6.039
12840 	 -5.8
12852 	 -5.841
12856 	 -5.957
12864 	 -5.951
12868 	 -5.917
12870 	 -5.856
12872 	 -5.854
12878 	 -6.089
12882 	 -6.082
12886 	 -6.139
12888 	 -6.309
12890 	 -6.3
12892 	 -6.257
12894 	 -6.267
12896 	 -6.264
12902 	 -6.289
12906 	 -6.493
12916 	 -6.419
12918 	 -6.488
12922 	 -6.755
12924 	 -6.593
12926 	 -6.603
12932 	 -6.792
12934 	 -7.345
12936 	 -7.506
12942 	 -7.285
12950 	 -7.661
12966 	 -7.77
12970 	 -7.763
12982 	 -7.383
12984 	 -7.731
12990 	 -7.725
12992 	 -7.959
12996 	 -8.364
12998 	 -8.319
13002 	 -8.078
13004 	 -8.035
13008 	 -8.033
13012 	 -8.325
13016 	 -8.467
13024 	 -8.21
13026 	 -8.061
13028 	 -7.924
13034 	 -7.964
13036 	 -7.963
13038 	 -7.899
13040 	 -7.992
13042 	 -7.809
13046 	 -7.807
13048 	 -7.746
13052 	 -7.646
13058 	 -7.679
13062 	 -7.677
13064 	 -7.307
13066 	 -7.445
13070 	 -7.206
13076 	 -7.183
13078 	 -7.037
13080 	 -6.99
13082 	 -6.877
13086 	 -6.839
13088 	 -6.952
13092 	 -6.624
13100 	 -6.548
13104 	 -6.476
13108 	 -6.538
13110 	 -6.364
13112 	 -6.358
13116 	 -6.318
13120 	 -6.106
13124 	 -6.081
13128 	 -6.038
13130 	 -6.036
13140 	 -6.023
13146 	 -6.007
13148 	 -5.956
13152 	 -5.827
13158 	 -5.924
13162 	 -5.799
13164 	 -5.779
13170 	 -6.018
13174 	 -6.285
13178 	 -6.234
13184 	 -6.378
13190 	 -6.585
13192 	 -6.679
13200 	 -6.943
13208 	 -6.914
13222 	 -6.697
13250 	 -4.489
13254 	 -4.828
13266 	 -4.742
13270 	 -4.785
13282 	 -4.771
13288 	 -4.737
13294 	 -4.565
13304 	 -4.256
13306 	 -4.109
13308 	 -4.139
13310 	 -4.136
13316 	 -4.111
13328 	 -4.084
13332 	 -3.962
13334 	 -3.896
13336 	 -3.721
13344 	 -3.719
13346 	 -3.714
13348 	 -3.544
13352 	 -3.519
13360 	 -3.495
13368 	 -3.327
13372 	 -3.412
13376 	 -3.443
13386 	 -3.442
13396 	 -3.447
13398 	 -3.401
13402 	 -3.399
13408 	 -3.429
13424 	 -2.963
13432 	 -2.958
13444 	 -3.059
13446 	 -2.844
13452 	 -2.804
13462 	 -2.825
13468 	 -2.81
13470 	 -2.813
13472 	 -2.781
13490 	 -2.775
13494 	 -2.702
13512 	 -2.679
13518 	 -2.573
13526 	 -2.455
13530 	 -2.567
13536 	 -2.477
13544 	 -2.452
13546 	 -2.277
13564 	 -2.21
13576 	 -2.04
13586 	 -1.954
13604 	 -1.938
13634 	 -1.937
13638 	 -1.79
13648 	 -1.435
13650 	 -1.43
13654 	 -1.428
13666 	 -1.391
13672 	 -1.386
13678 	 -1.373
13680 	 -1.362
13686 	 -1.285
13690 	 -1.284
13714 	 -1.141
13734 	 -1.119
13736 	 -1.102
13750 	 -1.098
13760 	 -1.082
13762 	 -1.066
13770 	 -1.031
13780 	 -0.872
13786 	 -1.227
13804 	 -1.223
13820 	 -1.337
13854 	 -1.481
13864 	 -1.446
13868 	 -1.405
13876 	 -1.47
13894 	 -1.468
13906 	 -1.461
13918 	 -1.46
13924 	 -1.98
13942 	 -1.971
13972 	 -2.373
13992 	 -2.176
13994 	 -2.015
14002 	 -2.012
14010 	 -1.871
14014 	 -1.718
14018 	 -1.967
14024 	 -1.983
14030 	 -1.978
14054 	 -1.947
14058 	 -2.173
14074 	 -2.189
14076 	 -2.459
14090 	 -2.272
14098 	 -2.315
14118 	 -2.318
14120 	 -2.242
14130 	 -2.51
14134 	 -2.516
14136 	 -2.508
14146 	 -2.179
14158 	 -2.066
14162 	 -2.141
14164 	 -2.512
14166 	 -2.532
14176 	 -2.455
14178 	 -2.87
14180 	 -2.986
14186 	 -2.985
14192 	 -2.78
14194 	 -2.682
14196 	 -2.368
14198 	 -2.452
14204 	 -2.341
14212 	 -2.431
14216 	 -2.414
14222 	 -2.357
14230 	 -2.151
14236 	 -2.148
14242 	 -2.238
14252 	 -1.831
14258 	 -1.942
14262 	 -1.964
14268 	 -2.086
14276 	 -2.04
14284 	 -2.098
14320 	 -1.512
14340 	 -1.422
14346 	 -1.303
14356 	 -1.332
14358 	 -1.485
14370 	 -1.45
14382 	 -1.254
14384 	 -1.326
14396 	 -1.407
14402 	 -1.406
14422 	 -1.361
14424 	 -1.301
14426 	 -1.291
14440 	 -1.149
14444 	 -1.054
14450 	 -0.965
14460 	 -0.928
14462 	 -0.904
14464 	 -0.909
14470 	 -0.832
14482 	 -0.767
14490 	 -0.699
14500 	 -0.575
14510 	 -0.558
14520 	 -0.501
14522 	 -0.488
14524 	 -0.386
14572 	 -0.361
14590 	 -0.338
14598 	 -0.296
14614 	 -0.289
14620 	 -0.282
14630 	 -0.276
14658 	 -0.262
14666 	 -0.201
14670 	 -0.2
14694 	 -0.193
14698 	 -0.182
14736 	 -0.178
15000 	 -1.426
15024 	 -1.545
15050 	 -2.212
15078 	 -2.657
15112 	 -2.903
15128 	 -2.888
15158 	 -3.048
15162 	 -3.069
15164 	 -3.055
15174 	 -3.031
15186 	 -2.67
15216 	 -2.899
15232 	 -2.723
15238 	 -2.822
15262 	 -2.668
15266 	 -2.643
15268 	 -2.557
15276 	 -2.399
15282 	 -2.267
15298 	 -1.915
15308 	 -1.949
15310 	 -1.991
15334 	 -2.288
15336 	 -2.586
15344 	 -2.558
15346 	 -2.532
15352 	 -2.531
15354 	 -2.706
15356 	 -2.876
15372 	 -2.679
15374 	 -2.084
15400 	 -1.405
15422 	 -1.068
15456 	 -0.806
15460 	 -0.514
15470 	 -0.51
15486 	 -0.32
15492 	 -0.178
15512 	 -0.174
15558 	 -0.104
15568 	 -0.101
15574 	 -0.043
15660 	 -0.04
15662 	 -0.037
15864 	 -0.029
15904 	 -0.021
15916 	 -0.015
16002 	 -0.014
16090 	 -0.01
16438 	 -0.009
18000 	 -2.128
18020 	 -2.254
18042 	 -2.798
18064 	 -2.972
18088 	 -2.474
18120 	 -1.992
18154 	 -2.912
18180 	 -2.648
18190 	 -3.374
18234 	 -4.404
18252 	 -4.388
18262 	 -4.014
18270 	 -3.368
18278 	 -3.326
18286 	 -3.232
18296 	 -4.494
18316 	 -4.524
18328 	 -5.012
18336 	 -4.778
18342 	 -4.864
18348 	 -4.47
18360 	 -4.096
18368 	 -3.484
18384 	 -3.512
18402 	 -2.644
18420 	 -1.376
18426 	 -1.2
18434 	 -0.964
18448 	 -0.284
18472 	 -0.224
18552 	 -0.024
18864 	 -0.008
19002 	 0
21000 	 -1.44
21001 	 -1.44
