0 	 0
3000 	 -1.376
3024 	 -1.496
3050 	 -1.88
3062 	 -2.472
3078 	 -3.176
3112 	 -3.62
3158 	 -3.808
3164 	 -3.728
3186 	 -2.828
3198 	 -2.688
3216 	 -1.912
3232 	 -1.736
3238 	 -1.364
3262 	 -0.608
3296 	 -0.264
3400 	 -0.024
3636 	 -0.008
3904 	 0
6000 	 -2.478
6020 	 -2.638
6042 	 -3.286
6064 	 -3.582
6088 	 -3.11
6120 	 -2.686
6138 	 -2.872
6154 	 -3.312
6180 	 -3.048
6190 	 -3.516
6198 	 -3.5
6234 	 -3.9
6284 	 -4.203
6296 	 -4.179
6346 	 -4.159
6360 	 -2.871
6374 	 -2.271
6376 	 -1.719
6424 	 -1.319
6444 	 -0.761
6504 	 -0.637
6506 	 -0.613
6552 	 -0.501
6634 	 -0.359
6704 	 -0.331
6710 	 -0.307
6726 	 -0.295
6728 	 -0.267
6782 	 -0.263
6894 	 -0.165
6990 	 -0.145
6994 	 -0.125
7002 	 -0.093
7272 	 -0.089
7278 	 -0.085
7290 	 -0.073
7324 	 -0.025
9000 	 -1.433
9024 	 -1.537
9050 	 -2.497
9078 	 -3.177
9112 	 -3.761
9158 	 -3.713
9162 	 -3.797
9174 	 -3.705
9186 	 -2.857
9216 	 -3.589
9232 	 -3.413
9238 	 -3.801
9262 	 -1.973
9268 	 -1.305
9298 	 -0.417
9304 	 -0.413
9306 	 -0.409
9334 	 -0.277
9400 	 -0.025
9660 	 -0.009
9904 	 -0.001
12000 	 -2.952
12002 	 -2.714
12004 	 -2.956
12006 	 -3.335
12008 	 -4.179
12010 	 -5.55
12012 	 -5.978
12016 	 -6.238
12018 	 -6.33
12020 	 -6.663
12030 	 -6.731
12032 	 -6.663
12034 	 -6.78
12040 	 -6.886
12042 	 -7.362
12062 	 -7.793
12064 	 -7.845
12070 	 -8.029
12072 	 -8.071
12088 	 -7.459
12090 	 -7.6
12100 	 -7.736
12120 	 -7.069
12130 	 -6.914
12148 	 -7.229
12154 	 -8.265
12156 	 -8.236
12160 	 -8.594
12164 	 -8.5
12176 	 -8.315
12178 	 -8.705
12180 	 -8.441
12182 	 -8.971
12186 	 -9.154
12190 	 -9.47
12198 	 -9.448
12200 	 -9.402
12204 	 -9.777
12208 	 -9.955
12212 	 -10.999
12218 	 -10.974
12220 	 -11.067
12222 	 -10.853
12224 	 -10.907
12226 	 -11.797
12230 	 -11.891
12234 	 -13.239
12236 	 -13.102
12240 	 -13.105
12246 	 -13.376
12252 	 -12.66
12254 	 -12.591
12256 	 -12.509
12260 	 -12.192
12262 	 -12.176
12266 	 -12.487
12272 	 -12.461
12274 	 -11.209
12276 	 -10.976
12278 	 -11.092
12282 	 -10.935
12286 	 -11.054
12288 	 -10.966
12290 	 -10.694
12296 	 -10.791
12300 	 -10.935
12304 	 -10.891
12308 	 -10.979
12310 	 -10.754
12314 	 -10.706
12316 	 -10.797
12324 	 -10.193
12332 	 -10.225
12334 	 -10.178
12338 	 -9.926
12340 	 -9.761
12342 	 -9.73
12344 	 -8.934
12348 	 -8.887
12350 	 -9.021
12358 	 -8.43
12360 	 -7.478
12374 	 -7.554
12376 	 -7.453
12380 	 -7.404
12382 	 -7.396
12386 	 -6.986
12392 	 -6.991
12400 	 -6.879
12404 	 -6.349
12406 	 -6.319
12412 	 -6.008
12418 	 -5.921
12420 	 -5.826
12426 	 -5.817
12430 	 -5.764
12432 	 -5.678
12437 	 -5.898
12438 	 -5.517
12448 	 -5.41
12456 	 -5.018
12466 	 -4.948
12470 	 -4.947
12476 	 -5.207
12480 	 -5.041
12486 	 -5.019
12492 	 -4.98
12504 	 -4.944
12508 	 -4.935
12510 	 -4.912
12516 	 -5.009
12538 	 -4.969
12540 	 -5.093
12542 	 -5.086
12550 	 -4.7
12552 	 -4.58
12562 	 -4.75
12574 	 -5.899
12576 	 -5.895
12592 	 -5.716
12594 	 -6.004
12596 	 -5.811
12598 	 -5.792
12600 	 -5.737
12604 	 -5.727
12606 	 -5.656
12618 	 -5.56
12624 	 -5.541
12630 	 -5.471
12632 	 -5.489
12638 	 -5.378
12640 	 -5.321
12644 	 -5.174
12648 	 -5.356
12654 	 -5.84
12664 	 -5.72
12668 	 -6.07
12672 	 -6.031
12688 	 -6.038
12702 	 -6.036
12712 	 -5.379
12728 	 -5.138
12732 	 -5.132
12746 	 -5.125
12748 	 -5.108
12768 	 -5.138
12770 	 -5.301
12776 	 -5.291
12782 	 -5.555
12792 	 -5.539
12802 	 -5.616
12812 	 -5.775
12814 	 -5.681
12826 	 -5.943
12828 	 -5.908
12834 	 -5.747
12840 	 -5.691
12868 	 -5.657
12872 	 -5.655
12874 	 -5.938
12882 	 -5.916
12888 	 -5.876
12896 	 -5.873
12900 	 -5.963
12902 	 -6.261
12908 	 -6.246
12910 	 -6.378
12914 	 -6.44
12916 	 -6.353
12924 	 -7.398
12926 	 -7.381
12942 	 -7.38
12946 	 -7.673
12954 	 -8.135
12964 	 -8.027
12966 	 -8.196
12970 	 -8.188
12978 	 -8.179
12980 	 -8.079
12982 	 -7.955
12984 	 -8.016
12988 	 -8.025
12990 	 -7.997
12996 	 -7.968
13002 	 -8.194
13006 	 -7.918
13008 	 -7.864
13010 	 -7.894
13012 	 -7.733
13016 	 -7.632
13018 	 -7.531
13028 	 -7.524
13032 	 -7.409
13036 	 -7.408
13042 	 -7.349
13048 	 -7.275
13050 	 -6.724
13052 	 -6.688
13054 	 -6.573
13060 	 -6.443
13062 	 -6.154
13070 	 -6.186
13076 	 -6.145
13080 	 -6.265
13084 	 -6.296
13092 	 -6.363
13094 	 -6.277
13096 	 -6.14
13104 	 -6.356
13110 	 -6.307
13114 	 -6.311
13116 	 -6.121
13122 	 -6.086
13130 	 -6
13134 	 -6.067
13140 	 -6.059
13146 	 -6.007
13150 	 -5.913
13158 	 -5.912
13166 	 -5.846
13168 	 -6.281
13170 	 -6.623
13172 	 -6.536
13180 	 -6.68
13182 	 -6.608
13186 	 -6.683
13192 	 -6.663
13204 	 -6.517
13206 	 -6.586
13214 	 -6.567
13220 	 -6.558
13222 	 -6.6
13234 	 -6.598
13236 	 -6.117
13240 	 -6.152
13242 	 -6.265
13246 	 -6.293
13250 	 -5.924
13258 	 -5.951
13272 	 -6.012
13274 	 -5.955
13276 	 -5.819
13290 	 -5.793
13296 	 -6.449
13298 	 -6.449
13306 	 -5.624
13312 	 -5.684
13314 	 -5.703
13328 	 -5.636
13330 	 -5.547
13336 	 -5.645
13338 	 -5.53
13340 	 -5.32
13344 	 -5.321
13346 	 -5.316
13352 	 -5.291
13360 	 -5.246
13362 	 -5.132
13364 	 -5.37
13370 	 -5.345
13374 	 -5.329
13380 	 -5.281
13382 	 -5.186
13386 	 -5.293
13394 	 -5.395
13402 	 -5.393
13406 	 -5.339
13416 	 -5.415
13424 	 -4.721
13434 	 -4.72
13436 	 -4.685
13438 	 -4.715
13442 	 -4.677
13444 	 -4.628
13446 	 -4.625
13448 	 -4.658
13452 	 -4.634
13454 	 -4.633
13456 	 -4.61
13460 	 -4.651
13464 	 -4.548
13466 	 -4.575
13468 	 -4.437
13484 	 -4.385
13486 	 -4.352
13488 	 -4.289
13490 	 -4.354
13496 	 -4.362
13500 	 -4.317
13502 	 -4.568
13506 	 -4.611
13508 	 -4.571
13510 	 -4.543
13520 	 -4.511
13526 	 -4.525
13530 	 -4.451
13538 	 -4.518
13544 	 -4.508
13550 	 -4.541
13552 	 -4.485
13554 	 -4.453
13564 	 -4.526
13570 	 -4.487
13578 	 -4.478
13584 	 -4.387
13586 	 -4.333
13600 	 -4.296
13602 	 -4.281
13604 	 -4.274
13606 	 -4.232
13616 	 -4.275
13632 	 -4.518
13634 	 -4.517
13638 	 -4.429
13648 	 -4.395
13650 	 -4.39
13668 	 -4.418
13672 	 -4.417
13680 	 -4.377
13686 	 -4.302
13690 	 -4.322
13696 	 -4.372
13714 	 -4.343
13720 	 -4.556
13736 	 -4.547
13738 	 -4.847
13760 	 -4.633
13762 	 -4.326
13764 	 -4.58
13768 	 -4.258
13778 	 -4.335
13780 	 -4.176
13786 	 -4.247
13788 	 -4.222
13792 	 -4.169
13794 	 -4.21
13810 	 -4.12
13812 	 -4.109
13820 	 -3.921
13822 	 -3.907
13836 	 -3.892
13838 	 -3.643
13844 	 -3.577
13848 	 -3.573
13850 	 -3.589
13852 	 -3.587
13854 	 -3.149
13856 	 -3.109
13864 	 -2.892
13866 	 -2.89
13874 	 -2.834
13876 	 -2.815
13878 	 -2.814
13882 	 -2.78
13892 	 -2.745
13896 	 -2.743
13898 	 -2.582
13900 	 -2.511
13902 	 -2.53
13924 	 -2.395
13926 	 -2.382
13930 	 -2.569
13942 	 -2.56
13944 	 -2.767
13946 	 -2.358
13962 	 -2.361
13966 	 -2.34
13970 	 -2.157
13972 	 -2.015
13978 	 -1.947
13986 	 -1.971
13990 	 -1.962
13994 	 -1.96
13996 	 -1.822
14004 	 -1.738
14006 	 -1.613
14020 	 -1.515
14022 	 -1.456
14024 	 -1.36
14032 	 -1.342
14040 	 -1.277
14042 	 -1.227
14052 	 -1.201
14056 	 -1.247
14058 	 -1.221
14062 	 -1.18
14064 	 -1.145
14070 	 -1.142
14072 	 -1.109
14074 	 -1.078
14080 	 -1.069
14094 	 -0.84
14096 	 -0.828
14112 	 -0.812
14136 	 -0.802
14138 	 -0.801
14140 	 -0.632
14146 	 -0.46
14154 	 -0.456
14164 	 -0.412
14184 	 -0.411
14206 	 -0.397
14212 	 -0.198
14236 	 -0.195
14276 	 -0.194
14280 	 -0.186
14344 	 -0.182
14352 	 -0.17
14428 	 -0.164
14436 	 -0.161
14484 	 -0.159
14578 	 -0.158
15000 	 -1.402
15024 	 -1.533
15050 	 -2.331
15078 	 -2.903
15112 	 -3.33
15158 	 -3.216
15162 	 -3.279
15174 	 -3.207
15186 	 -2.369
15216 	 -2.989
15232 	 -2.813
15238 	 -3.005
15262 	 -1.515
15268 	 -1.257
15282 	 -0.86
15292 	 -0.858
15298 	 -0.337
15346 	 -0.259
15352 	 -0.258
15400 	 -0.039
15470 	 -0.034
15502 	 -0.033
15568 	 -0.03
15660 	 -0.021
15904 	 -0.013
16378 	 -0.012
16486 	 -0.011
18000 	 -2.128
18020 	 -2.227
18042 	 -2.675
18064 	 -2.732
18088 	 -2.097
18120 	 -1.43
18154 	 -2.368
18180 	 -2.104
18190 	 -2.487
18234 	 -3.554
18252 	 -3.53
18270 	 -2.561
18278 	 -2.498
18286 	 -2.357
18296 	 -2.177
18316 	 -2.222
18336 	 -1.871
18342 	 -1.82
18348 	 -1.229
18360 	 -0.338
18402 	 -0.11
18552 	 -0.012
19002 	 0
21000 	 -1.44
21001 	 -1.44
