0 	 0
3000 	 -1.376
3024 	 -1.496
3050 	 -1.88
3062 	 -2.472
3078 	 -3.176
3112 	 -3.62
3158 	 -3.808
3164 	 -3.728
3186 	 -2.828
3198 	 -2.688
3216 	 -1.912
3232 	 -1.736
3238 	 -1.364
3262 	 -0.608
3296 	 -0.264
3400 	 -0.024
3636 	 -0.008
3904 	 0
6000 	 -2.478
6020 	 -2.638
6042 	 -3.286
6064 	 -3.582
6088 	 -3.11
6120 	 -2.686
6138 	 -2.872
6154 	 -3.312
6180 	 -3.048
6190 	 -3.516
6198 	 -3.5
6234 	 -3.9
6284 	 -4.203
6296 	 -4.179
6346 	 -4.159
6360 	 -2.871
6374 	 -2.271
6376 	 -1.719
6424 	 -1.319
6444 	 -0.761
6504 	 -0.637
6506 	 -0.613
6552 	 -0.501
6634 	 -0.359
6704 	 -0.331
6710 	 -0.307
6726 	 -0.295
6728 	 -0.267
6782 	 -0.263
6894 	 -0.165
6990 	 -0.145
6994 	 -0.125
7002 	 -0.093
7272 	 -0.089
7278 	 -0.085
7290 	 -0.073
7324 	 -0.025
9000 	 -1.433
9024 	 -1.537
9050 	 -2.497
9078 	 -3.177
9112 	 -3.761
9158 	 -3.713
9162 	 -3.797
9174 	 -3.705
9186 	 -2.857
9216 	 -3.589
9232 	 -3.413
9238 	 -3.801
9262 	 -1.973
9268 	 -1.305
9298 	 -0.417
9304 	 -0.413
9306 	 -0.409
9334 	 -0.277
9400 	 -0.025
9660 	 -0.009
9904 	 -0.001
12000 	 -2.966
12002 	 -2.783
12004 	 -3.425
12006 	 -4.015
12008 	 -4.953
12010 	 -5.892
12012 	 -6.311
12016 	 -6.439
12018 	 -6.485
12020 	 -6.818
12030 	 -6.886
12032 	 -6.655
12034 	 -6.706
12040 	 -6.823
12042 	 -7.299
12048 	 -7.086
12062 	 -7.241
12064 	 -7.317
12070 	 -7.355
12072 	 -7.397
12088 	 -6.785
12090 	 -6.816
12100 	 -6.952
12102 	 -6.884
12120 	 -6.165
12130 	 -5.959
12148 	 -6.274
12154 	 -7.31
12156 	 -7.073
12160 	 -7.431
12162 	 -7.858
12176 	 -8.048
12178 	 -8.428
12180 	 -8.164
12182 	 -8.694
12190 	 -9.01
12198 	 -8.96
12200 	 -9.082
12208 	 -9.26
12212 	 -10.304
12222 	 -10.197
12226 	 -11.474
12230 	 -11.569
12234 	 -12.917
12236 	 -13.013
12242 	 -13.08
12246 	 -13.415
12252 	 -12.699
12254 	 -12.598
12256 	 -12.563
12260 	 -12.246
12266 	 -12.548
12274 	 -11.296
12276 	 -11.43
12278 	 -11.509
12282 	 -11.352
12284 	 -11.141
12286 	 -11.26
12290 	 -10.988
12292 	 -11.043
12296 	 -11.14
12298 	 -11.169
12300 	 -11.313
12304 	 -11.269
12308 	 -11.254
12310 	 -11.369
12314 	 -11.087
12322 	 -11.091
12324 	 -10.487
12332 	 -10.519
12334 	 -10.394
12338 	 -10.142
12344 	 -9.346
12350 	 -9.337
12354 	 -9.253
12358 	 -8.606
12360 	 -7.828
12368 	 -7.8
12370 	 -7.715
12376 	 -7.614
12380 	 -7.617
12382 	 -7.499
12384 	 -7.233
12386 	 -6.743
12392 	 -6.739
12400 	 -6.627
12402 	 -6.513
12404 	 -6.163
12406 	 -6.133
12410 	 -6.208
12412 	 -5.897
12420 	 -5.802
12426 	 -5.778
12430 	 -5.711
12432 	 -5.893
12437 	 -6.113
12438 	 -5.531
12448 	 -5.424
12456 	 -5.272
12466 	 -5.305
12470 	 -5.304
12474 	 -5.282
12476 	 -5.573
12480 	 -5.407
12486 	 -5.383
12492 	 -5.355
12508 	 -5.346
12510 	 -5.348
12516 	 -5.447
12540 	 -5.609
12542 	 -5.555
12550 	 -5.531
12552 	 -5.411
12562 	 -5.562
12574 	 -6.924
12576 	 -6.92
12578 	 -6.759
12592 	 -6.58
12594 	 -6.752
12598 	 -6.733
12604 	 -6.723
12606 	 -6.652
12608 	 -6.645
12618 	 -6.5
12622 	 -6.015
12624 	 -6.002
12630 	 -6.01
12632 	 -6.028
12638 	 -5.917
12640 	 -5.86
12648 	 -5.899
12650 	 -5.826
12664 	 -5.706
12672 	 -5.676
12676 	 -5.541
12688 	 -5.548
12692 	 -5.748
12694 	 -6.295
12712 	 -5.919
12718 	 -5.979
12732 	 -5.973
12736 	 -5.794
12742 	 -5.79
12748 	 -5.773
12762 	 -5.757
12768 	 -5.518
12770 	 -5.764
12776 	 -5.721
12782 	 -5.621
12800 	 -5.883
12802 	 -5.842
12816 	 -6.049
12828 	 -6.014
12832 	 -6.039
12840 	 -6.524
12868 	 -6.49
12874 	 -6.395
12876 	 -6.398
12882 	 -6.407
12896 	 -6.404
12898 	 -6.387
12900 	 -6.473
12902 	 -6.635
12904 	 -6.68
12916 	 -6.606
12924 	 -6.427
12928 	 -6.345
12934 	 -6.343
12942 	 -6.219
12946 	 -6.205
12948 	 -6.179
12954 	 -6.873
12962 	 -7.238
12964 	 -7.556
12966 	 -7.711
12982 	 -7.832
12984 	 -7.915
12990 	 -7.936
12994 	 -7.977
12996 	 -7.961
13002 	 -7.947
13010 	 -7.962
13012 	 -7.944
13016 	 -7.224
13020 	 -7.419
13024 	 -7.276
13028 	 -7.704
13032 	 -7.568
13036 	 -7.567
13042 	 -7.515
13046 	 -7.566
13052 	 -7.53
13062 	 -7.529
13066 	 -7.446
13072 	 -7.184
13078 	 -7.001
13090 	 -6.714
13092 	 -6.741
13096 	 -6.604
13100 	 -6.452
13104 	 -6.415
13106 	 -6.389
13114 	 -6.151
13118 	 -6.034
13136 	 -6.011
13150 	 -5.459
13154 	 -5.614
13162 	 -5.562
13168 	 -5.492
13178 	 -5.493
13182 	 -5.502
13192 	 -6.024
13202 	 -6.105
13206 	 -6.333
13214 	 -6.437
13220 	 -6.428
13222 	 -6.565
13224 	 -6.532
13234 	 -6.53
13238 	 -6.499
13240 	 -6.432
13250 	 -5.534
13274 	 -5.003
13282 	 -4.99
13294 	 -4.994
13306 	 -4.823
13314 	 -4.801
13320 	 -4.459
13328 	 -4.26
13346 	 -4.255
13352 	 -4.168
13360 	 -4.123
13370 	 -3.875
13376 	 -3.746
13378 	 -3.664
13384 	 -3.635
13398 	 -3.634
13408 	 -3.633
13418 	 -3.777
13424 	 -3.147
13428 	 -3.086
13432 	 -3.069
13440 	 -3.061
13442 	 -2.959
13449 	 -3.719
13454 	 -3.718
13456 	 -3.693
13458 	 -3.769
13462 	 -3.754
13466 	 -3.698
13478 	 -3.697
13506 	 -3.659
13508 	 -4.623
13516 	 -4.458
13524 	 -4.666
13526 	 -4.702
13532 	 -4.693
13544 	 -4.637
13550 	 -4.636
13558 	 -3.688
13564 	 -3.877
13578 	 -3.443
13582 	 -3.595
13596 	 -3.396
13602 	 -3.412
13606 	 -3.014
13618 	 -2.992
13630 	 -2.952
13634 	 -2.951
13638 	 -2.612
13648 	 -2.575
13650 	 -2.57
13658 	 -2.55
13670 	 -2.92
13692 	 -3.095
13694 	 -3.069
13708 	 -3.273
13718 	 -3.41
13724 	 -3.397
13728 	 -3.445
13730 	 -3.566
13740 	 -3.539
13742 	 -3.409
13744 	 -3.4
13748 	 -3.366
13750 	 -2.102
13752 	 -2.731
13754 	 -2.58
13756 	 -2.682
13758 	 -2.846
13760 	 -2.826
13772 	 -2.781
13776 	 -2.603
13780 	 -2.34
13782 	 -2.124
13806 	 -2.059
13820 	 -1.988
13822 	 -1.951
13828 	 -2.029
13854 	 -1.329
13864 	 -1.294
13874 	 -1.288
13880 	 -1.331
13892 	 -1.314
13900 	 -1.307
13902 	 -1.379
13918 	 -1.308
13920 	 -1.286
13922 	 -1.258
13936 	 -1.084
13942 	 -0.908
13956 	 -0.881
13974 	 -0.754
13976 	 -0.729
13978 	 -0.728
13994 	 -0.536
14006 	 -0.495
14040 	 -0.47
14048 	 -0.468
14058 	 -0.463
14116 	 -0.405
14146 	 -0.195
14236 	 -0.162
14252 	 -0.16
14266 	 -0.151
14344 	 -0.146
14352 	 -0.145
14380 	 -0.143
14506 	 -0.131
15000 	 -1.402
15024 	 -1.522
15050 	 -1.906
15078 	 -2.097
15112 	 -1.948
15158 	 -1.952
15186 	 -1.782
15216 	 -1.195
15232 	 -1.019
15262 	 -1.375
15308 	 -1.392
15310 	 -1.432
15334 	 -1.581
15336 	 -1.881
15352 	 -1.88
15354 	 -1.971
15356 	 -2.139
15374 	 -1.544
15400 	 -1.056
15422 	 -0.807
15456 	 -0.545
15460 	 -0.4
15470 	 -0.395
15486 	 -0.205
15492 	 -0.133
15558 	 -0.063
15568 	 -0.06
15574 	 -0.031
15766 	 -0.029
15822 	 -0.028
15864 	 -0.02
15904 	 -0.012
15916 	 -0.009
16030 	 -0.008
16482 	 -0.007
18000 	 -2.128
18020 	 -2.227
18042 	 -2.675
18064 	 -2.723
18088 	 -2.139
18120 	 -1.613
18154 	 -1.768
18180 	 -1.504
18190 	 -1.701
18234 	 -1.766
18262 	 -1.486
18296 	 -2.414
18328 	 -2.78
18342 	 -2.87
18360 	 -2.927
18368 	 -2.468
18384 	 -2.489
18402 	 -1.952
18420 	 -1.001
18426 	 -0.869
18434 	 -0.692
18448 	 -0.182
18472 	 -0.137
18552 	 -0.012
18864 	 0
21000 	 -1.44
21001 	 -1.44
