0 	 0
3000 	 -1.376
3024 	 -1.496
3050 	 -1.88
3062 	 -2.472
3078 	 -3.176
3112 	 -3.62
3158 	 -3.808
3164 	 -3.728
3186 	 -2.828
3198 	 -2.688
3216 	 -1.912
3232 	 -1.736
3238 	 -1.364
3262 	 -0.608
3296 	 -0.264
3400 	 -0.024
3636 	 -0.008
3904 	 0
6000 	 -2.478
6020 	 -2.638
6042 	 -3.286
6064 	 -3.582
6088 	 -3.11
6120 	 -2.686
6138 	 -2.872
6154 	 -3.312
6180 	 -3.048
6190 	 -3.516
6198 	 -3.5
6234 	 -3.9
6284 	 -4.203
6296 	 -4.179
6346 	 -4.159
6360 	 -2.871
6374 	 -2.271
6376 	 -1.719
6424 	 -1.319
6444 	 -0.761
6504 	 -0.637
6506 	 -0.613
6552 	 -0.501
6634 	 -0.359
6704 	 -0.331
6710 	 -0.307
6726 	 -0.295
6728 	 -0.267
6782 	 -0.263
6894 	 -0.165
6990 	 -0.145
6994 	 -0.125
7002 	 -0.093
7272 	 -0.089
7278 	 -0.085
7290 	 -0.073
7324 	 -0.025
9000 	 -1.433
9024 	 -1.537
9050 	 -2.497
9078 	 -3.177
9112 	 -3.761
9158 	 -3.713
9162 	 -3.797
9174 	 -3.705
9186 	 -2.857
9216 	 -3.589
9232 	 -3.413
9238 	 -3.801
9262 	 -1.973
9268 	 -1.305
9298 	 -0.417
9304 	 -0.413
9306 	 -0.409
9334 	 -0.277
9400 	 -0.025
9660 	 -0.009
9904 	 -0.001
12000 	 -2.952
12002 	 -2.714
12004 	 -2.956
12006 	 -3.335
12008 	 -4.179
12010 	 -5.55
12012 	 -5.978
12016 	 -6.238
12018 	 -6.33
12020 	 -6.663
12030 	 -6.731
12032 	 -6.663
12034 	 -6.78
12040 	 -6.886
12042 	 -7.362
12062 	 -7.793
12064 	 -7.845
12070 	 -8.028
12072 	 -8.07
12088 	 -7.458
12090 	 -7.599
12100 	 -7.729
12120 	 -7.062
12130 	 -7.067
12148 	 -7.382
12154 	 -8.418
12156 	 -8.394
12164 	 -8.3
12176 	 -8.115
12178 	 -8.534
12180 	 -8.27
12182 	 -8.8
12186 	 -9.043
12190 	 -9.359
12200 	 -9.268
12204 	 -9.643
12206 	 -9.633
12208 	 -9.811
12212 	 -10.855
12218 	 -10.83
12220 	 -10.963
12222 	 -10.749
12224 	 -10.823
12226 	 -11.713
12230 	 -11.871
12234 	 -13.219
12236 	 -13.082
12240 	 -13.085
12252 	 -12.369
12254 	 -12.318
12256 	 -12.361
12260 	 -12.044
12262 	 -12.022
12264 	 -12.3
12266 	 -12.502
12272 	 -12.544
12274 	 -11.292
12282 	 -11.135
12286 	 -11.039
12288 	 -10.951
12290 	 -10.692
12296 	 -10.789
12300 	 -10.933
12304 	 -10.703
12308 	 -10.761
12312 	 -10.841
12314 	 -10.806
12316 	 -10.782
12324 	 -10.144
12332 	 -10.176
12334 	 -10.103
12338 	 -9.851
12342 	 -9.82
12344 	 -9.004
12348 	 -9.064
12350 	 -9.14
12354 	 -8.864
12358 	 -8.328
12360 	 -7.376
12372 	 -7.138
12380 	 -7.131
12382 	 -7.118
12386 	 -6.761
12394 	 -6.472
12400 	 -6.36
12404 	 -6.088
12406 	 -5.97
12412 	 -5.659
12420 	 -5.564
12426 	 -5.54
12430 	 -5.473
12432 	 -5.388
12437 	 -5.608
12438 	 -5.346
12448 	 -5.239
12456 	 -5.041
12466 	 -5.063
12470 	 -5.062
12476 	 -5.27
12480 	 -5.104
12486 	 -5.081
12492 	 -5.053
12498 	 -4.851
12508 	 -4.842
12510 	 -4.721
12516 	 -4.82
12536 	 -4.715
12538 	 -4.675
12540 	 -4.841
12542 	 -4.834
12552 	 -4.714
12562 	 -4.893
12564 	 -4.887
12574 	 -5.893
12576 	 -5.873
12578 	 -5.766
12582 	 -5.563
12590 	 -5.551
12592 	 -5.406
12594 	 -5.678
12598 	 -5.659
12602 	 -5.56
12604 	 -5.55
12606 	 -5.479
12608 	 -5.429
12618 	 -5.339
12624 	 -5.333
12632 	 -5.351
12634 	 -5.394
12638 	 -5.283
12640 	 -5.237
12642 	 -5.849
12648 	 -6.026
12664 	 -5.906
12672 	 -5.9
12688 	 -5.907
12690 	 -5.823
12702 	 -5.821
12712 	 -5.18
12724 	 -5.054
12732 	 -5.048
12746 	 -5.038
12748 	 -5.021
12768 	 -5.042
12770 	 -5.102
12782 	 -5.17
12790 	 -5.291
12802 	 -5.212
12804 	 -5.424
12818 	 -5.488
12820 	 -5.51
12826 	 -5.825
12828 	 -5.797
12838 	 -5.886
12840 	 -5.832
12868 	 -5.798
12872 	 -5.796
12874 	 -5.889
12882 	 -5.873
12894 	 -5.83
12896 	 -5.827
12902 	 -5.893
12904 	 -6.503
12906 	 -7.43
12908 	 -7.414
12916 	 -7.34
12922 	 -7.637
12924 	 -7.577
12926 	 -7.764
12928 	 -7.726
12942 	 -7.602
12944 	 -7.533
12956 	 -7.747
12962 	 -7.449
12964 	 -7.341
12966 	 -7.917
12970 	 -7.874
12982 	 -7.81
12984 	 -7.551
12990 	 -7.548
12992 	 -7.673
12994 	 -7.69
12996 	 -7.674
13002 	 -7.66
13004 	 -7.766
13008 	 -7.929
13010 	 -7.944
13012 	 -7.926
13014 	 -7.716
13016 	 -7.615
13020 	 -7.356
13024 	 -7.404
13026 	 -7.262
13030 	 -7.062
13032 	 -7.065
13034 	 -6.99
13036 	 -6.989
13042 	 -6.743
13048 	 -6.746
13050 	 -6.8
13052 	 -6.764
13056 	 -6.747
13058 	 -6.771
13062 	 -6.656
13064 	 -6.771
13068 	 -6.872
13070 	 -6.969
13082 	 -6.982
13086 	 -6.949
13090 	 -7.264
13092 	 -7.272
13094 	 -6.77
13096 	 -6.633
13098 	 -6.631
13104 	 -6.559
13108 	 -6.46
13114 	 -6.434
13118 	 -6.421
13130 	 -6.553
13138 	 -6.887
13140 	 -6.906
13150 	 -6.861
13152 	 -7.153
13156 	 -7.127
13158 	 -7.388
13164 	 -7.462
13166 	 -7.564
13168 	 -7.494
13170 	 -7.452
13172 	 -7.311
13178 	 -7.443
13180 	 -7.476
13196 	 -7.365
13200 	 -7.473
13202 	 -7.209
13206 	 -7.384
13208 	 -7.422
13210 	 -7.354
13216 	 -7.269
13220 	 -7.26
13222 	 -7.24
13230 	 -7.28
13232 	 -7.309
13234 	 -7.307
13242 	 -7.095
13248 	 -7.061
13250 	 -5.944
13256 	 -5.905
13266 	 -5.772
13278 	 -5.804
13282 	 -5.16
13288 	 -5.037
13292 	 -5.01
13304 	 -5.123
13306 	 -5.081
13308 	 -5.019
13310 	 -4.86
13316 	 -4.842
13320 	 -4.817
13322 	 -4.709
13328 	 -4.682
13330 	 -4.657
13334 	 -4.643
13338 	 -4.74
13344 	 -4.681
13346 	 -4.601
13350 	 -4.75
13352 	 -4.725
13360 	 -4.68
13374 	 -4.693
13390 	 -4.689
13396 	 -4.579
13402 	 -4.577
13412 	 -4.576
13416 	 -4.469
13418 	 -4.465
13424 	 -3.999
13428 	 -3.987
13430 	 -3.984
13436 	 -4
13440 	 -3.807
13442 	 -3.527
13448 	 -3.561
13462 	 -3.609
13466 	 -3.601
13470 	 -3.655
13484 	 -3.607
13494 	 -3.593
13502 	 -3.446
13508 	 -3.423
13512 	 -3.38
13516 	 -3.456
13522 	 -3.444
13532 	 -3.364
13534 	 -3.345
13536 	 -3.363
13560 	 -3.428
13562 	 -3.423
13566 	 -3.525
13578 	 -3.293
13580 	 -3.318
13582 	 -3.304
13588 	 -3.145
13592 	 -2.919
13604 	 -2.929
13608 	 -2.879
13622 	 -2.871
13634 	 -2.87
13638 	 -2.62
13640 	 -2.618
13642 	 -2.594
13648 	 -2.556
13650 	 -2.551
13656 	 -2.539
13668 	 -2.423
13674 	 -2.423
13678 	 -2.317
13684 	 -2.289
13690 	 -2.288
13700 	 -2.219
13702 	 -2.215
13710 	 -2.214
13712 	 -2.208
13714 	 -2.193
13730 	 -2.147
13746 	 -2.144
13748 	 -2.143
13754 	 -2.116
13756 	 -2.117
13760 	 -2.172
13772 	 -2.237
13774 	 -2.22
13780 	 -2.061
13782 	 -1.929
13788 	 -2.036
13806 	 -2.006
13822 	 -1.952
13832 	 -1.642
13834 	 -1.633
13846 	 -1.628
13848 	 -1.627
13854 	 -2.581
13860 	 -2.532
13862 	 -2.346
13864 	 -2.311
13866 	 -2.408
13868 	 -2.406
13878 	 -2.403
13884 	 -2.36
13898 	 -2.314
13904 	 -2.272
13922 	 -2.245
13930 	 -2.336
13936 	 -2.269
13942 	 -2.26
13944 	 -2.382
13948 	 -2.204
13956 	 -2.254
13964 	 -2.192
13968 	 -2.186
13970 	 -2.234
13978 	 -2.233
13980 	 -2.201
13984 	 -2.195
13994 	 -1.769
14006 	 -1.698
14010 	 -1.616
14014 	 -1.491
14016 	 -1.368
14040 	 -1.387
14042 	 -1.32
14046 	 -1.316
14048 	 -1.232
14058 	 -1.171
14064 	 -1.899
14070 	 -2.122
14074 	 -2.304
14088 	 -2.492
14098 	 -2.483
14104 	 -2.677
14108 	 -3.024
14110 	 -2.894
14112 	 -2.789
14122 	 -2.779
14126 	 -2.777
14142 	 -2.776
14146 	 -2.222
14152 	 -2.26
14154 	 -2.252
14162 	 -2.251
14164 	 -2.247
14166 	 -2.258
14170 	 -2.071
14180 	 -2.035
14188 	 -1.728
14192 	 -1.703
14198 	 -1.674
14202 	 -1.572
14210 	 -1.684
14214 	 -1.482
14228 	 -1.37
14236 	 -1.351
14244 	 -1.052
14260 	 -1.05
14270 	 -1.085
14290 	 -1.095
14298 	 -1.155
14314 	 -0.881
14330 	 -0.845
14336 	 -0.74
14350 	 -0.765
14368 	 -0.653
14376 	 -0.64
14384 	 -0.592
14390 	 -0.478
14394 	 -0.464
14396 	 -0.4
14402 	 -0.399
14410 	 -0.398
14414 	 -0.286
14450 	 -0.25
14510 	 -0.244
14512 	 -0.226
14518 	 -0.211
14524 	 -0.203
14548 	 -0.172
14550 	 -0.17
14580 	 -0.167
14716 	 -0.16
15000 	 -1.4
15024 	 -1.53
15050 	 -2.184
15078 	 -2.632
15112 	 -2.863
15158 	 -2.955
15162 	 -2.996
15174 	 -2.949
15186 	 -2.499
15216 	 -2.703
15232 	 -2.527
15238 	 -2.655
15262 	 -2.278
15268 	 -2.105
15282 	 -1.841
15298 	 -1.495
15308 	 -1.511
15310 	 -1.552
15334 	 -1.701
15336 	 -2
15346 	 -1.948
15352 	 -1.946
15354 	 -2.037
15356 	 -2.207
15374 	 -1.607
15400 	 -1.058
15422 	 -0.811
15456 	 -0.547
15460 	 -0.401
15470 	 -0.397
15486 	 -0.208
15492 	 -0.137
15558 	 -0.07
15568 	 -0.067
15574 	 -0.038
15660 	 -0.032
15708 	 -0.026
15864 	 -0.021
15904 	 -0.013
15916 	 -0.01
18000 	 -2.128
18020 	 -2.245
18042 	 -2.757
18064 	 -2.891
18088 	 -2.353
18120 	 -1.825
18154 	 -2.664
18180 	 -2.4
18190 	 -2.991
18234 	 -3.922
18252 	 -3.906
18262 	 -3.626
18270 	 -2.98
18278 	 -2.938
18286 	 -2.844
18296 	 -3.748
18316 	 -3.778
18328 	 -4.144
18336 	 -3.91
18342 	 -3.966
18348 	 -3.572
18360 	 -3.131
18368 	 -2.672
18384 	 -2.693
18402 	 -2.004
18420 	 -1.053
18426 	 -0.921
18434 	 -0.744
18448 	 -0.234
18472 	 -0.189
18552 	 -0.02
18864 	 -0.008
19002 	 0
21000 	 -1.44
21001 	 -1.44
