0 	 0
3000 	 -1.376
3024 	 -1.496
3050 	 -1.88
3062 	 -2.472
3078 	 -3.176
3112 	 -3.62
3158 	 -3.808
3164 	 -3.728
3186 	 -2.828
3198 	 -2.688
3216 	 -1.912
3232 	 -1.736
3238 	 -1.364
3262 	 -0.608
3296 	 -0.264
3400 	 -0.024
3636 	 -0.008
3904 	 0
6000 	 -2.478
6020 	 -2.638
6042 	 -3.286
6064 	 -3.582
6088 	 -3.11
6120 	 -2.686
6138 	 -2.872
6154 	 -3.312
6180 	 -3.048
6190 	 -3.516
6198 	 -3.5
6234 	 -3.9
6284 	 -4.203
6296 	 -4.179
6346 	 -4.159
6360 	 -2.871
6374 	 -2.271
6376 	 -1.719
6424 	 -1.319
6444 	 -0.761
6504 	 -0.637
6506 	 -0.613
6552 	 -0.501
6634 	 -0.359
6704 	 -0.331
6710 	 -0.307
6726 	 -0.295
6728 	 -0.267
6782 	 -0.263
6894 	 -0.165
6990 	 -0.145
6994 	 -0.125
7002 	 -0.093
7272 	 -0.089
7278 	 -0.085
7290 	 -0.073
7324 	 -0.025
9000 	 -1.433
9024 	 -1.537
9050 	 -2.497
9078 	 -3.177
9112 	 -3.761
9158 	 -3.713
9162 	 -3.797
9174 	 -3.705
9186 	 -2.857
9216 	 -3.589
9232 	 -3.413
9238 	 -3.801
9262 	 -1.973
9268 	 -1.305
9298 	 -0.417
9304 	 -0.413
9306 	 -0.409
9334 	 -0.277
9400 	 -0.025
9660 	 -0.009
9904 	 -0.001
12000 	 -2.98
12002 	 -2.852
12004 	 -3.974
12006 	 -4.775
12008 	 -6.635
12010 	 -7.142
12012 	 -7.978
12016 	 -7.974
12020 	 -8.527
12030 	 -8.595
12032 	 -8.212
12040 	 -8.424
12042 	 -8.9
12048 	 -8.434
12064 	 -8.534
12070 	 -8.484
12072 	 -8.526
12086 	 -8.751
12088 	 -8.139
12100 	 -8.223
12102 	 -7.963
12114 	 -8.104
12120 	 -7.576
12130 	 -7.363
12132 	 -7.695
12148 	 -8.01
12152 	 -8.147
12154 	 -9.183
12162 	 -9.129
12178 	 -9.396
12180 	 -9.021
12182 	 -9.428
12184 	 -9.28
12186 	 -9.292
12188 	 -9.402
12190 	 -9.718
12192 	 -9.661
12198 	 -9.683
12200 	 -9.471
12206 	 -9.506
12210 	 -9.582
12212 	 -10.626
12226 	 -11.507
12230 	 -11.358
12234 	 -12.706
12236 	 -12.555
12242 	 -12.594
12248 	 -12.588
12252 	 -11.833
12254 	 -11.956
12260 	 -11.639
12264 	 -11.574
12266 	 -12.049
12272 	 -12.048
12274 	 -10.796
12276 	 -11.002
12282 	 -10.705
12286 	 -10.824
12290 	 -10.552
12296 	 -10.649
12300 	 -10.793
12304 	 -10.625
12320 	 -10.627
12324 	 -10.023
12328 	 -10.118
12330 	 -10.118
12332 	 -10.15
12334 	 -9.976
12336 	 -10.03
12338 	 -9.778
12344 	 -8.982
12352 	 -8.954
12354 	 -8.942
12358 	 -8.375
12360 	 -7.423
12376 	 -7.287
12382 	 -7.142
12386 	 -6.726
12398 	 -6.656
12400 	 -6.544
12402 	 -6.365
12404 	 -6.093
12412 	 -5.782
12420 	 -5.687
12426 	 -5.663
12430 	 -5.596
12438 	 -5.063
12448 	 -4.956
12456 	 -4.919
12464 	 -4.786
12466 	 -4.69
12470 	 -4.689
12476 	 -4.736
12480 	 -4.57
12492 	 -4.542
12502 	 -4.523
12504 	 -4.628
12508 	 -4.619
12516 	 -4.495
12530 	 -4.953
12532 	 -4.944
12536 	 -4.94
12542 	 -5.174
12550 	 -5.036
12552 	 -4.916
12562 	 -4.944
12570 	 -4.999
12574 	 -6.193
12578 	 -6.166
12580 	 -5.959
12590 	 -5.929
12592 	 -5.75
12598 	 -5.731
12604 	 -5.606
12606 	 -5.535
12614 	 -5.444
12618 	 -5.394
12622 	 -5.228
12624 	 -5.199
12630 	 -5.234
12632 	 -5.252
12638 	 -5.141
12640 	 -5.084
12646 	 -5.267
12660 	 -5.138
12672 	 -5.108
12682 	 -5.262
12688 	 -5.269
12712 	 -4.874
12714 	 -4.682
12732 	 -4.691
12742 	 -4.671
12744 	 -4.716
12748 	 -4.699
12768 	 -4.81
12770 	 -4.871
12772 	 -4.933
12774 	 -4.85
12780 	 -4.795
12784 	 -4.796
12794 	 -4.886
12798 	 -5.4
12802 	 -6.008
12806 	 -5.972
12814 	 -5.97
12824 	 -6.243
12826 	 -6.371
12828 	 -6.336
12840 	 -6.33
12846 	 -6.174
12850 	 -6.585
12856 	 -6.527
12858 	 -6.671
12866 	 -6.396
12868 	 -6.68
12870 	 -6.752
12874 	 -6.5
12894 	 -5.991
12896 	 -5.988
12902 	 -5.937
12916 	 -5.545
12918 	 -5.605
12924 	 -5.579
12926 	 -5.446
12928 	 -5.429
12932 	 -5.259
12940 	 -5.229
12942 	 -5.105
12948 	 -5.23
12956 	 -5.406
12964 	 -5.399
12966 	 -5.508
12970 	 -5.383
12982 	 -5.302
12984 	 -5.391
12990 	 -5.385
12996 	 -5.326
12998 	 -5.146
13002 	 -5.132
13004 	 -5.154
13010 	 -5.169
13012 	 -5.151
13014 	 -5.183
13018 	 -5.177
13020 	 -5.262
13024 	 -5.231
13026 	 -5.224
13030 	 -5.226
13036 	 -5.146
13042 	 -5.106
13046 	 -4.963
13050 	 -5.47
13052 	 -5.434
13058 	 -5.392
13062 	 -5.425
13068 	 -5.278
13072 	 -5.594
13080 	 -5.431
13090 	 -5.514
13092 	 -5.577
13096 	 -5.44
13100 	 -5.429
13104 	 -5.373
13110 	 -5.3
13114 	 -5.272
13116 	 -5.06
13122 	 -5.069
13132 	 -5.33
13134 	 -5.341
13140 	 -5.218
13142 	 -4.435
13146 	 -4.712
13150 	 -4.646
13152 	 -4.652
13156 	 -4.586
13158 	 -4.52
13162 	 -4.443
13168 	 -4.373
13174 	 -4.317
13180 	 -3.954
13186 	 -3.919
13190 	 -3.833
13194 	 -3.725
13202 	 -3.726
13216 	 -3.629
13220 	 -3.704
13234 	 -3.702
13238 	 -3.676
13242 	 -3.336
13250 	 -2.301
13258 	 -2.299
13270 	 -2.282
13274 	 -2.262
13276 	 -2.297
13282 	 -2.428
13284 	 -2.569
13302 	 -2.486
13314 	 -2.466
13322 	 -2.497
13324 	 -2.587
13328 	 -2.553
13346 	 -2.533
13348 	 -2.529
13352 	 -2.482
13354 	 -2.528
13380 	 -2.584
13382 	 -2.549
13384 	 -2.523
13402 	 -2.551
13410 	 -2.378
13420 	 -2.281
13424 	 -1.781
13430 	 -1.774
13432 	 -1.633
13440 	 -1.486
13450 	 -1.588
13456 	 -1.555
13474 	 -1.442
13496 	 -1.436
13504 	 -1.532
13506 	 -1.461
13510 	 -1.428
13558 	 -1.343
13576 	 -1.316
13588 	 -1.3
13596 	 -1.251
13632 	 -1.245
13634 	 -1.244
13638 	 -1.121
13648 	 -1.086
13650 	 -1.081
13654 	 -1.079
13658 	 -1.078
13678 	 -1.075
13690 	 -1.034
13694 	 -1.033
13706 	 -1.058
13726 	 -1.057
13760 	 -1.037
13768 	 -0.971
13776 	 -0.948
13780 	 -0.789
13806 	 -0.962
13816 	 -0.951
13846 	 -0.877
13854 	 -0.759
13864 	 -0.724
13878 	 -0.601
13882 	 -0.599
13894 	 -0.556
13908 	 -0.552
13924 	 -0.378
13938 	 -0.364
13942 	 -0.355
13954 	 -0.304
13986 	 -0.291
13996 	 -0.288
14018 	 -0.278
14028 	 -0.265
14038 	 -0.264
14058 	 -0.259
14066 	 -0.255
14074 	 -0.254
14104 	 -0.252
14146 	 -0.142
14154 	 -0.119
14236 	 -0.116
14350 	 -0.115
14380 	 -0.113
15000 	 -1.395
15024 	 -1.525
15050 	 -2.036
15078 	 -2.359
15112 	 -2.403
15158 	 -2.534
15162 	 -2.554
15174 	 -2.53
15186 	 -2.307
15216 	 -2.104
15232 	 -1.928
15238 	 -1.992
15262 	 -2.221
15268 	 -2.135
15282 	 -2.003
15298 	 -1.829
15308 	 -1.848
15310 	 -1.91
15334 	 -2.054
15336 	 -2.502
15346 	 -2.476
15352 	 -2.475
15354 	 -2.575
15356 	 -2.83
15372 	 -2.653
15374 	 -2.078
15400 	 -1.405
15422 	 -1.079
15456 	 -0.685
15460 	 -0.546
15470 	 -0.541
15486 	 -0.257
15490 	 -0.17
15558 	 -0.068
15568 	 -0.065
15574 	 -0.036
15660 	 -0.033
15708 	 -0.027
15864 	 -0.018
15904 	 -0.01
15916 	 -0.007
18000 	 -2.128
18020 	 -2.245
18042 	 -2.757
18064 	 -2.888
18088 	 -2.367
18120 	 -1.886
18154 	 -2.464
18180 	 -2.2
18190 	 -2.729
18234 	 -3.326
18252 	 -3.318
18262 	 -2.945
18270 	 -2.622
18278 	 -2.601
18286 	 -2.554
18296 	 -3.827
18316 	 -3.842
18328 	 -4.33
18336 	 -4.213
18342 	 -4.316
18348 	 -4.119
18360 	 -3.994
18368 	 -3.382
18384 	 -3.41
18402 	 -2.618
18420 	 -1.35
18426 	 -1.174
18434 	 -0.938
18448 	 -0.258
18472 	 -0.198
18552 	 -0.02
18864 	 -0.004
19002 	 0
21000 	 -1.44
21001 	 -1.44
