0 	 0
3000 	 -1.376
3024 	 -1.496
3050 	 -1.88
3062 	 -2.472
3078 	 -3.176
3112 	 -3.62
3158 	 -3.808
3164 	 -3.728
3186 	 -2.828
3198 	 -2.688
3216 	 -1.912
3232 	 -1.736
3238 	 -1.364
3262 	 -0.608
3296 	 -0.264
3400 	 -0.024
3636 	 -0.008
3904 	 0
6000 	 -2.478
6020 	 -2.638
6042 	 -3.286
6064 	 -3.582
6088 	 -3.11
6120 	 -2.686
6138 	 -2.872
6154 	 -3.312
6180 	 -3.048
6190 	 -3.516
6198 	 -3.5
6234 	 -3.9
6284 	 -4.203
6296 	 -4.179
6346 	 -4.159
6360 	 -2.871
6374 	 -2.271
6376 	 -1.719
6424 	 -1.319
6444 	 -0.761
6504 	 -0.637
6506 	 -0.613
6552 	 -0.501
6634 	 -0.359
6704 	 -0.331
6710 	 -0.307
6726 	 -0.295
6728 	 -0.267
6782 	 -0.263
6894 	 -0.165
6990 	 -0.145
6994 	 -0.125
7002 	 -0.093
7272 	 -0.089
7278 	 -0.085
7290 	 -0.073
7324 	 -0.025
9000 	 -1.433
9024 	 -1.537
9050 	 -2.497
9078 	 -3.177
9112 	 -3.761
9158 	 -3.713
9162 	 -3.797
9174 	 -3.705
9186 	 -2.857
9216 	 -3.589
9232 	 -3.413
9238 	 -3.801
9262 	 -1.973
9268 	 -1.305
9298 	 -0.417
9304 	 -0.413
9306 	 -0.409
9334 	 -0.277
9400 	 -0.025
9660 	 -0.009
9904 	 -0.001
12000 	 -2.952
12002 	 -2.714
12004 	 -2.916
12006 	 -3.295
12008 	 -3.728
12010 	 -5.099
12012 	 -5.312
12016 	 -5.572
12018 	 -5.664
12020 	 -5.884
12030 	 -5.952
12032 	 -5.884
12034 	 -6.001
12040 	 -6.019
12042 	 -6.495
12062 	 -6.926
12064 	 -6.978
12072 	 -7.02
12088 	 -6.408
12090 	 -6.549
12100 	 -6.702
12120 	 -6.056
12148 	 -6.371
12154 	 -7.407
12156 	 -7.425
12164 	 -7.331
12176 	 -7.146
12178 	 -7.432
12180 	 -7.168
12182 	 -7.698
12186 	 -7.902
12190 	 -8.218
12200 	 -8.059
12204 	 -8.44
12208 	 -8.618
12212 	 -9.662
12218 	 -9.637
12220 	 -9.646
12222 	 -9.432
12224 	 -9.49
12226 	 -10.38
12234 	 -11.728
12236 	 -11.591
12240 	 -11.594
12252 	 -10.878
12254 	 -10.991
12260 	 -10.674
12266 	 -10.975
12272 	 -10.949
12274 	 -9.697
12282 	 -9.569
12286 	 -9.688
12288 	 -9.6
12290 	 -9.328
12296 	 -9.425
12300 	 -9.569
12302 	 -9.662
12304 	 -9.618
12308 	 -9.714
12320 	 -9.716
12324 	 -9.112
12328 	 -9.142
12332 	 -9.174
12334 	 -9.079
12338 	 -8.827
12342 	 -8.764
12344 	 -7.968
12358 	 -7.388
12360 	 -6.436
12366 	 -6.637
12380 	 -6.627
12382 	 -6.619
12384 	 -6.469
12386 	 -5.949
12392 	 -6.005
12398 	 -5.741
12400 	 -5.629
12404 	 -5.344
12406 	 -5.314
12410 	 -5.426
12412 	 -5.115
12420 	 -5.02
12426 	 -5.088
12430 	 -5.105
12432 	 -4.929
12437 	 -5.149
12438 	 -5.238
12448 	 -5.131
12466 	 -5.178
12468 	 -5.277
12470 	 -5.276
12474 	 -5.392
12476 	 -5.622
12480 	 -5.456
12484 	 -5.472
12486 	 -5.438
12492 	 -5.514
12508 	 -5.573
12516 	 -5.922
12538 	 -5.882
12540 	 -5.948
12542 	 -5.941
12552 	 -5.821
12562 	 -6.127
12574 	 -7.525
12592 	 -7.346
12594 	 -7.518
12596 	 -7.552
12598 	 -7.533
12604 	 -7.523
12606 	 -7.452
12618 	 -7.098
12624 	 -7.089
12632 	 -6.937
12634 	 -6.859
12638 	 -6.748
12640 	 -6.691
12644 	 -6.339
12646 	 -6.43
12648 	 -6.811
12662 	 -6.643
12664 	 -6.523
12672 	 -6.616
12678 	 -7.105
12684 	 -7.151
12688 	 -7.158
12690 	 -7.39
12702 	 -7.388
12712 	 -7.468
12732 	 -7.341
12744 	 -7.267
12748 	 -7.25
12750 	 -7.265
12756 	 -7.142
12768 	 -7.117
12770 	 -7.178
12782 	 -7.021
12792 	 -6.969
12802 	 -6.99
12804 	 -6.92
12826 	 -7.907
12828 	 -8.028
12838 	 -7.917
12840 	 -7.88
12856 	 -7.902
12860 	 -7.9
12864 	 -8.013
12868 	 -7.979
12870 	 -8.28
12872 	 -8.278
12874 	 -8.109
12876 	 -8.088
12878 	 -8.206
12884 	 -8.363
12888 	 -8.322
12896 	 -8.319
12902 	 -8.076
12904 	 -8.1
12912 	 -8.196
12916 	 -8.122
12922 	 -8.14
12924 	 -8.08
12926 	 -8.073
12928 	 -8.264
12930 	 -8.271
12936 	 -8.151
12938 	 -8.699
12942 	 -8.875
12944 	 -8.907
12950 	 -8.68
12952 	 -8.676
12954 	 -9.016
12960 	 -9.081
12964 	 -8.973
12966 	 -9.146
12970 	 -9.201
12974 	 -9.181
12982 	 -8.808
12984 	 -8.796
12992 	 -9.041
12996 	 -9.025
13000 	 -9.207
13002 	 -9.193
13006 	 -9.259
13008 	 -9.249
13010 	 -9.452
13012 	 -9.434
13016 	 -9.365
13024 	 -9.336
13026 	 -9.166
13036 	 -9.138
13042 	 -9.079
13046 	 -9.093
13050 	 -9.181
13052 	 -9.457
13054 	 -9.191
13060 	 -9.201
13062 	 -9.05
13066 	 -8.926
13068 	 -8.654
13076 	 -8.529
13078 	 -8.487
13084 	 -8.607
13096 	 -7.805
13102 	 -7.708
13104 	 -7.642
13114 	 -7.728
13116 	 -7.705
13120 	 -7.429
13122 	 -7.438
13126 	 -7.417
13128 	 -7.458
13140 	 -7.339
13142 	 -7.346
13150 	 -7.281
13152 	 -7.114
13156 	 -7.133
13158 	 -7.312
13160 	 -7.228
13162 	 -7.117
13164 	 -7.216
13168 	 -7.146
13174 	 -7.504
13178 	 -7.796
13188 	 -8.277
13192 	 -8.39
13200 	 -8.291
13204 	 -8.277
13206 	 -7.992
13212 	 -7.998
13216 	 -7.912
13218 	 -8.005
13220 	 -7.918
13234 	 -8.113
13242 	 -7.84
13250 	 -6.876
13252 	 -6.833
13260 	 -6.738
13268 	 -6.787
13272 	 -6.595
13276 	 -6.573
13278 	 -6.753
13280 	 -6.223
13284 	 -6.217
13286 	 -6.12
13288 	 -5.786
13290 	 -5.76
13302 	 -5.742
13304 	 -5.244
13308 	 -5.169
13322 	 -4.9
13324 	 -4.721
13328 	 -4.811
13336 	 -4.828
13338 	 -4.73
13342 	 -4.562
13344 	 -4.535
13346 	 -4.53
13350 	 -4.537
13352 	 -4.763
13360 	 -4.591
13366 	 -4.569
13368 	 -4.438
13370 	 -4.707
13374 	 -4.564
13378 	 -4.474
13390 	 -4.469
13402 	 -4.466
13416 	 -4.01
13420 	 -4.028
13424 	 -3.356
13430 	 -3.347
13436 	 -3.341
13446 	 -3.225
13448 	 -3.175
13458 	 -3.165
13460 	 -3.211
13462 	 -3.175
13466 	 -3.219
13468 	 -3.165
13470 	 -3.725
13484 	 -3.826
13486 	 -3.608
13496 	 -3.531
13508 	 -3.509
13514 	 -3.233
13516 	 -3.217
13520 	 -3.145
13526 	 -3.225
13532 	 -3.061
13536 	 -3.03
13540 	 -2.863
13544 	 -2.861
13560 	 -2.787
13562 	 -2.617
13566 	 -2.453
13570 	 -2.435
13576 	 -2.391
13582 	 -2.262
13586 	 -2.257
13592 	 -2.254
13600 	 -2.286
13612 	 -2.124
13616 	 -2.116
13622 	 -2.253
13632 	 -2.191
13634 	 -2.19
13638 	 -2.07
13648 	 -1.633
13650 	 -1.628
13660 	 -1.623
13664 	 -1.591
13670 	 -1.623
13680 	 -1.585
13684 	 -1.574
13690 	 -1.573
13700 	 -1.554
13706 	 -1.55
13708 	 -1.006
13714 	 -1.085
13730 	 -1.083
13732 	 -0.994
13760 	 -0.974
13772 	 -0.933
13778 	 -0.924
13780 	 -0.765
13794 	 -0.604
13818 	 -0.591
13822 	 -0.577
13838 	 -0.569
13846 	 -0.548
13854 	 -0.43
13864 	 -0.395
13888 	 -0.386
13896 	 -0.385
13898 	 -0.384
13904 	 -0.383
13912 	 -0.38
13920 	 -0.377
13930 	 -0.375
13942 	 -0.366
13946 	 -0.365
13960 	 -0.338
13964 	 -0.332
13978 	 -0.331
14010 	 -0.322
14036 	 -0.318
14048 	 -0.316
14058 	 -0.311
14078 	 -0.309
14090 	 -0.308
14146 	 -0.198
14168 	 -0.188
14212 	 -0.145
14236 	 -0.142
14264 	 -0.138
15000 	 -1.399
15024 	 -1.53
15050 	 -2.328
15078 	 -2.901
15112 	 -3.329
15158 	 -3.212
15162 	 -3.275
15174 	 -3.203
15186 	 -2.366
15216 	 -2.985
15232 	 -2.809
15238 	 -3.003
15262 	 -1.511
15268 	 -1.253
15282 	 -0.857
15298 	 -0.336
15346 	 -0.258
15352 	 -0.257
15400 	 -0.038
15470 	 -0.033
15568 	 -0.03
15660 	 -0.021
15904 	 -0.013
18000 	 -2.128
18020 	 -2.227
18042 	 -2.675
18064 	 -2.732
18088 	 -2.097
18120 	 -1.43
18154 	 -2.368
18180 	 -2.104
18190 	 -2.487
18234 	 -3.554
18252 	 -3.53
18270 	 -2.561
18278 	 -2.498
18286 	 -2.357
18296 	 -2.177
18316 	 -2.222
18336 	 -1.871
18342 	 -1.82
18348 	 -1.229
18360 	 -0.338
18402 	 -0.11
18552 	 -0.012
19002 	 0
21000 	 -1.44
21001 	 -1.44
