0 	 0
3000 	 -1.376
3024 	 -1.496
3050 	 -1.88
3062 	 -2.472
3078 	 -3.176
3112 	 -3.62
3158 	 -3.808
3164 	 -3.728
3186 	 -2.828
3198 	 -2.688
3216 	 -1.912
3232 	 -1.736
3238 	 -1.364
3262 	 -0.608
3296 	 -0.264
3400 	 -0.024
3636 	 -0.008
3904 	 0
6000 	 -2.478
6020 	 -2.638
6042 	 -3.286
6064 	 -3.582
6088 	 -3.11
6120 	 -2.686
6138 	 -2.872
6154 	 -3.312
6180 	 -3.048
6190 	 -3.516
6198 	 -3.5
6234 	 -3.9
6284 	 -4.203
6296 	 -4.179
6346 	 -4.159
6360 	 -2.871
6374 	 -2.271
6376 	 -1.719
6424 	 -1.319
6444 	 -0.761
6504 	 -0.637
6506 	 -0.613
6552 	 -0.501
6634 	 -0.359
6704 	 -0.331
6710 	 -0.307
6726 	 -0.295
6728 	 -0.267
6782 	 -0.263
6894 	 -0.165
6990 	 -0.145
6994 	 -0.125
7002 	 -0.093
7272 	 -0.089
7278 	 -0.085
7290 	 -0.073
7324 	 -0.025
9000 	 -1.433
9024 	 -1.537
9050 	 -2.497
9078 	 -3.177
9112 	 -3.761
9158 	 -3.713
9162 	 -3.797
9174 	 -3.705
9186 	 -2.857
9216 	 -3.589
9232 	 -3.413
9238 	 -3.801
9262 	 -1.973
9268 	 -1.305
9298 	 -0.417
9304 	 -0.413
9306 	 -0.409
9334 	 -0.277
9400 	 -0.025
9660 	 -0.009
9904 	 -0.001
12000 	 -2.952
12002 	 -2.714
12004 	 -2.996
12006 	 -3.375
12008 	 -4.63
12010 	 -6.001
12012 	 -6.644
12016 	 -6.904
12018 	 -6.996
12020 	 -7.442
12030 	 -7.51
12032 	 -7.442
12034 	 -7.559
12040 	 -7.753
12042 	 -8.229
12062 	 -8.66
12064 	 -8.712
12070 	 -9.071
12072 	 -9.113
12088 	 -8.501
12090 	 -8.642
12100 	 -8.699
12114 	 -8.84
12120 	 -8.18
12130 	 -7.985
12148 	 -8.3
12154 	 -9.336
12156 	 -9.395
12164 	 -9.301
12176 	 -9.116
12178 	 -9.392
12180 	 -9.128
12182 	 -9.658
12184 	 -9.51
12186 	 -9.694
12190 	 -10.01
12192 	 -9.953
12200 	 -9.582
12204 	 -9.924
12208 	 -10.102
12210 	 -10.145
12212 	 -11.189
12218 	 -11.164
12220 	 -11.206
12222 	 -10.992
12224 	 -10.958
12226 	 -11.948
12228 	 -12.035
12230 	 -11.886
12234 	 -13.234
12236 	 -13.097
12240 	 -13.1
12248 	 -13.091
12252 	 -12.336
12254 	 -12.191
12260 	 -11.874
12264 	 -11.763
12266 	 -11.566
12272 	 -11.54
12274 	 -10.288
12276 	 -10.349
12282 	 -9.914
12286 	 -10.033
12288 	 -9.945
12290 	 -9.673
12296 	 -9.77
12298 	 -9.751
12300 	 -9.895
12304 	 -9.581
12308 	 -9.485
12320 	 -9.444
12322 	 -9.474
12324 	 -8.87
12330 	 -8.862
12332 	 -8.894
12334 	 -8.821
12338 	 -8.569
12342 	 -8.538
12344 	 -7.742
12348 	 -7.804
12358 	 -7.22
12360 	 -6.268
12380 	 -6.261
12382 	 -6.253
12386 	 -5.814
12400 	 -5.702
12404 	 -5.43
12406 	 -5.4
12412 	 -5.089
12420 	 -4.994
12426 	 -4.97
12430 	 -4.903
12432 	 -4.812
12437 	 -5.032
12438 	 -4.869
12448 	 -4.762
12456 	 -4.424
12466 	 -4.39
12470 	 -4.389
12476 	 -4.727
12480 	 -4.561
12486 	 -4.538
12492 	 -4.51
12496 	 -4.524
12508 	 -4.515
12510 	 -4.413
12516 	 -4.512
12532 	 -4.503
12536 	 -4.432
12538 	 -4.392
12540 	 -4.478
12542 	 -4.471
12550 	 -4.319
12552 	 -4.199
12562 	 -4.267
12574 	 -5.339
12580 	 -5.341
12586 	 -5.278
12592 	 -5.141
12594 	 -5.442
12598 	 -5.423
12604 	 -5.413
12606 	 -5.342
12610 	 -5.863
12618 	 -5.989
12624 	 -5.983
12632 	 -6.001
12636 	 -6.189
12638 	 -6.078
12640 	 -6.034
12648 	 -6.23
12664 	 -6.11
12672 	 -5.554
12676 	 -5.661
12688 	 -5.567
12694 	 -5.543
12702 	 -5.541
12712 	 -5.181
12732 	 -5.175
12748 	 -5.158
12768 	 -5.266
12770 	 -5.466
12782 	 -5.599
12796 	 -5.587
12802 	 -5.607
12814 	 -5.605
12826 	 -5.634
12828 	 -5.606
12840 	 -5.51
12844 	 -5.788
12868 	 -5.754
12872 	 -5.752
12874 	 -6.742
12882 	 -6.708
12886 	 -7.08
12896 	 -7.077
12902 	 -7.225
12904 	 -7.3
12906 	 -7.286
12908 	 -7.379
12916 	 -7.305
12920 	 -7.207
12924 	 -7.418
12928 	 -7.127
12936 	 -7.324
12938 	 -7.731
12942 	 -7.444
12964 	 -6.909
12966 	 -7.032
12970 	 -7.025
12972 	 -7.072
12976 	 -6.467
12982 	 -6.454
12984 	 -6.496
12990 	 -6.544
12996 	 -6.576
12998 	 -6.316
13000 	 -6.209
13002 	 -6.195
13008 	 -6.072
13010 	 -6.026
13012 	 -6.038
13014 	 -6.038
13016 	 -5.937
13018 	 -6.002
13022 	 -5.956
13036 	 -5.955
13038 	 -6.029
13042 	 -5.979
13044 	 -6.001
13046 	 -5.802
13052 	 -5.766
13062 	 -5.56
13070 	 -5.55
13074 	 -5.461
13080 	 -5.721
13082 	 -5.719
13086 	 -5.619
13088 	 -5.602
13092 	 -5.766
13096 	 -5.629
13098 	 -5.773
13104 	 -5.757
13106 	 -5.766
13108 	 -6.076
13110 	 -5.966
13114 	 -5.94
13122 	 -5.806
13124 	 -6.088
13140 	 -6.196
13144 	 -6.093
13150 	 -6.205
13154 	 -6.44
13156 	 -6.418
13164 	 -6.404
13166 	 -6.201
13168 	 -6.131
13176 	 -6.183
13196 	 -6.191
13198 	 -6.234
13200 	 -6.197
13206 	 -5.789
13214 	 -5.772
13220 	 -5.775
13222 	 -5.67
13224 	 -5.669
13234 	 -5.667
13238 	 -5.547
13244 	 -5.19
13250 	 -4.243
13282 	 -3.922
13298 	 -4.095
13302 	 -4.042
13314 	 -4.11
13320 	 -4.168
13324 	 -4.08
13328 	 -3.922
13334 	 -4.069
13344 	 -4.067
13346 	 -4.062
13350 	 -4.177
13352 	 -4.152
13354 	 -4.298
13356 	 -4.267
13358 	 -4.404
13360 	 -4.359
13364 	 -4.241
13386 	 -4.24
13390 	 -4.212
13392 	 -4.275
13402 	 -4.264
13410 	 -4.269
13424 	 -3.97
13432 	 -3.962
13434 	 -3.929
13438 	 -3.923
13458 	 -3.977
13466 	 -3.953
13474 	 -3.975
13476 	 -3.795
13482 	 -3.717
13494 	 -3.557
13506 	 -3.564
13508 	 -3.542
13510 	 -3.538
13516 	 -3.842
13520 	 -3.749
13538 	 -3.641
13550 	 -3.557
13554 	 -3.7
13560 	 -3.171
13584 	 -3.288
13590 	 -3.408
13598 	 -3.381
13612 	 -3.372
13624 	 -3.414
13634 	 -3.413
13638 	 -3.12
13648 	 -3.081
13650 	 -3.076
13654 	 -3.074
13656 	 -3.092
13658 	 -3.158
13662 	 -3.158
13666 	 -3.147
13668 	 -3.132
13672 	 -3.109
13688 	 -2.936
13690 	 -2.927
13692 	 -2.907
13702 	 -2.958
13706 	 -3.038
13710 	 -2.976
13712 	 -3.009
13728 	 -2.99
13732 	 -3.266
13746 	 -3.072
13756 	 -2.812
13760 	 -2.796
13764 	 -2.8
13766 	 -2.65
13768 	 -2.63
13776 	 -2.616
13780 	 -2.457
13796 	 -2.41
13798 	 -2.346
13804 	 -2.113
13814 	 -2.051
13816 	 -1.978
13818 	 -2.064
13822 	 -2.038
13832 	 -1.964
13850 	 -1.741
13854 	 -1.83
13858 	 -1.786
13860 	 -1.737
13864 	 -1.702
13870 	 -2.117
13874 	 -2.074
13884 	 -2.352
13890 	 -2.342
13894 	 -2.322
13898 	 -2.61
13916 	 -2.576
13926 	 -2.54
13928 	 -2.524
13942 	 -2.507
13946 	 -2.506
13958 	 -2.786
13970 	 -3.025
13976 	 -3.157
13978 	 -3.156
13982 	 -3.14
13994 	 -2.964
14000 	 -3.1
14002 	 -3.169
14008 	 -3.218
14040 	 -1.767
14044 	 -2.091
14056 	 -2.021
14058 	 -1.655
14072 	 -1.678
14086 	 -2.129
14088 	 -2.048
14092 	 -2.419
14096 	 -2.453
14100 	 -2.502
14104 	 -2.377
14106 	 -2.549
14126 	 -2.442
14144 	 -2.423
14146 	 -1.781
14148 	 -1.78
14150 	 -2.092
14158 	 -1.969
14162 	 -2.419
14182 	 -2.411
14184 	 -2.234
14188 	 -2.098
14206 	 -2.094
14208 	 -1.762
14210 	 -1.745
14216 	 -1.563
14224 	 -1.443
14236 	 -1.44
14238 	 -1.358
14242 	 -1.238
14252 	 -1.111
14274 	 -1.207
14278 	 -1.202
14296 	 -1.166
14298 	 -0.97
14308 	 -0.965
14320 	 -0.96
14326 	 -0.956
14328 	 -0.853
14332 	 -0.846
14336 	 -0.964
14350 	 -0.973
14368 	 -0.934
14380 	 -0.997
14390 	 -0.748
14422 	 -0.676
14432 	 -0.566
14450 	 -0.533
14454 	 -0.532
14468 	 -0.385
14476 	 -0.375
14494 	 -0.293
14504 	 -0.268
14516 	 -0.251
14524 	 -0.194
14528 	 -0.192
14572 	 -0.19
14650 	 -0.177
14674 	 -0.166
14684 	 -0.158
14708 	 -0.152
15000 	 -1.4
15024 	 -1.544
15050 	 -2.181
15078 	 -2.634
15112 	 -2.879
15158 	 -2.951
15162 	 -2.993
15174 	 -2.945
15186 	 -2.5
15216 	 -2.706
15232 	 -2.53
15238 	 -2.658
15262 	 -2.281
15268 	 -2.108
15282 	 -1.844
15298 	 -1.497
15308 	 -1.515
15310 	 -1.555
15334 	 -1.703
15336 	 -2.002
15346 	 -1.95
15352 	 -1.949
15354 	 -2.033
15356 	 -2.203
15372 	 -2.006
15374 	 -1.626
15380 	 -1.625
15400 	 -1.06
15422 	 -0.811
15456 	 -0.549
15460 	 -0.403
15470 	 -0.399
15486 	 -0.209
15492 	 -0.138
15558 	 -0.068
15568 	 -0.065
15574 	 -0.036
15660 	 -0.03
15864 	 -0.022
15904 	 -0.014
15916 	 -0.011
15948 	 -0.01
15978 	 -0.009
16452 	 -0.008
18000 	 -2.128
18020 	 -2.245
18042 	 -2.757
18064 	 -2.891
18088 	 -2.353
18120 	 -1.825
18154 	 -2.664
18180 	 -2.4
18190 	 -2.991
18234 	 -3.922
18252 	 -3.906
18262 	 -3.626
18270 	 -2.98
18278 	 -2.938
18286 	 -2.844
18296 	 -3.748
18316 	 -3.778
18328 	 -4.144
18336 	 -3.91
18342 	 -3.966
18348 	 -3.572
18360 	 -3.131
18368 	 -2.672
18384 	 -2.693
18402 	 -2.004
18420 	 -1.053
18426 	 -0.921
18434 	 -0.744
18448 	 -0.234
18472 	 -0.189
18552 	 -0.02
18864 	 -0.008
19002 	 0
21000 	 -1.44
21001 	 -1.44
