0 	 0
3000 	 -1.376
3024 	 -1.496
3050 	 -1.88
3062 	 -2.472
3078 	 -3.176
3112 	 -3.62
3158 	 -3.808
3164 	 -3.728
3186 	 -2.828
3198 	 -2.688
3216 	 -1.912
3232 	 -1.736
3238 	 -1.364
3262 	 -0.608
3296 	 -0.264
3400 	 -0.024
3636 	 -0.008
3904 	 0
6000 	 -2.478
6020 	 -2.638
6042 	 -3.286
6064 	 -3.582
6088 	 -3.11
6120 	 -2.686
6138 	 -2.872
6154 	 -3.312
6180 	 -3.048
6190 	 -3.516
6198 	 -3.5
6234 	 -3.9
6284 	 -4.203
6296 	 -4.179
6346 	 -4.159
6360 	 -2.871
6374 	 -2.271
6376 	 -1.719
6424 	 -1.319
6444 	 -0.761
6504 	 -0.637
6506 	 -0.613
6552 	 -0.501
6634 	 -0.359
6704 	 -0.331
6710 	 -0.307
6726 	 -0.295
6728 	 -0.267
6782 	 -0.263
6894 	 -0.165
6990 	 -0.145
6994 	 -0.125
7002 	 -0.093
7272 	 -0.089
7278 	 -0.085
7290 	 -0.073
7324 	 -0.025
9000 	 -1.433
9024 	 -1.537
9050 	 -2.497
9078 	 -3.177
9112 	 -3.761
9158 	 -3.713
9162 	 -3.797
9174 	 -3.705
9186 	 -2.857
9216 	 -3.589
9232 	 -3.413
9238 	 -3.801
9262 	 -1.973
9268 	 -1.305
9298 	 -0.417
9304 	 -0.413
9306 	 -0.409
9334 	 -0.277
9400 	 -0.025
9660 	 -0.009
9904 	 -0.001
12000 	 -2.966
12002 	 -2.783
12004 	 -3.465
12006 	 -4.055
12008 	 -5.41
12010 	 -6.349
12012 	 -6.979
12016 	 -7.107
12018 	 -7.153
12020 	 -7.593
12030 	 -7.661
12032 	 -7.43
12034 	 -7.481
12040 	 -7.616
12042 	 -8.092
12048 	 -7.879
12062 	 -8.034
12064 	 -8.11
12070 	 -8.148
12072 	 -8.19
12086 	 -8.415
12088 	 -7.803
12090 	 -7.834
12100 	 -7.997
12102 	 -7.929
12120 	 -7.21
12130 	 -7.004
12132 	 -7.34
12148 	 -7.655
12152 	 -7.792
12154 	 -8.828
12156 	 -8.591
12160 	 -8.949
12162 	 -9.376
12176 	 -9.566
12178 	 -9.946
12180 	 -9.592
12182 	 -10
12188 	 -10.128
12190 	 -10.444
12198 	 -10.394
12200 	 -10.516
12206 	 -10.612
12212 	 -11.656
12222 	 -11.549
12226 	 -12.761
12230 	 -12.856
12234 	 -14.204
12236 	 -14.16
12242 	 -14.227
12246 	 -14.609
12252 	 -13.893
12254 	 -13.792
12256 	 -13.757
12260 	 -13.44
12266 	 -13.738
12272 	 -13.737
12274 	 -12.485
12276 	 -12.673
12278 	 -12.752
12282 	 -12.595
12284 	 -12.384
12286 	 -12.503
12290 	 -12.231
12292 	 -12.286
12296 	 -12.383
12298 	 -12.412
12300 	 -12.556
12304 	 -12.512
12308 	 -12.497
12310 	 -12.652
12314 	 -12.37
12324 	 -11.766
12328 	 -11.928
12332 	 -11.96
12334 	 -11.718
12338 	 -11.466
12344 	 -10.67
12350 	 -10.661
12352 	 -10.793
12354 	 -10.697
12358 	 -10.066
12360 	 -8.979
12366 	 -9.006
12368 	 -8.978
12370 	 -8.893
12376 	 -8.792
12380 	 -8.795
12382 	 -8.677
12384 	 -8.24
12386 	 -8.198
12392 	 -8.16
12398 	 -8.185
12400 	 -8.073
12402 	 -8.057
12404 	 -7.707
12410 	 -7.752
12412 	 -7.441
12420 	 -7.346
12426 	 -7.322
12430 	 -7.255
12432 	 -7.108
12438 	 -6.648
12448 	 -6.541
12456 	 -6.357
12464 	 -6.308
12466 	 -6.212
12470 	 -6.211
12474 	 -6.189
12476 	 -6.383
12480 	 -6.217
12486 	 -6.193
12492 	 -6.165
12502 	 -6.146
12508 	 -6.161
12510 	 -6.314
12516 	 -6.19
12534 	 -6.534
12536 	 -6.541
12542 	 -6.522
12550 	 -6.618
12552 	 -6.498
12562 	 -6.545
12568 	 -6.481
12570 	 -6.883
12574 	 -8.16
12576 	 -8.156
12578 	 -8.129
12590 	 -8.099
12592 	 -7.856
12598 	 -7.837
12604 	 -7.822
12606 	 -7.751
12608 	 -7.749
12610 	 -7.667
12614 	 -7.468
12618 	 -7.371
12624 	 -7.358
12632 	 -7.376
12636 	 -7.13
12638 	 -7.019
12640 	 -6.962
12654 	 -7.131
12672 	 -7.101
12676 	 -7.045
12682 	 -7.168
12688 	 -7.175
12690 	 -7.123
12712 	 -6.001
12732 	 -5.995
12734 	 -5.965
12736 	 -6.063
12740 	 -6.039
12742 	 -6.035
12748 	 -6.018
12754 	 -5.969
12760 	 -5.833
12762 	 -5.825
12768 	 -5.938
12770 	 -5.932
12776 	 -5.922
12778 	 -5.626
12780 	 -5.571
12782 	 -5.562
12794 	 -5.568
12798 	 -6.057
12800 	 -6.048
12802 	 -6.009
12804 	 -6.098
12810 	 -6.05
12814 	 -6.705
12822 	 -6.675
12828 	 -6.64
12832 	 -6.875
12852 	 -6.678
12856 	 -7.128
12860 	 -7.096
12862 	 -6.992
12868 	 -6.958
12870 	 -6.757
12872 	 -6.745
12874 	 -6.482
12876 	 -6.679
12884 	 -6.708
12886 	 -6.249
12892 	 -6.305
12896 	 -6.341
12898 	 -6.324
12908 	 -6.096
12910 	 -5.956
12916 	 -5.882
12918 	 -5.611
12928 	 -5.388
12930 	 -5.489
12934 	 -5.55
12938 	 -5.612
12942 	 -5.488
12960 	 -5.431
12964 	 -5.2
12966 	 -5.359
12970 	 -5.354
12972 	 -5.349
12974 	 -5.33
12982 	 -5.249
12984 	 -4.774
12990 	 -4.764
12996 	 -4.77
13002 	 -4.756
13008 	 -4.713
13010 	 -4.728
13012 	 -4.71
13020 	 -4.708
13024 	 -4.639
13036 	 -4.638
13038 	 -4.705
13040 	 -4.728
13042 	 -4.688
13052 	 -4.652
13056 	 -4.547
13060 	 -5.012
13062 	 -5.087
13076 	 -5.145
13078 	 -5.277
13080 	 -5.271
13088 	 -5.244
13092 	 -5.23
13094 	 -5.286
13096 	 -5.149
13098 	 -5.118
13102 	 -5.165
13104 	 -5.199
13114 	 -5.113
13120 	 -5.158
13124 	 -4.87
13132 	 -4.879
13134 	 -4.825
13138 	 -4.803
13150 	 -4.737
13152 	 -4.725
13154 	 -4.579
13156 	 -4.555
13164 	 -4.345
13168 	 -4.275
13174 	 -4.264
13178 	 -4.077
13180 	 -3.73
13182 	 -3.729
13192 	 -3.711
13202 	 -3.658
13204 	 -3.363
13216 	 -3.304
13220 	 -3.295
13222 	 -3.361
13226 	 -3.458
13228 	 -3.426
13234 	 -3.424
13240 	 -3.351
13246 	 -3.328
13250 	 -2.395
13258 	 -2.393
13270 	 -2.579
13272 	 -2.517
13282 	 -2.682
13288 	 -2.918
13304 	 -2.883
13320 	 -2.872
13326 	 -2.857
13328 	 -2.813
13330 	 -2.801
13332 	 -2.916
13342 	 -2.882
13346 	 -2.877
13352 	 -2.894
13358 	 -2.922
13360 	 -3.009
13362 	 -3.051
13370 	 -3.082
13380 	 -3.118
13384 	 -3.226
13390 	 -3.262
13398 	 -3.233
13402 	 -3.221
13408 	 -3.15
13416 	 -3.001
13424 	 -2.511
13428 	 -2.387
13436 	 -2.362
13440 	 -2.355
13444 	 -2.269
13450 	 -2.193
13454 	 -2.192
13468 	 -2.323
13470 	 -2.308
13474 	 -2.295
13478 	 -2.294
13480 	 -2.272
13488 	 -2.444
13500 	 -2.432
13506 	 -2.368
13510 	 -2.356
13514 	 -2.561
13516 	 -2.511
13524 	 -2.596
13550 	 -2.595
13560 	 -2.583
13564 	 -2.58
13566 	 -2.569
13600 	 -2.492
13602 	 -2.476
13610 	 -2.431
13624 	 -2.406
13626 	 -2.403
13634 	 -2.402
13638 	 -2.282
13648 	 -2.175
13650 	 -2.183
13656 	 -2.21
13674 	 -2.143
13680 	 -2.196
13696 	 -2.18
13708 	 -2.179
13726 	 -2.178
13728 	 -2.49
13734 	 -2.508
13746 	 -2.598
13760 	 -2.578
13772 	 -2.657
13776 	 -2.985
13780 	 -2.826
13784 	 -2.825
13796 	 -2.838
13800 	 -2.868
13828 	 -2.863
13846 	 -2.162
13854 	 -2.044
13858 	 -2.076
13862 	 -2.044
13864 	 -2.009
13868 	 -1.985
13870 	 -2.042
13878 	 -2.04
13884 	 -2.077
13894 	 -2.15
13904 	 -2.222
13912 	 -2.323
13922 	 -2.469
13932 	 -2.486
13936 	 -2.436
13938 	 -2.546
13940 	 -2.567
13942 	 -2.558
13950 	 -2.555
13960 	 -2.572
13966 	 -2.569
13970 	 -2.549
13976 	 -2.578
13984 	 -2.568
13990 	 -2.642
14004 	 -2.508
14014 	 -2.683
14022 	 -2.612
14028 	 -2.601
14032 	 -2.713
14046 	 -2.695
14050 	 -2.456
14056 	 -2.455
14058 	 -2.45
14064 	 -2.272
14072 	 -2.103
14074 	 -2.102
14076 	 -2.183
14080 	 -2.182
14084 	 -2.098
14088 	 -2.026
14090 	 -1.99
14100 	 -1.928
14108 	 -1.854
14110 	 -1.837
14112 	 -1.624
14116 	 -1.607
14118 	 -1.635
14122 	 -1.57
14126 	 -1.543
14128 	 -1.503
14140 	 -1.358
14144 	 -1.328
14146 	 -1.218
14158 	 -1.027
14160 	 -0.855
14166 	 -0.84
14174 	 -0.83
14176 	 -0.743
14186 	 -0.724
14190 	 -0.674
14192 	 -0.641
14206 	 -0.433
14224 	 -0.428
14226 	 -0.418
14232 	 -0.367
14236 	 -0.364
14256 	 -0.346
14282 	 -0.33
14298 	 -0.271
14302 	 -0.243
14318 	 -0.233
14326 	 -0.232
14332 	 -0.202
14350 	 -0.201
14376 	 -0.196
14392 	 -0.194
14424 	 -0.172
14430 	 -0.167
14432 	 -0.165
14490 	 -0.162
14504 	 -0.158
14590 	 -0.154
15000 	 -1.412
15024 	 -1.57
15050 	 -2.32
15078 	 -2.908
15112 	 -3.344
15158 	 -3.397
15162 	 -3.438
15164 	 -3.428
15174 	 -3.381
15186 	 -2.74
15216 	 -3.27
15232 	 -3.094
15238 	 -3.325
15262 	 -2.337
15268 	 -2.069
15282 	 -1.672
15298 	 -1.152
15308 	 -1.171
15310 	 -1.191
15334 	 -1.335
15336 	 -1.485
15344 	 -1.457
15346 	 -1.405
15352 	 -1.404
15354 	 -1.504
15356 	 -1.589
15372 	 -1.412
15374 	 -1.217
15400 	 -0.734
15422 	 -0.568
15456 	 -0.436
15460 	 -0.297
15470 	 -0.289
15486 	 -0.195
15490 	 -0.108
15558 	 -0.076
15568 	 -0.073
15574 	 -0.044
15658 	 -0.041
15660 	 -0.035
15704 	 -0.034
15708 	 -0.028
15714 	 -0.027
15766 	 -0.025
15862 	 -0.024
15864 	 -0.023
15904 	 -0.015
15916 	 -0.012
16360 	 -0.011
16454 	 -0.01
18000 	 -2.128
18020 	 -2.245
18042 	 -2.757
18064 	 -2.894
18088 	 -2.339
18120 	 -1.764
18154 	 -2.864
18180 	 -2.6
18190 	 -3.253
18234 	 -4.518
18252 	 -4.494
18262 	 -4.307
18270 	 -3.338
18278 	 -3.275
18286 	 -3.134
18296 	 -3.669
18316 	 -3.714
18328 	 -3.958
18336 	 -3.607
18342 	 -3.616
18348 	 -3.025
18360 	 -2.268
18368 	 -1.962
18384 	 -1.976
18402 	 -1.39
18420 	 -0.756
18426 	 -0.668
18434 	 -0.55
18448 	 -0.21
18472 	 -0.18
18552 	 -0.02
18864 	 -0.012
19002 	 0
21000 	 -1.44
21001 	 -1.44
