0 	 0
3000 	 -1.376
3024 	 -1.496
3050 	 -1.88
3062 	 -2.472
3078 	 -3.176
3112 	 -3.62
3158 	 -3.808
3164 	 -3.728
3186 	 -2.828
3198 	 -2.688
3216 	 -1.912
3232 	 -1.736
3238 	 -1.364
3262 	 -0.608
3296 	 -0.264
3400 	 -0.024
3636 	 -0.008
3904 	 0
6000 	 -2.478
6020 	 -2.638
6042 	 -3.286
6064 	 -3.582
6088 	 -3.11
6120 	 -2.686
6138 	 -2.872
6154 	 -3.312
6180 	 -3.048
6190 	 -3.516
6198 	 -3.5
6234 	 -3.9
6284 	 -4.203
6296 	 -4.179
6346 	 -4.159
6360 	 -2.871
6374 	 -2.271
6376 	 -1.719
6424 	 -1.319
6444 	 -0.761
6504 	 -0.637
6506 	 -0.613
6552 	 -0.501
6634 	 -0.359
6704 	 -0.331
6710 	 -0.307
6726 	 -0.295
6728 	 -0.267
6782 	 -0.263
6894 	 -0.165
6990 	 -0.145
6994 	 -0.125
7002 	 -0.093
7272 	 -0.089
7278 	 -0.085
7290 	 -0.073
7324 	 -0.025
9000 	 -1.433
9024 	 -1.537
9050 	 -2.497
9078 	 -3.177
9112 	 -3.761
9158 	 -3.713
9162 	 -3.797
9174 	 -3.705
9186 	 -2.857
9216 	 -3.589
9232 	 -3.413
9238 	 -3.801
9262 	 -1.973
9268 	 -1.305
9298 	 -0.417
9304 	 -0.413
9306 	 -0.409
9334 	 -0.277
9400 	 -0.025
9660 	 -0.009
9904 	 -0.001
12000 	 -2.966
12002 	 -2.783
12004 	 -3.465
12006 	 -4.055
12008 	 -5.41
12010 	 -6.349
12012 	 -6.979
12016 	 -7.107
12018 	 -7.153
12020 	 -7.593
12030 	 -7.661
12032 	 -7.43
12034 	 -7.481
12040 	 -7.616
12042 	 -8.092
12048 	 -7.879
12062 	 -8.033
12064 	 -8.109
12070 	 -8.147
12072 	 -8.189
12086 	 -8.414
12088 	 -7.802
12090 	 -7.828
12100 	 -7.991
12102 	 -7.912
12120 	 -7.297
12130 	 -7.091
12132 	 -7.427
12148 	 -7.742
12152 	 -7.879
12154 	 -8.915
12156 	 -8.978
12160 	 -9.336
12162 	 -9.309
12166 	 -9.391
12176 	 -9.439
12178 	 -9.885
12180 	 -9.543
12182 	 -9.951
12184 	 -9.943
12188 	 -10.071
12190 	 -10.387
12198 	 -10.337
12200 	 -10.565
12206 	 -10.686
12212 	 -11.73
12222 	 -11.623
12226 	 -12.513
12230 	 -12.691
12234 	 -14.039
12236 	 -13.869
12242 	 -14.205
12246 	 -14.413
12252 	 -13.697
12254 	 -13.596
12256 	 -13.555
12258 	 -13.729
12260 	 -13.412
12264 	 -13.273
12266 	 -13.753
12272 	 -13.752
12274 	 -12.5
12276 	 -12.792
12282 	 -12.425
12286 	 -12.544
12288 	 -12.599
12290 	 -12.327
12296 	 -12.46
12300 	 -12.604
12304 	 -12.56
12308 	 -12.545
12310 	 -12.669
12314 	 -12.342
12324 	 -11.738
12328 	 -11.891
12332 	 -11.923
12334 	 -11.658
12338 	 -11.406
12344 	 -10.568
12350 	 -10.559
12352 	 -10.686
12354 	 -10.674
12356 	 -10.523
12358 	 -9.675
12360 	 -8.723
12368 	 -8.64
12376 	 -8.416
12380 	 -8.419
12382 	 -7.972
12386 	 -7.923
12388 	 -7.85
12392 	 -7.808
12398 	 -7.881
12400 	 -7.769
12402 	 -7.869
12404 	 -7.446
12412 	 -7.135
12420 	 -7.04
12426 	 -7.016
12430 	 -6.949
12432 	 -7.012
12438 	 -6.561
12448 	 -6.454
12456 	 -6.315
12464 	 -6.266
12466 	 -6.17
12470 	 -6.169
12476 	 -6.414
12478 	 -6.395
12480 	 -6.229
12492 	 -6.201
12502 	 -6.182
12508 	 -6.142
12510 	 -6.295
12516 	 -6.165
12534 	 -6.272
12536 	 -6.278
12542 	 -6.263
12550 	 -6.733
12552 	 -6.613
12554 	 -6.612
12562 	 -6.727
12564 	 -6.666
12570 	 -6.815
12574 	 -8.098
12576 	 -8.094
12578 	 -8.067
12584 	 -8.048
12586 	 -8.084
12590 	 -8.054
12592 	 -7.657
12598 	 -7.638
12602 	 -7.697
12604 	 -7.682
12606 	 -7.611
12610 	 -7.52
12614 	 -7.366
12618 	 -7.259
12624 	 -7.246
12632 	 -7.264
12634 	 -7.076
12638 	 -6.965
12640 	 -6.99
12650 	 -7.044
12654 	 -7.213
12664 	 -7.324
12672 	 -7.167
12688 	 -7.174
12700 	 -6.568
12704 	 -6.655
12712 	 -6.103
12724 	 -6.057
12732 	 -6.051
12734 	 -6.023
12736 	 -6.013
12742 	 -6.009
12748 	 -5.754
12768 	 -5.899
12770 	 -5.907
12776 	 -5.897
12780 	 -5.842
12788 	 -5.836
12794 	 -5.842
12802 	 -5.842
12804 	 -5.792
12808 	 -5.737
12814 	 -7.113
12822 	 -7.28
12826 	 -7.25
12828 	 -7.215
12842 	 -7.261
12846 	 -7.779
12848 	 -7.911
12856 	 -7.769
12868 	 -7.735
12870 	 -7.592
12874 	 -6.397
12878 	 -6.688
12880 	 -6.752
12882 	 -6.753
12886 	 -6.795
12890 	 -6.715
12896 	 -6.705
12900 	 -6.711
12912 	 -6.489
12916 	 -6.415
12918 	 -6.144
12924 	 -6.063
12928 	 -5.868
12934 	 -5.962
12936 	 -6.059
12942 	 -5.935
12950 	 -5.815
12956 	 -5.651
12960 	 -5.787
12962 	 -5.802
12964 	 -5.685
12966 	 -5.889
12970 	 -5.884
12980 	 -5.881
12982 	 -5.792
12984 	 -5.526
12986 	 -5.314
12990 	 -5.311
12994 	 -5.084
12996 	 -5.022
13002 	 -5.026
13010 	 -5.041
13012 	 -5.023
13014 	 -5.061
13024 	 -5.064
13028 	 -5.155
13030 	 -5.09
13032 	 -5.094
13036 	 -5.093
13040 	 -5.02
13042 	 -4.98
13048 	 -5.635
13050 	 -5.986
13052 	 -5.95
13054 	 -5.731
13062 	 -5.83
13072 	 -5.727
13074 	 -5.741
13080 	 -5.735
13084 	 -5.657
13088 	 -5.732
13096 	 -5.595
13098 	 -5.642
13104 	 -5.722
13110 	 -5.514
13114 	 -5.365
13120 	 -5.389
13126 	 -5.263
13128 	 -5.289
13140 	 -5.153
13150 	 -5.087
13154 	 -4.916
13164 	 -4.81
13166 	 -4.788
13168 	 -4.718
13174 	 -4.707
13182 	 -4.706
13190 	 -4.669
13192 	 -3.488
13196 	 -3.735
13202 	 -3.717
13206 	 -3.754
13208 	 -3.73
13214 	 -3.945
13220 	 -3.936
13234 	 -3.904
13244 	 -3.913
13250 	 -2.828
13258 	 -2.85
13276 	 -2.841
13284 	 -3.02
13292 	 -3.076
13296 	 -3.174
13308 	 -3.223
13324 	 -3.398
13326 	 -3.386
13328 	 -3.326
13338 	 -3.321
13342 	 -3.345
13346 	 -3.34
13352 	 -3.315
13360 	 -3.313
13368 	 -3.416
13384 	 -3.853
13390 	 -3.882
13402 	 -3.846
13408 	 -3.718
13420 	 -3.569
13424 	 -3.621
13436 	 -3.452
13440 	 -3.417
13450 	 -3.341
13454 	 -3.34
13460 	 -3.308
13466 	 -3.213
13474 	 -3.2
13480 	 -3.113
13482 	 -3.11
13492 	 -3.113
13498 	 -3.013
13500 	 -2.989
13504 	 -2.988
13506 	 -2.963
13514 	 -3.006
13516 	 -2.974
13522 	 -2.988
13544 	 -2.835
13550 	 -2.819
13554 	 -2.817
13564 	 -2.774
13566 	 -2.762
13574 	 -2.772
13578 	 -2.846
13584 	 -2.79
13588 	 -2.776
13604 	 -2.744
13606 	 -2.796
13610 	 -2.74
13612 	 -2.702
13614 	 -2.833
13624 	 -2.859
13634 	 -2.858
13638 	 -2.738
13644 	 -2.73
13648 	 -2.676
13650 	 -2.671
13652 	 -2.748
13654 	 -2.819
13656 	 -2.789
13694 	 -2.711
13696 	 -2.57
13708 	 -2.702
13710 	 -2.653
13718 	 -2.618
13720 	 -2.605
13726 	 -2.604
13730 	 -2.509
13732 	 -2.495
13744 	 -2.487
13760 	 -2.527
13762 	 -2.589
13764 	 -2.756
13766 	 -2.749
13772 	 -2.816
13774 	 -2.969
13780 	 -2.81
13798 	 -2.69
13808 	 -2.717
13814 	 -2.787
13816 	 -2.69
13826 	 -2.688
13830 	 -2.512
13832 	 -2.511
13834 	 -2.504
13842 	 -2.498
13846 	 -2.474
13848 	 -2.442
13854 	 -2.324
13860 	 -2.301
13862 	 -2.176
13864 	 -2.141
13876 	 -2.14
13878 	 -2.009
13880 	 -1.993
13888 	 -1.967
13902 	 -2.026
13904 	 -2.023
13908 	 -2.013
13910 	 -1.984
13922 	 -2.09
13942 	 -2.036
13952 	 -2.105
13962 	 -2.102
13964 	 -2.124
13966 	 -2.122
13968 	 -2.117
13976 	 -2.191
13984 	 -2.183
13992 	 -2.18
14000 	 -2.095
14006 	 -1.859
14008 	 -1.84
14012 	 -1.83
14016 	 -1.638
14022 	 -1.624
14034 	 -1.614
14038 	 -1.564
14054 	 -1.43
14058 	 -1.425
14060 	 -1.402
14062 	 -1.246
14066 	 -1.144
14074 	 -1.143
14076 	 -1.142
14082 	 -1.106
14084 	 -1.044
14086 	 -1.078
14092 	 -1.075
14096 	 -1.062
14100 	 -1.058
14102 	 -1.036
14122 	 -1.01
14136 	 -0.918
14138 	 -0.906
14142 	 -0.893
14144 	 -0.86
14146 	 -0.75
14164 	 -0.827
14204 	 -0.646
14210 	 -0.615
14222 	 -0.613
14224 	 -0.611
14236 	 -0.574
14248 	 -0.427
14258 	 -0.426
14268 	 -0.364
14270 	 -0.34
14284 	 -0.329
14300 	 -0.282
14306 	 -0.251
14308 	 -0.246
14320 	 -0.203
14336 	 -0.19
14346 	 -0.189
14370 	 -0.18
14396 	 -0.174
14432 	 -0.169
14478 	 -0.16
14556 	 -0.142
14666 	 -0.141
15000 	 -1.402
15024 	 -1.542
15050 	 -2.323
15078 	 -2.901
15112 	 -3.343
15158 	 -3.372
15162 	 -3.433
15174 	 -3.362
15186 	 -2.733
15216 	 -3.268
15232 	 -3.092
15238 	 -3.319
15262 	 -2.324
15268 	 -2.065
15282 	 -1.668
15298 	 -1.148
15310 	 -1.19
15336 	 -1.488
15346 	 -1.41
15352 	 -1.409
15356 	 -1.579
15374 	 -1.199
15400 	 -0.726
15422 	 -0.566
15456 	 -0.304
15470 	 -0.299
15486 	 -0.109
15558 	 -0.039
15568 	 -0.036
15660 	 -0.027
15710 	 -0.026
15714 	 -0.025
15864 	 -0.017
15904 	 -0.009
16332 	 -0.008
18000 	 -2.128
18020 	 -2.245
18042 	 -2.757
18064 	 -2.894
18088 	 -2.339
18120 	 -1.764
18154 	 -2.864
18180 	 -2.6
18190 	 -3.253
18234 	 -4.518
18252 	 -4.494
18262 	 -4.308
18270 	 -3.339
18278 	 -3.276
18286 	 -3.135
18296 	 -3.669
18316 	 -3.714
18328 	 -3.958
18336 	 -3.607
18342 	 -3.616
18348 	 -3.025
18360 	 -2.268
18368 	 -1.962
18384 	 -1.976
18402 	 -1.39
18420 	 -0.756
18426 	 -0.668
18434 	 -0.55
18448 	 -0.21
18472 	 -0.18
18552 	 -0.02
18864 	 -0.012
19002 	 0
21000 	 -1.44
21001 	 -1.44
