0 	 0
3000 	 -1.376
3024 	 -1.496
3050 	 -1.88
3062 	 -2.472
3078 	 -3.176
3112 	 -3.62
3158 	 -3.808
3164 	 -3.728
3186 	 -2.828
3198 	 -2.688
3216 	 -1.912
3232 	 -1.736
3238 	 -1.364
3262 	 -0.608
3296 	 -0.264
3400 	 -0.024
3636 	 -0.008
3904 	 0
6000 	 -2.478
6020 	 -2.638
6042 	 -3.286
6064 	 -3.582
6088 	 -3.11
6120 	 -2.686
6138 	 -2.872
6154 	 -3.312
6180 	 -3.048
6190 	 -3.516
6198 	 -3.5
6234 	 -3.9
6284 	 -4.203
6296 	 -4.179
6346 	 -4.159
6360 	 -2.871
6374 	 -2.271
6376 	 -1.719
6424 	 -1.319
6444 	 -0.761
6504 	 -0.637
6506 	 -0.613
6552 	 -0.501
6634 	 -0.359
6704 	 -0.331
6710 	 -0.307
6726 	 -0.295
6728 	 -0.267
6782 	 -0.263
6894 	 -0.165
6990 	 -0.145
6994 	 -0.125
7002 	 -0.093
7272 	 -0.089
7278 	 -0.085
7290 	 -0.073
7324 	 -0.025
9000 	 -1.433
9024 	 -1.537
9050 	 -2.497
9078 	 -3.177
9112 	 -3.761
9158 	 -3.713
9162 	 -3.797
9174 	 -3.705
9186 	 -2.857
9216 	 -3.589
9232 	 -3.413
9238 	 -3.801
9262 	 -1.973
9268 	 -1.305
9298 	 -0.417
9304 	 -0.413
9306 	 -0.409
9334 	 -0.277
9400 	 -0.025
9660 	 -0.009
9904 	 -0.001
12000 	 -2.98
12002 	 -2.852
12004 	 -3.923
12006 	 -4.844
12008 	 -5.86
12010 	 -6.498
12012 	 -6.906
12016 	 -6.971
12020 	 -7.307
12028 	 -7.441
12032 	 -7.058
12040 	 -6.935
12042 	 -7.411
12048 	 -6.945
12054 	 -6.456
12064 	 -6.556
12070 	 -6.331
12074 	 -5.852
12086 	 -6.117
12088 	 -5.505
12100 	 -5.488
12102 	 -5.112
12120 	 -4.584
12130 	 -4.378
12132 	 -4.698
12140 	 -4.963
12154 	 -6.131
12160 	 -6.489
12162 	 -6.435
12164 	 -6.325
12178 	 -6.374
12180 	 -6.309
12186 	 -6.301
12190 	 -6.617
12198 	 -6.588
12200 	 -6.714
12212 	 -7.758
12228 	 -7.903
12230 	 -8.118
12234 	 -9.466
12236 	 -9.109
12246 	 -9.383
12252 	 -8.667
12254 	 -8.566
12256 	 -8.549
12260 	 -8.531
12272 	 -8.53
12274 	 -7.278
12276 	 -7.126
12282 	 -6.969
12290 	 -6.697
12296 	 -7.003
12304 	 -6.959
12310 	 -7.36
12314 	 -7.313
12324 	 -6.709
12328 	 -6.842
12332 	 -6.874
12334 	 -7.002
12338 	 -6.75
12344 	 -5.954
12350 	 -5.926
12352 	 -6.275
12354 	 -6.263
12358 	 -6.196
12360 	 -5.244
12376 	 -5.143
12380 	 -5.213
12382 	 -5.407
12386 	 -5.335
12392 	 -5.293
12404 	 -4.943
12406 	 -5.106
12408 	 -5.093
12412 	 -5.162
12420 	 -5.151
12436 	 -5.558
12438 	 -5.109
12444 	 -5.183
12452 	 -5.41
12460 	 -5.327
12464 	 -5.278
12466 	 -5.94
12472 	 -5.795
12480 	 -5.981
12494 	 -5.942
12496 	 -6.01
12500 	 -5.97
12502 	 -5.963
12508 	 -5.621
12516 	 -5.571
12520 	 -6.047
12526 	 -6.071
12538 	 -6.044
12546 	 -6.297
12550 	 -6.076
12552 	 -5.956
12554 	 -6.056
12564 	 -6.224
12570 	 -6.49
12576 	 -6.486
12578 	 -6.585
12586 	 -6.952
12590 	 -6.911
12594 	 -7.05
12604 	 -7.045
12608 	 -6.161
12612 	 -6.263
12614 	 -6.241
12618 	 -6.198
12624 	 -6.185
12626 	 -6.366
12630 	 -6.931
12632 	 -6.917
12638 	 -6.913
12640 	 -6.687
12646 	 -6.044
12650 	 -6.287
12656 	 -6.229
12660 	 -6.19
12662 	 -6.077
12670 	 -6.343
12672 	 -6.324
12690 	 -6.494
12696 	 -6.372
12700 	 -6.341
12706 	 -6.569
12710 	 -6.565
12714 	 -6.415
12718 	 -6.511
12742 	 -6.605
12758 	 -6.603
12768 	 -6.645
12770 	 -6.878
12776 	 -6.868
12778 	 -6.96
12786 	 -7.072
12802 	 -7.05
12804 	 -6.9
12806 	 -7.148
12810 	 -7.118
12814 	 -7.24
12816 	 -7.204
12824 	 -7.403
12836 	 -7.758
12838 	 -7.762
12842 	 -7.635
12848 	 -8.246
12854 	 -8.221
12856 	 -8.556
12860 	 -8.813
12864 	 -8.801
12874 	 -8.755
12884 	 -8.722
12896 	 -8.874
12908 	 -9.197
12912 	 -9.285
12914 	 -9.356
12920 	 -9.266
12922 	 -9.26
12924 	 -9.734
12932 	 -9.734
12934 	 -9.737
12942 	 -9.563
12952 	 -9.479
12954 	 -9.412
12962 	 -9.742
12966 	 -9.259
12968 	 -9.129
12970 	 -9.041
12972 	 -9.384
12974 	 -9.405
12976 	 -9.422
12990 	 -9.419
12994 	 -9.446
12996 	 -9.365
13004 	 -9.425
13008 	 -9.411
13010 	 -9.314
13012 	 -9.224
13018 	 -8.974
13022 	 -8.915
13028 	 -8.874
13030 	 -8.777
13032 	 -8.768
13044 	 -9.181
13046 	 -9.229
13048 	 -9.283
13050 	 -9.308
13052 	 -8.747
13056 	 -8.705
13060 	 -8.65
13062 	 -8.701
13068 	 -8.61
13078 	 -8.895
13080 	 -8.56
13082 	 -8.611
13084 	 -8.433
13092 	 -8.185
13094 	 -7.983
13100 	 -7.901
13102 	 -7.896
13104 	 -7.955
13106 	 -7.782
13110 	 -7.753
13114 	 -7.796
13118 	 -7.479
13122 	 -7.519
13124 	 -7.539
13126 	 -7.594
13134 	 -7.651
13138 	 -7.488
13140 	 -7.366
13142 	 -7.46
13144 	 -7.453
13152 	 -7.506
13156 	 -7.49
13160 	 -7.532
13166 	 -7.495
13176 	 -7.289
13182 	 -7.297
13188 	 -7.278
13204 	 -7.001
13206 	 -6.46
13214 	 -6.209
13226 	 -6.181
13230 	 -6.177
13238 	 -5.995
13248 	 -5.435
13258 	 -5.434
13268 	 -5.375
13274 	 -5.569
13290 	 -5.552
13302 	 -5.89
13310 	 -5.956
13316 	 -5.99
13318 	 -5.988
13328 	 -5.736
13340 	 -5.342
13346 	 -5.374
13348 	 -5.475
13370 	 -5.466
13372 	 -5.454
13374 	 -5.46
13388 	 -5.454
13394 	 -5.451
13396 	 -5.428
13408 	 -5.319
13414 	 -5.302
13424 	 -5.279
13426 	 -5.265
13432 	 -5.298
13436 	 -5.296
13438 	 -5.096
13442 	 -4.919
13450 	 -4.914
13454 	 -4.913
13456 	 -4.897
13468 	 -4.862
13486 	 -5.152
13490 	 -5.142
13494 	 -5.113
13504 	 -5.098
13510 	 -5.229
13512 	 -5.169
13514 	 -5.16
13532 	 -5.141
13538 	 -5.013
13542 	 -4.881
13546 	 -4.631
13556 	 -4.605
13564 	 -4.598
13566 	 -4.488
13572 	 -4.475
13576 	 -4.467
13578 	 -4.458
13580 	 -4.457
13592 	 -4.388
13594 	 -4.265
13596 	 -4.25
13610 	 -4.239
13612 	 -4.25
13618 	 -4.155
13632 	 -4.057
13634 	 -4.042
13658 	 -4.123
13660 	 -4.087
13662 	 -3.965
13682 	 -4.231
13684 	 -4.33
13686 	 -4.328
13692 	 -4.327
13726 	 -4.326
13730 	 -4.935
13744 	 -4.441
13746 	 -4.567
13750 	 -4.769
13752 	 -4.897
13758 	 -5.354
13770 	 -5.361
13782 	 -5.44
13786 	 -5.822
13798 	 -5.973
13804 	 -5.979
13810 	 -6.034
13814 	 -5.992
13836 	 -4.618
13844 	 -4.605
13846 	 -4.608
13852 	 -4.37
13854 	 -4.095
13856 	 -3.812
13868 	 -3.607
13872 	 -3.515
13876 	 -3.542
13880 	 -3.36
13884 	 -3.428
13890 	 -3.293
13896 	 -3.253
13898 	 -3.24
13900 	 -3.047
13902 	 -2.994
13908 	 -2.981
13912 	 -2.975
13922 	 -3.044
13926 	 -3.09
13928 	 -3.182
13932 	 -3.34
13934 	 -3.373
13954 	 -3.449
13958 	 -3.426
13968 	 -3.518
13980 	 -3.278
13984 	 -2.952
14000 	 -2.951
14002 	 -2.738
14008 	 -2.739
14010 	 -2.735
14012 	 -2.72
14016 	 -2.715
14018 	 -2.665
14020 	 -2.642
14024 	 -2.622
14026 	 -2.703
14030 	 -2.711
14032 	 -2.633
14036 	 -2.465
14038 	 -2.504
14044 	 -2.52
14050 	 -2.439
14052 	 -2.417
14056 	 -2.232
14060 	 -2.246
14062 	 -2.204
14066 	 -2.177
14080 	 -1.93
14082 	 -1.784
14084 	 -1.812
14090 	 -1.61
14092 	 -1.589
14102 	 -1.554
14106 	 -1.528
14108 	 -1.523
14110 	 -1.51
14114 	 -1.419
14120 	 -1.239
14122 	 -1.212
14124 	 -1.143
14134 	 -1.059
14140 	 -1.008
14150 	 -1.004
14152 	 -1.003
14160 	 -0.945
14170 	 -0.914
14174 	 -0.807
14178 	 -0.731
14182 	 -0.713
14200 	 -0.657
14202 	 -0.61
14210 	 -0.58
14216 	 -0.55
14230 	 -0.546
14236 	 -0.534
14238 	 -0.515
14310 	 -0.514
14312 	 -0.497
14318 	 -0.495
14326 	 -0.494
14328 	 -0.483
14336 	 -0.478
14346 	 -0.47
14370 	 -0.469
14390 	 -0.461
14426 	 -0.31
14428 	 -0.305
14442 	 -0.3
14506 	 -0.29
14522 	 -0.284
14556 	 -0.283
14562 	 -0.273
14576 	 -0.269
14580 	 -0.264
15000 	 -1.416
15024 	 -1.536
15050 	 -2.063
15078 	 -2.38
15112 	 -2.422
15158 	 -2.387
15162 	 -2.408
15174 	 -2.384
15186 	 -1.989
15216 	 -1.806
15232 	 -1.63
15238 	 -1.696
15250 	 -1.69
15262 	 -1.428
15268 	 -1.342
15282 	 -1.21
15298 	 -1.037
15308 	 -1.053
15310 	 -1.073
15334 	 -1.222
15336 	 -1.372
15342 	 -1.369
15346 	 -1.343
15354 	 -1.434
15356 	 -1.519
15360 	 -1.516
15374 	 -1.106
15400 	 -0.717
15422 	 -0.55
15456 	 -0.417
15460 	 -0.271
15486 	 -0.175
15492 	 -0.104
15558 	 -0.072
15574 	 -0.043
15660 	 -0.04
15708 	 -0.034
15864 	 -0.033
15904 	 -0.025
15916 	 -0.022
16000 	 -0.019
16388 	 -0.013
16434 	 -0.012
18000 	 -2.128
18020 	 -2.227
18042 	 -2.675
18064 	 -2.726
18088 	 -2.125
18120 	 -1.552
18154 	 -1.968
18180 	 -1.704
18190 	 -1.963
18234 	 -2.362
18252 	 -2.354
18262 	 -2.167
18270 	 -1.844
18278 	 -1.823
18286 	 -1.776
18296 	 -2.335
18316 	 -2.35
18328 	 -2.594
18336 	 -2.477
18342 	 -2.52
18348 	 -2.323
18360 	 -2.064
18368 	 -1.758
18384 	 -1.772
18402 	 -1.338
18420 	 -0.704
18426 	 -0.616
18434 	 -0.498
18448 	 -0.158
18472 	 -0.128
18552 	 -0.012
18864 	 -0.004
19002 	 0
21000 	 -1.44
21001 	 -1.44
