0 	 0
3000 	 -1.376
3024 	 -1.496
3050 	 -1.88
3062 	 -2.472
3078 	 -3.176
3112 	 -3.62
3158 	 -3.808
3164 	 -3.728
3186 	 -2.828
3198 	 -2.688
3216 	 -1.912
3232 	 -1.736
3238 	 -1.364
3262 	 -0.608
3296 	 -0.264
3400 	 -0.024
3636 	 -0.008
3904 	 0
6000 	 -2.478
6020 	 -2.638
6042 	 -3.286
6064 	 -3.582
6088 	 -3.11
6120 	 -2.686
6138 	 -2.872
6154 	 -3.312
6180 	 -3.048
6190 	 -3.516
6198 	 -3.5
6234 	 -3.9
6284 	 -4.203
6296 	 -4.179
6346 	 -4.159
6360 	 -2.871
6374 	 -2.271
6376 	 -1.719
6424 	 -1.319
6444 	 -0.761
6504 	 -0.637
6506 	 -0.613
6552 	 -0.501
6634 	 -0.359
6704 	 -0.331
6710 	 -0.307
6726 	 -0.295
6728 	 -0.267
6782 	 -0.263
6894 	 -0.165
6990 	 -0.145
6994 	 -0.125
7002 	 -0.093
7272 	 -0.089
7278 	 -0.085
7290 	 -0.073
7324 	 -0.025
9000 	 -1.433
9024 	 -1.537
9050 	 -2.497
9078 	 -3.177
9112 	 -3.761
9158 	 -3.713
9162 	 -3.797
9174 	 -3.705
9186 	 -2.857
9216 	 -3.589
9232 	 -3.413
9238 	 -3.801
9262 	 -1.973
9268 	 -1.305
9298 	 -0.417
9304 	 -0.413
9306 	 -0.409
9334 	 -0.277
9400 	 -0.025
9660 	 -0.009
9904 	 -0.001
12000 	 -2.98
12002 	 -2.852
12004 	 -3.963
12006 	 -4.884
12008 	 -6.311
12010 	 -6.949
12012 	 -7.572
12016 	 -7.637
12020 	 -8.086
12028 	 -8.22
12032 	 -7.837
12040 	 -7.802
12042 	 -8.278
12048 	 -7.812
12054 	 -7.323
12064 	 -7.423
12070 	 -7.373
12074 	 -6.894
12086 	 -7.159
12088 	 -6.547
12100 	 -6.451
12102 	 -6.075
12114 	 -6.216
12120 	 -5.688
12130 	 -5.475
12132 	 -5.791
12140 	 -6.056
12154 	 -7.224
12162 	 -7.17
12164 	 -7.06
12178 	 -7.038
12180 	 -6.992
12184 	 -6.844
12186 	 -6.848
12190 	 -7.164
12192 	 -7.107
12198 	 -7.097
12200 	 -6.885
12210 	 -6.9
12212 	 -7.944
12226 	 -7.935
12228 	 -8.08
12230 	 -7.931
12234 	 -9.279
12236 	 -8.967
12242 	 -9.006
12248 	 -8.975
12252 	 -8.22
12254 	 -8.343
12260 	 -8.325
12264 	 -8.26
12272 	 -8.259
12274 	 -7.007
12276 	 -7.213
12282 	 -6.916
12290 	 -6.644
12296 	 -6.95
12304 	 -6.831
12320 	 -6.833
12324 	 -6.229
12328 	 -6.421
12330 	 -6.421
12332 	 -6.453
12334 	 -6.302
12336 	 -6.356
12338 	 -6.104
12344 	 -5.308
12350 	 -5.289
12352 	 -5.316
12354 	 -5.304
12358 	 -5.285
12360 	 -4.333
12376 	 -4.378
12382 	 -4.233
12386 	 -4.132
12398 	 -4.062
12402 	 -3.883
12404 	 -3.611
12406 	 -3.685
12412 	 -3.722
12420 	 -3.711
12436 	 -4.112
12438 	 -3.556
12444 	 -3.485
12452 	 -3.712
12460 	 -3.629
12462 	 -3.582
12464 	 -3.449
12466 	 -3.914
12480 	 -4.1
12494 	 -4.061
12496 	 -4.038
12500 	 -4.06
12502 	 -4.041
12504 	 -4.041
12514 	 -4.055
12516 	 -4.005
12520 	 -3.975
12522 	 -4.515
12532 	 -4.506
12544 	 -4.764
12550 	 -4.718
12552 	 -4.598
12564 	 -4.766
12566 	 -4.739
12584 	 -4.517
12590 	 -4.476
12596 	 -4.374
12604 	 -4.369
12606 	 -4.351
12614 	 -4.26
12624 	 -4.231
12626 	 -4.412
12630 	 -4.883
12638 	 -4.879
12640 	 -4.948
12650 	 -4.786
12652 	 -4.899
12672 	 -5.038
12686 	 -4.948
12700 	 -4.921
12706 	 -5.194
12710 	 -5.19
12714 	 -5.077
12742 	 -5.082
12754 	 -5.067
12758 	 -5.065
12762 	 -5.043
12768 	 -5.122
12770 	 -5.355
12774 	 -5.419
12784 	 -6.026
12786 	 -5.926
12796 	 -6.105
12802 	 -6.083
12804 	 -6.19
12806 	 -6.679
12814 	 -6.677
12820 	 -6.888
12826 	 -7.265
12840 	 -7.085
12850 	 -7.297
12854 	 -7.314
12858 	 -7.067
12870 	 -6.924
12874 	 -6.871
12876 	 -7.537
12878 	 -7.354
12892 	 -7.738
12896 	 -7.643
12908 	 -7.169
12914 	 -7.209
12920 	 -7.119
12924 	 -6.959
12926 	 -7.042
12928 	 -6.834
12930 	 -6.961
12932 	 -6.849
12942 	 -6.881
12948 	 -6.617
12952 	 -6.482
12954 	 -6.413
12958 	 -6.463
12966 	 -6.616
12970 	 -6.52
12972 	 -6.357
12984 	 -6.54
12990 	 -6.577
12996 	 -6.718
12998 	 -6.484
13004 	 -6.405
13008 	 -6.394
13010 	 -6.5
13014 	 -6.559
13018 	 -6.552
13022 	 -6.348
13026 	 -6.702
13028 	 -6.661
13034 	 -6.818
13036 	 -6.492
13040 	 -6.511
13042 	 -6.663
13044 	 -7.311
13048 	 -7.21
13052 	 -7.178
13056 	 -7.322
13062 	 -7.377
13064 	 -7.493
13068 	 -7.374
13074 	 -7.356
13080 	 -6.87
13084 	 -6.276
13094 	 -6.205
13096 	 -6.241
13098 	 -6.287
13102 	 -6.282
13104 	 -6.063
13106 	 -6.032
13110 	 -6.061
13114 	 -6.04
13116 	 -5.955
13120 	 -5.998
13124 	 -6.005
13130 	 -6.133
13132 	 -6.123
13134 	 -6.097
13136 	 -6.133
13146 	 -6.123
13154 	 -5.915
13156 	 -6.047
13162 	 -5.761
13170 	 -5.747
13176 	 -5.604
13184 	 -5.685
13192 	 -5.55
13196 	 -5.456
13198 	 -5.424
13204 	 -5.405
13206 	 -5.342
13210 	 -5.21
13212 	 -5.244
13214 	 -5.259
13234 	 -5.25
13248 	 -4.649
13258 	 -4.647
13260 	 -4.725
13266 	 -4.718
13274 	 -4.911
13278 	 -4.95
13286 	 -5.15
13290 	 -5.133
13296 	 -5.126
13304 	 -5.102
13322 	 -4.98
13332 	 -4.979
13336 	 -5.015
13340 	 -4.621
13342 	 -4.637
13346 	 -4.842
13356 	 -4.766
13358 	 -4.81
13360 	 -4.862
13362 	 -4.859
13372 	 -4.847
13378 	 -4.845
13380 	 -4.866
13388 	 -4.86
13394 	 -4.857
13398 	 -4.668
13400 	 -4.46
13408 	 -4.37
13414 	 -4.434
13418 	 -4.414
13424 	 -4.275
13430 	 -4.269
13432 	 -4.317
13440 	 -4.307
13442 	 -4.231
13450 	 -4.195
13452 	 -4.051
13482 	 -4.073
13486 	 -4.135
13494 	 -4.105
13502 	 -4.094
13508 	 -4.031
13514 	 -4.022
13518 	 -3.861
13522 	 -3.92
13536 	 -3.932
13540 	 -3.999
13542 	 -3.995
13546 	 -4.318
13552 	 -4.272
13564 	 -4.058
13572 	 -3.874
13586 	 -4.113
13588 	 -4.11
13592 	 -4.034
13594 	 -4.019
13598 	 -3.966
13610 	 -3.957
13614 	 -3.954
13620 	 -3.94
13622 	 -3.917
13632 	 -3.587
13654 	 -3.525
13658 	 -3.5
13666 	 -3.379
13684 	 -3.732
13690 	 -3.894
13700 	 -3.848
13706 	 -3.707
13710 	 -3.706
13712 	 -3.761
13724 	 -3.75
13726 	 -3.741
13730 	 -3.731
13736 	 -3.721
13744 	 -3.478
13748 	 -3.477
13764 	 -3.433
13766 	 -3.277
13770 	 -3.102
13778 	 -3.085
13784 	 -3.082
13788 	 -2.92
13790 	 -2.845
13798 	 -2.99
13806 	 -2.982
13810 	 -2.928
13812 	 -2.911
13814 	 -2.869
13826 	 -2.862
13830 	 -2.819
13834 	 -2.675
13836 	 -2.816
13842 	 -3.07
13848 	 -3.002
13850 	 -2.987
13862 	 -2.979
13876 	 -3.281
13880 	 -3.483
13900 	 -3.475
13902 	 -3.422
13904 	 -3.409
13912 	 -3.249
13916 	 -3.264
13922 	 -2.887
13930 	 -2.928
13934 	 -2.896
13950 	 -2.872
13952 	 -2.92
13954 	 -2.796
13968 	 -2.722
13974 	 -2.706
13982 	 -2.678
13984 	 -2.72
13986 	 -2.449
13990 	 -2.438
13992 	 -2.397
14008 	 -2.392
14010 	 -2.389
14012 	 -2.374
14014 	 -2.336
14016 	 -2.355
14028 	 -2.302
14032 	 -2.224
14038 	 -2.177
14042 	 -2.204
14052 	 -2.131
14058 	 -2.161
14062 	 -2.211
14072 	 -2.212
14078 	 -2.115
14088 	 -2.234
14096 	 -2.23
14102 	 -2.223
14112 	 -2.201
14118 	 -2.13
14132 	 -2.092
14148 	 -1.919
14164 	 -1.876
14172 	 -2.008
14178 	 -1.935
14180 	 -1.917
14192 	 -1.67
14198 	 -1.64
14200 	 -1.482
14206 	 -1.481
14218 	 -1.445
14222 	 -1.412
14236 	 -1.313
14250 	 -1.293
14252 	 -1.217
14256 	 -1.244
14274 	 -1.199
14278 	 -1.198
14286 	 -1.188
14294 	 -1.173
14298 	 -1.16
14300 	 -1.129
14312 	 -1.107
14318 	 -1.105
14324 	 -1.06
14326 	 -1.059
14328 	 -1.282
14340 	 -1.281
14357 	 -1.347
14364 	 -1.329
14385 	 -1.553
14399 	 -1.64
14400 	 -1.469
14414 	 -1.459
14422 	 -1.458
14426 	 -1.816
14440 	 -1.815
14444 	 -1.891
14478 	 -1.995
14482 	 -1.917
14502 	 -1.89
14508 	 -1.991
14528 	 -1.878
14554 	 -1.379
14558 	 -1.429
14570 	 -1.348
14576 	 -1.38
14596 	 -1.269
14628 	 -1.228
14640 	 -1.643
14650 	 -1.621
14694 	 -1.579
14698 	 -1.592
14700 	 -1.591
14704 	 -2.138
14720 	 -2.171
14722 	 -2.103
14732 	 -2.078
14746 	 -2.067
14752 	 -2.133
14758 	 -1.811
14760 	 -1.77
14762 	 -1.694
14774 	 -1.645
14788 	 -1.474
14802 	 -1.419
14814 	 -1.33
14816 	 -0.981
14830 	 -0.875
14860 	 -0.763
14870 	 -0.719
14872 	 -0.559
14922 	 -0.527
15000 	 -1.533
15024 	 -1.653
15050 	 -2.597
15078 	 -3.265
15096 	 -3.291
15112 	 -3.898
15134 	 -3.919
15158 	 -3.945
15162 	 -4.008
15174 	 -3.936
15186 	 -3.152
15200 	 -3.131
15216 	 -4.163
15232 	 -3.987
15238 	 -4.21
15250 	 -4.204
15262 	 -2.808
15266 	 -2.78
15268 	 -2.522
15276 	 -2.359
15282 	 -1.963
15298 	 -1.443
15300 	 -1.308
15308 	 -1.242
15310 	 -1.283
15332 	 -1.257
15336 	 -1.555
15342 	 -1.552
15346 	 -1.474
15356 	 -1.644
15374 	 -1.264
15400 	 -0.759
15422 	 -0.599
15456 	 -0.337
15486 	 -0.145
15510 	 -0.133
15558 	 -0.063
15660 	 -0.054
15666 	 -0.051
15720 	 -0.05
15746 	 -0.046
15864 	 -0.038
15904 	 -0.03
16000 	 -0.027
16104 	 -0.024
16116 	 -0.022
16196 	 -0.02
16218 	 -0.019
16388 	 -0.013
18000 	 -2.129
18020 	 -2.255
18042 	 -2.799
18064 	 -2.979
18088 	 -2.447
18120 	 -1.871
18154 	 -3.313
18180 	 -3.049
18190 	 -3.899
18234 	 -5.597
18252 	 -5.565
18262 	 -5.379
18270 	 -4.087
18278 	 -4.003
18286 	 -3.815
18296 	 -4.337
18316 	 -4.397
18328 	 -4.641
18336 	 -4.173
18342 	 -4.165
18348 	 -3.377
18360 	 -2.371
18368 	 -2.065
18384 	 -2.079
18402 	 -1.417
18420 	 -0.783
18426 	 -0.695
18434 	 -0.577
18448 	 -0.237
18472 	 -0.207
18552 	 -0.025
18864 	 -0.017
19002 	 -0.001
19498 	 0
21000 	 -1.44
21001 	 -1.44
