0 	 0
3000 	 -1.376
3024 	 -1.496
3050 	 -1.88
3062 	 -2.472
3078 	 -3.176
3112 	 -3.62
3158 	 -3.808
3164 	 -3.728
3186 	 -2.828
3198 	 -2.688
3216 	 -1.912
3232 	 -1.736
3238 	 -1.364
3262 	 -0.608
3296 	 -0.264
3400 	 -0.024
3636 	 -0.008
3904 	 0
6000 	 -2.478
6020 	 -2.638
6042 	 -3.286
6064 	 -3.582
6088 	 -3.11
6120 	 -2.686
6138 	 -2.872
6154 	 -3.312
6180 	 -3.048
6190 	 -3.516
6198 	 -3.5
6234 	 -3.9
6284 	 -4.203
6296 	 -4.179
6346 	 -4.159
6360 	 -2.871
6374 	 -2.271
6376 	 -1.719
6424 	 -1.319
6444 	 -0.761
6504 	 -0.637
6506 	 -0.613
6552 	 -0.501
6634 	 -0.359
6704 	 -0.331
6710 	 -0.307
6726 	 -0.295
6728 	 -0.267
6782 	 -0.263
6894 	 -0.165
6990 	 -0.145
6994 	 -0.125
7002 	 -0.093
7272 	 -0.089
7278 	 -0.085
7290 	 -0.073
7324 	 -0.025
9000 	 -1.433
9024 	 -1.537
9050 	 -2.497
9078 	 -3.177
9112 	 -3.761
9158 	 -3.713
9162 	 -3.797
9174 	 -3.705
9186 	 -2.857
9216 	 -3.589
9232 	 -3.413
9238 	 -3.801
9262 	 -1.973
9268 	 -1.305
9298 	 -0.417
9304 	 -0.413
9306 	 -0.409
9334 	 -0.277
9400 	 -0.025
9660 	 -0.009
9904 	 -0.001
12000 	 -2.98
12002 	 -2.852
12004 	 -3.883
12006 	 -4.804
12008 	 -5.403
12010 	 -6.041
12012 	 -6.238
12016 	 -6.303
12020 	 -6.532
12028 	 -6.666
12032 	 -6.283
12040 	 -6.142
12042 	 -6.618
12048 	 -6.152
12054 	 -5.663
12064 	 -5.763
12070 	 -5.537
12074 	 -5.058
12088 	 -4.446
12100 	 -4.423
12102 	 -4.047
12120 	 -3.519
12130 	 -3.473
12140 	 -3.738
12154 	 -4.774
12162 	 -4.72
12164 	 -4.61
12178 	 -4.696
12180 	 -4.663
12186 	 -4.715
12190 	 -5.031
12198 	 -5.066
12200 	 -5.142
12206 	 -5.132
12212 	 -6.176
12228 	 -6.321
12230 	 -6.581
12234 	 -7.929
12252 	 -7.213
12254 	 -7.112
12256 	 -7.254
12264 	 -7.589
12274 	 -6.337
12282 	 -6.18
12286 	 -5.98
12290 	 -5.708
12296 	 -6.014
12304 	 -5.784
12312 	 -5.749
12324 	 -5.091
12332 	 -5.123
12334 	 -5.43
12338 	 -5.178
12344 	 -4.382
12350 	 -4.367
12354 	 -4.198
12360 	 -3.246
12364 	 -3.396
12372 	 -3.381
12382 	 -3.314
12392 	 -3.369
12394 	 -3.219
12404 	 -2.947
12410 	 -3.015
12414 	 -2.993
12420 	 -2.982
12436 	 -3.335
12438 	 -3.009
12444 	 -3.018
12452 	 -3.245
12460 	 -3.162
12466 	 -3.627
12472 	 -3.677
12476 	 -3.503
12480 	 -3.689
12494 	 -3.65
12498 	 -3.628
12508 	 -3.554
12520 	 -3.524
12528 	 -3.955
12538 	 -3.882
12546 	 -3.852
12548 	 -3.968
12552 	 -3.848
12558 	 -3.997
12564 	 -4.159
12576 	 -4.139
12578 	 -4.134
12582 	 -3.961
12590 	 -3.95
12594 	 -3.821
12614 	 -3.897
12626 	 -4.078
12630 	 -4.37
12638 	 -4.366
12640 	 -4.361
12648 	 -4.187
12666 	 -4.293
12668 	 -4.31
12672 	 -4.298
12684 	 -4.259
12686 	 -4.492
12698 	 -4.621
12706 	 -4.857
12710 	 -4.853
12742 	 -4.771
12758 	 -4.769
12764 	 -4.822
12768 	 -4.864
12770 	 -5.097
12782 	 -5.003
12804 	 -5.532
12814 	 -5.982
12834 	 -6.135
12856 	 -5.977
12894 	 -5.633
12896 	 -5.624
12908 	 -5.773
12920 	 -5.683
12924 	 -5.924
12942 	 -5.979
12950 	 -5.927
12954 	 -5.858
12960 	 -5.942
12968 	 -5.871
12972 	 -5.997
12974 	 -6.015
12990 	 -6.012
12996 	 -5.996
13000 	 -5.983
13004 	 -5.909
13008 	 -5.808
13020 	 -5.616
13028 	 -5.575
13032 	 -5.609
13036 	 -5.631
13044 	 -6.136
13050 	 -6.111
13058 	 -6.193
13068 	 -6.074
13076 	 -5.838
13080 	 -5.524
13086 	 -5.437
13088 	 -5.488
13090 	 -5.805
13102 	 -6.071
13104 	 -6.194
13110 	 -6.123
13114 	 -6.117
13122 	 -6.228
13126 	 -6.145
13136 	 -6.389
13140 	 -6.37
13144 	 -6.778
13146 	 -6.771
13148 	 -6.823
13168 	 -7
13172 	 -6.966
13186 	 -6.808
13196 	 -6.726
13206 	 -6.861
13214 	 -6.742
13224 	 -6.717
13226 	 -6.681
13248 	 -6.206
13254 	 -6.279
13270 	 -6.405
13272 	 -6.336
13278 	 -6.512
13286 	 -6.587
13290 	 -6.57
13294 	 -6.858
13298 	 -6.949
13302 	 -6.869
13310 	 -6.758
13314 	 -6.733
13322 	 -6.757
13326 	 -6.747
13330 	 -6.761
13336 	 -6.753
13338 	 -6.591
13340 	 -6.197
13346 	 -6.229
13354 	 -6.211
13356 	 -6.207
13372 	 -6.195
13374 	 -6.233
13388 	 -6.205
13394 	 -6.245
13402 	 -6.21
13404 	 -6.097
13406 	 -6.334
13414 	 -6.566
13432 	 -6.395
13438 	 -6.161
13442 	 -6.12
13450 	 -6.407
13452 	 -6.394
13454 	 -6.368
13456 	 -6.285
13464 	 -6.384
13476 	 -6.492
13478 	 -6.438
13484 	 -6.403
13490 	 -6.393
13502 	 -6.353
13504 	 -6.418
13508 	 -6.209
13512 	 -6.247
13514 	 -6.238
13518 	 -6.218
13520 	 -6.32
13530 	 -6.344
13534 	 -6.338
13538 	 -6.417
13542 	 -6.413
13544 	 -6.839
13546 	 -6.796
13550 	 -6.766
13552 	 -6.761
13560 	 -7.052
13562 	 -7.03
13568 	 -7.122
13576 	 -6.999
13580 	 -7.005
13582 	 -7.259
13592 	 -7.19
13594 	 -7.177
13598 	 -6.948
13600 	 -6.919
13604 	 -6.911
13608 	 -6.721
13618 	 -6.708
13624 	 -6.705
13626 	 -6.505
13628 	 -7.298
13632 	 -7.254
13636 	 -7.235
13638 	 -7.207
13642 	 -7.102
13656 	 -7.274
13658 	 -6.298
13660 	 -6.368
13676 	 -6.109
13680 	 -6.115
13686 	 -6.066
13688 	 -6.017
13692 	 -5.877
13694 	 -5.692
13706 	 -5.665
13710 	 -5.64
13716 	 -5.652
13718 	 -5.453
13724 	 -5.39
13740 	 -5.473
13744 	 -4.376
13746 	 -4.348
13764 	 -4.057
13766 	 -4.024
13774 	 -4.037
13784 	 -4.017
13786 	 -4.166
13792 	 -4.109
13796 	 -4.009
13798 	 -3.846
13800 	 -3.741
13806 	 -3.644
13808 	 -3.669
13810 	 -3.645
13814 	 -3.603
13816 	 -3.546
13820 	 -3.518
13824 	 -3.504
13830 	 -3.631
13838 	 -3.275
13844 	 -3.203
13848 	 -3.202
13852 	 -2.997
13860 	 -3.161
13862 	 -3.159
13872 	 -3.606
13874 	 -3.572
13876 	 -3.674
13884 	 -3.767
13892 	 -3.738
13898 	 -3.837
13900 	 -3.829
13902 	 -3.598
13906 	 -3.529
13908 	 -3.454
13912 	 -3.448
13924 	 -3.262
13928 	 -3.242
13944 	 -3.054
13958 	 -2.968
13962 	 -3.041
13976 	 -2.87
13984 	 -2.255
13992 	 -2.238
13994 	 -2.201
13996 	 -2.193
14004 	 -2.192
14006 	 -2.099
14008 	 -1.855
14012 	 -1.591
14030 	 -1.567
14032 	 -1.635
14036 	 -1.48
14048 	 -1.471
14054 	 -1.47
14056 	 -1.451
14060 	 -1.418
14066 	 -1.237
14068 	 -1.212
14080 	 -1.191
14086 	 -1.167
14088 	 -1.102
14092 	 -1.093
14104 	 -1.081
14106 	 -1.115
14108 	 -1.11
14138 	 -1.018
14140 	 -1.015
14146 	 -1.107
14162 	 -1.074
14166 	 -1.049
14192 	 -1.047
14200 	 -0.991
14204 	 -1.015
14212 	 -0.97
14222 	 -1.003
14240 	 -0.922
14260 	 -0.773
14274 	 -0.764
14292 	 -0.651
14294 	 -0.648
14300 	 -0.638
14318 	 -0.616
14322 	 -0.6
14326 	 -0.559
14328 	 -0.55
14346 	 -0.522
14362 	 -0.511
14386 	 -0.497
14410 	 -0.495
14416 	 -0.492
14422 	 -0.486
14426 	 -0.335
14440 	 -0.306
14456 	 -0.276
14604 	 -0.269
14608 	 -0.265
15000 	 -1.424
15024 	 -1.566
15050 	 -2.346
15078 	 -2.924
15112 	 -3.349
15152 	 -3.341
15158 	 -3.308
15162 	 -3.37
15174 	 -3.298
15186 	 -2.547
15216 	 -3.158
15232 	 -2.982
15238 	 -3.176
15250 	 -3.17
15262 	 -1.926
15268 	 -1.667
15282 	 -1.27
15298 	 -0.751
15310 	 -0.771
15336 	 -0.921
15342 	 -0.918
15346 	 -0.84
15356 	 -0.925
15360 	 -0.922
15374 	 -0.727
15400 	 -0.386
15422 	 -0.307
15456 	 -0.174
15486 	 -0.078
15558 	 -0.046
15608 	 -0.044
15660 	 -0.035
15708 	 -0.029
15864 	 -0.028
15904 	 -0.02
16000 	 -0.017
16388 	 -0.011
18000 	 -2.128
18020 	 -2.236
18042 	 -2.716
18064 	 -2.813
18088 	 -2.218
18120 	 -1.597
18154 	 -2.616
18180 	 -2.352
18190 	 -2.87
18234 	 -4.036
18252 	 -4.012
18262 	 -3.919
18270 	 -2.95
18278 	 -2.887
18286 	 -2.746
18296 	 -2.923
18316 	 -2.968
18328 	 -3.09
18336 	 -2.739
18342 	 -2.718
18348 	 -2.127
18360 	 -1.303
18368 	 -1.15
18384 	 -1.157
18402 	 -0.75
18420 	 -0.433
18426 	 -0.389
18434 	 -0.33
18448 	 -0.16
18472 	 -0.145
18552 	 -0.016
18864 	 -0.012
19002 	 0
21000 	 -1.44
21001 	 -1.44
