0 	 0
3000 	 -1.376
3024 	 -1.496
3050 	 -1.88
3062 	 -2.472
3078 	 -3.176
3112 	 -3.62
3158 	 -3.808
3164 	 -3.728
3186 	 -2.828
3198 	 -2.688
3216 	 -1.912
3232 	 -1.736
3238 	 -1.364
3262 	 -0.608
3296 	 -0.264
3400 	 -0.024
3636 	 -0.008
3904 	 0
6000 	 -2.478
6020 	 -2.638
6042 	 -3.286
6064 	 -3.582
6088 	 -3.11
6120 	 -2.686
6138 	 -2.872
6154 	 -3.312
6180 	 -3.048
6190 	 -3.516
6198 	 -3.5
6234 	 -3.9
6284 	 -4.203
6296 	 -4.179
6346 	 -4.159
6360 	 -2.871
6374 	 -2.271
6376 	 -1.719
6424 	 -1.319
6444 	 -0.761
6504 	 -0.637
6506 	 -0.613
6552 	 -0.501
6634 	 -0.359
6704 	 -0.331
6710 	 -0.307
6726 	 -0.295
6728 	 -0.267
6782 	 -0.263
6894 	 -0.165
6990 	 -0.145
6994 	 -0.125
7002 	 -0.093
7272 	 -0.089
7278 	 -0.085
7290 	 -0.073
7324 	 -0.025
9000 	 -1.433
9024 	 -1.537
9050 	 -2.497
9078 	 -3.177
9112 	 -3.761
9158 	 -3.713
9162 	 -3.797
9174 	 -3.705
9186 	 -2.857
9216 	 -3.589
9232 	 -3.413
9238 	 -3.801
9262 	 -1.973
9268 	 -1.305
9298 	 -0.417
9304 	 -0.413
9306 	 -0.409
9334 	 -0.277
9400 	 -0.025
9660 	 -0.009
9904 	 -0.001
12000 	 -2.952
12002 	 -2.714
12004 	 -3.025
12006 	 -3.524
12008 	 -4.763
12010 	 -6.265
12012 	 -6.906
12016 	 -7.235
12018 	 -7.327
12020 	 -7.776
12028 	 -7.91
12032 	 -7.842
12034 	 -7.959
12040 	 -7.924
12042 	 -8.4
12054 	 -7.911
12062 	 -8.342
12064 	 -8.394
12070 	 -8.753
12074 	 -8.274
12086 	 -8.539
12088 	 -7.927
12090 	 -8.068
12100 	 -7.972
12102 	 -7.856
12114 	 -7.997
12120 	 -7.337
12130 	 -7.142
12132 	 -7.416
12140 	 -7.681
12154 	 -8.849
12156 	 -8.946
12164 	 -8.742
12176 	 -8.557
12178 	 -8.533
12180 	 -8.483
12184 	 -8.335
12186 	 -8.536
12190 	 -8.852
12192 	 -8.795
12200 	 -8.424
12204 	 -8.766
12210 	 -8.746
12212 	 -9.79
12218 	 -9.765
12220 	 -9.729
12222 	 -9.515
12224 	 -9.481
12226 	 -9.581
12228 	 -9.813
12230 	 -9.664
12234 	 -11.012
12236 	 -10.596
12240 	 -10.599
12248 	 -10.542
12252 	 -9.787
12254 	 -9.642
12260 	 -9.624
12264 	 -9.513
12266 	 -9.054
12272 	 -9.027
12274 	 -7.775
12276 	 -7.836
12282 	 -7.401
12288 	 -7.313
12290 	 -7.041
12296 	 -7.347
12304 	 -7.019
12308 	 -6.923
12320 	 -6.882
12324 	 -6.278
12328 	 -6.351
12330 	 -6.343
12332 	 -6.375
12334 	 -6.302
12338 	 -6.05
12342 	 -6.019
12344 	 -5.223
12350 	 -5.204
12354 	 -5.192
12358 	 -5.154
12360 	 -4.202
12372 	 -4.335
12380 	 -4.328
12382 	 -4.32
12386 	 -4.248
12402 	 -4.25
12404 	 -3.978
12406 	 -4.052
12412 	 -4.089
12420 	 -4.078
12432 	 -3.872
12436 	 -4.182
12438 	 -3.942
12444 	 -3.92
12452 	 -4.147
12456 	 -3.865
12460 	 -3.782
12464 	 -3.733
12466 	 -4.198
12480 	 -4.384
12486 	 -4.361
12492 	 -4.782
12494 	 -4.743
12496 	 -4.701
12500 	 -4.681
12502 	 -4.662
12506 	 -4.997
12510 	 -4.973
12516 	 -4.923
12520 	 -4.893
12532 	 -4.884
12538 	 -4.844
12542 	 -4.823
12550 	 -4.787
12552 	 -4.667
12560 	 -4.468
12564 	 -4.636
12576 	 -4.47
12586 	 -4.407
12590 	 -4.366
12596 	 -4.592
12604 	 -4.378
12614 	 -4.327
12624 	 -4.321
12626 	 -4.502
12630 	 -4.973
12638 	 -4.969
12640 	 -5.049
12648 	 -5.175
12672 	 -4.959
12690 	 -4.933
12694 	 -4.909
12700 	 -4.882
12702 	 -4.88
12706 	 -5.108
12710 	 -5.104
12712 	 -5.351
12714 	 -5.207
12724 	 -5.153
12754 	 -5.264
12758 	 -5.262
12768 	 -5.304
12769 	 -5.475
12770 	 -5.708
12778 	 -5.956
12786 	 -5.856
12788 	 -6.575
12790 	 -6.41
12796 	 -6.403
12798 	 -6.666
12802 	 -6.644
12804 	 -6.745
12806 	 -7.092
12812 	 -7.026
12814 	 -7.02
12822 	 -7.036
12824 	 -7.188
12826 	 -7.404
12828 	 -7.102
12834 	 -7.07
12838 	 -7.691
12840 	 -7.676
12842 	 -7.53
12844 	 -7.579
12848 	 -7.722
12854 	 -7.738
12862 	 -7.815
12870 	 -7.574
12872 	 -7.572
12874 	 -7.526
12882 	 -7.64
12884 	 -7.788
12888 	 -7.277
12896 	 -7.206
12900 	 -7.335
12908 	 -6.759
12912 	 -6.726
12914 	 -6.732
12920 	 -6.626
12924 	 -6.591
12928 	 -6.207
12930 	 -6.177
12940 	 -6.097
12942 	 -6.18
12946 	 -6.143
12952 	 -6.059
12954 	 -5.99
12962 	 -5.962
12966 	 -5.805
12968 	 -5.663
12970 	 -5.651
12972 	 -5.604
12974 	 -5.597
12982 	 -5.514
12986 	 -5.552
12990 	 -5.533
12994 	 -5.57
12996 	 -5.562
13000 	 -5.692
13002 	 -5.955
13004 	 -5.881
13006 	 -5.793
13008 	 -6.821
13012 	 -6.799
13016 	 -6.841
13020 	 -6.813
13024 	 -6.979
13028 	 -6.848
13030 	 -6.683
13044 	 -7.052
13050 	 -7.089
13052 	 -7.07
13056 	 -7.377
13058 	 -7.098
13062 	 -7.096
13068 	 -6.977
13070 	 -7.109
13078 	 -6.834
13080 	 -6.575
13082 	 -6.612
13086 	 -6.578
13090 	 -6.458
13102 	 -6.433
13106 	 -6.437
13108 	 -6.388
13114 	 -6.367
13120 	 -6.825
13122 	 -6.799
13124 	 -7.001
13126 	 -6.857
13130 	 -6.458
13140 	 -6.376
13146 	 -6.349
13154 	 -6.124
13156 	 -5.891
13162 	 -5.674
13170 	 -5.665
13174 	 -5.618
13176 	 -5.731
13180 	 -5.701
13184 	 -5.762
13192 	 -5.777
13206 	 -5.953
13214 	 -5.916
13222 	 -6.069
13226 	 -6.106
13244 	 -6.089
13246 	 -6.114
13248 	 -5.577
13252 	 -5.591
13258 	 -5.589
13260 	 -5.57
13264 	 -5.7
13268 	 -5.595
13270 	 -5.725
13272 	 -5.71
13286 	 -5.675
13288 	 -5.774
13290 	 -5.757
13292 	 -5.773
13296 	 -5.762
13300 	 -5.736
13306 	 -5.709
13308 	 -5.705
13328 	 -5.598
13334 	 -5.64
13336 	 -5.612
13338 	 -5.581
13340 	 -5.187
13346 	 -5.429
13356 	 -5.474
13358 	 -5.463
13360 	 -5.471
13372 	 -5.459
13374 	 -5.422
13378 	 -5.273
13386 	 -5.272
13388 	 -5.266
13394 	 -5.263
13402 	 -5.261
13406 	 -5.011
13408 	 -4.784
13414 	 -4.804
13424 	 -4.771
13432 	 -4.736
13442 	 -4.404
13456 	 -4.368
13458 	 -4.37
13468 	 -4.391
13470 	 -4.523
13474 	 -4.545
13490 	 -4.535
13514 	 -4.555
13528 	 -4.584
13530 	 -4.683
13532 	 -4.643
13536 	 -4.678
13542 	 -4.674
13546 	 -4.462
13558 	 -4.459
13574 	 -4.445
13584 	 -4.466
13588 	 -4.319
13592 	 -4.25
13594 	 -4.273
13596 	 -4.385
13602 	 -4.362
13612 	 -4.365
13616 	 -4.34
13618 	 -4.323
13632 	 -4.291
13642 	 -4.093
13652 	 -3.913
13654 	 -3.983
13656 	 -4.019
13658 	 -3.94
13662 	 -3.716
13664 	 -3.705
13666 	 -3.699
13674 	 -3.789
13678 	 -3.727
13686 	 -3.675
13690 	 -3.674
13698 	 -3.661
13700 	 -3.649
13706 	 -3.489
13708 	 -3.443
13714 	 -3.442
13716 	 -3.566
13726 	 -3.565
13730 	 -3.482
13732 	 -3.375
13734 	 -3.387
13736 	 -3.363
13744 	 -3.024
13778 	 -2.637
13790 	 -2.627
13794 	 -2.275
13796 	 -2.251
13806 	 -2.201
13814 	 -2.149
13818 	 -2.139
13822 	 -2.137
13828 	 -2.123
13834 	 -2.061
13842 	 -2.022
13844 	 -2.009
13850 	 -1.925
13854 	 -1.763
13858 	 -1.593
13866 	 -1.576
13878 	 -1.493
13888 	 -1.272
13890 	 -1.227
13900 	 -1.209
13902 	 -1.156
13910 	 -1.153
13912 	 -1.147
13918 	 -1.131
13924 	 -1.124
13934 	 -1.016
13942 	 -1.001
13956 	 -0.97
13960 	 -0.96
13964 	 -0.908
13966 	 -0.906
13984 	 -0.799
13986 	 -0.775
13992 	 -0.721
14002 	 -0.72
14012 	 -0.705
14032 	 -0.627
14060 	 -0.625
14064 	 -0.622
14080 	 -0.588
14104 	 -0.586
14108 	 -0.581
14134 	 -0.575
14154 	 -0.544
14184 	 -0.511
14200 	 -0.455
14206 	 -0.454
14302 	 -0.439
14318 	 -0.437
14326 	 -0.436
14328 	 -0.433
14344 	 -0.432
14406 	 -0.43
14418 	 -0.424
14426 	 -0.273
14438 	 -0.267
15000 	 -1.42
15024 	 -1.56
15050 	 -2.342
15078 	 -2.92
15112 	 -3.355
15158 	 -3.31
15162 	 -3.372
15174 	 -3.301
15186 	 -2.586
15216 	 -3.128
15232 	 -2.952
15238 	 -3.18
15250 	 -3.174
15262 	 -1.931
15268 	 -1.673
15282 	 -1.276
15298 	 -0.755
15310 	 -0.776
15336 	 -0.925
15342 	 -0.922
15346 	 -0.844
15356 	 -0.929
15360 	 -0.926
15374 	 -0.736
15400 	 -0.39
15422 	 -0.31
15456 	 -0.179
15486 	 -0.082
15558 	 -0.047
15660 	 -0.038
15864 	 -0.034
15904 	 -0.026
16000 	 -0.023
16388 	 -0.017
18000 	 -2.128
18020 	 -2.236
18042 	 -2.716
18064 	 -2.813
18088 	 -2.218
18120 	 -1.597
18154 	 -2.616
18180 	 -2.352
18190 	 -2.87
18234 	 -4.036
18252 	 -4.012
18262 	 -3.919
18270 	 -2.95
18278 	 -2.887
18286 	 -2.746
18296 	 -2.923
18316 	 -2.968
18328 	 -3.09
18336 	 -2.739
18342 	 -2.718
18348 	 -2.127
18360 	 -1.303
18368 	 -1.15
18384 	 -1.157
18402 	 -0.75
18420 	 -0.433
18426 	 -0.389
18434 	 -0.33
18448 	 -0.16
18472 	 -0.145
18552 	 -0.016
18864 	 -0.012
19002 	 0
21000 	 -1.44
21001 	 -1.44
