0 	 0
3000 	 -1.376
3024 	 -1.496
3050 	 -1.88
3062 	 -2.472
3078 	 -3.176
3112 	 -3.62
3158 	 -3.808
3164 	 -3.728
3186 	 -2.828
3198 	 -2.688
3216 	 -1.912
3232 	 -1.736
3238 	 -1.364
3262 	 -0.608
3296 	 -0.264
3400 	 -0.024
3636 	 -0.008
3904 	 0
6000 	 -2.478
6020 	 -2.638
6042 	 -3.286
6064 	 -3.582
6088 	 -3.11
6120 	 -2.686
6138 	 -2.872
6154 	 -3.312
6180 	 -3.048
6190 	 -3.516
6198 	 -3.5
6234 	 -3.9
6284 	 -4.203
6296 	 -4.179
6346 	 -4.159
6360 	 -2.871
6374 	 -2.271
6376 	 -1.719
6424 	 -1.319
6444 	 -0.761
6504 	 -0.637
6506 	 -0.613
6552 	 -0.501
6634 	 -0.359
6704 	 -0.331
6710 	 -0.307
6726 	 -0.295
6728 	 -0.267
6782 	 -0.263
6894 	 -0.165
6990 	 -0.145
6994 	 -0.125
7002 	 -0.093
7272 	 -0.089
7278 	 -0.085
7290 	 -0.073
7324 	 -0.025
9000 	 -1.433
9024 	 -1.537
9050 	 -2.497
9078 	 -3.177
9112 	 -3.761
9158 	 -3.713
9162 	 -3.797
9174 	 -3.705
9186 	 -2.857
9216 	 -3.589
9232 	 -3.413
9238 	 -3.801
9262 	 -1.973
9268 	 -1.305
9298 	 -0.417
9304 	 -0.413
9306 	 -0.409
9334 	 -0.277
9400 	 -0.025
9660 	 -0.009
9904 	 -0.001
12000 	 -2.966
12002 	 -2.783
12004 	 -3.454
12006 	 -4.164
12008 	 -5.086
12010 	 -6.156
12012 	 -6.573
12016 	 -6.77
12018 	 -6.816
12020 	 -7.152
12028 	 -7.286
12032 	 -7.055
12034 	 -7.106
12040 	 -6.994
12042 	 -7.47
12048 	 -7.257
12054 	 -6.768
12062 	 -6.922
12064 	 -6.998
12070 	 -7.036
12074 	 -6.557
12086 	 -6.822
12088 	 -6.21
12090 	 -6.236
12100 	 -6.219
12102 	 -6.024
12120 	 -5.409
12130 	 -5.203
12132 	 -5.523
12140 	 -5.788
12154 	 -6.956
12156 	 -7.019
12160 	 -7.377
12162 	 -7.35
12164 	 -7.24
12166 	 -7.322
12176 	 -7.37
12178 	 -7.53
12180 	 -7.514
12184 	 -7.506
12186 	 -7.499
12190 	 -7.815
12198 	 -7.765
12200 	 -7.993
12212 	 -9.037
12222 	 -8.93
12228 	 -9.075
12230 	 -9.253
12234 	 -10.601
12236 	 -10.274
12242 	 -10.601
12246 	 -10.78
12252 	 -10.064
12254 	 -9.963
12256 	 -9.922
12258 	 -10.112
12260 	 -10.094
12264 	 -9.955
12272 	 -9.954
12274 	 -8.702
12276 	 -8.994
12282 	 -8.627
12288 	 -8.682
12290 	 -8.41
12296 	 -8.752
12304 	 -8.708
12308 	 -8.693
12310 	 -8.955
12314 	 -8.628
12324 	 -8.024
12328 	 -8.13
12332 	 -8.162
12334 	 -7.976
12338 	 -7.724
12344 	 -6.886
12350 	 -6.858
12352 	 -6.992
12354 	 -6.98
12356 	 -6.829
12358 	 -6.591
12360 	 -5.639
12368 	 -5.556
12376 	 -5.332
12380 	 -5.335
12382 	 -4.931
12386 	 -4.859
12388 	 -4.786
12392 	 -4.744
12404 	 -4.321
12406 	 -4.637
12412 	 -4.839
12416 	 -4.88
12420 	 -4.869
12432 	 -5.05
12436 	 -5.363
12438 	 -4.832
12444 	 -4.821
12452 	 -5.048
12456 	 -4.934
12460 	 -4.851
12462 	 -4.769
12464 	 -4.72
12466 	 -5.185
12478 	 -5.166
12480 	 -5.352
12494 	 -5.284
12496 	 -5.349
12500 	 -5.355
12502 	 -5.336
12510 	 -5.414
12516 	 -5.358
12520 	 -5.328
12536 	 -5.605
12540 	 -5.64
12542 	 -5.61
12550 	 -5.833
12552 	 -5.833
12562 	 -6.138
12564 	 -6.302
12576 	 -6.298
12584 	 -6.279
12590 	 -6.238
12602 	 -6.225
12604 	 -6.22
12606 	 -5.85
12612 	 -5.859
12614 	 -5.812
12624 	 -5.799
12626 	 -5.98
12628 	 -5.82
12630 	 -6.317
12638 	 -6.371
12640 	 -6.334
12650 	 -6.287
12652 	 -6.457
12660 	 -6.31
12662 	 -6.365
12670 	 -6.392
12672 	 -6.381
12700 	 -6.316
12706 	 -6.548
12710 	 -6.544
12714 	 -6.394
12718 	 -6.388
12724 	 -6.435
12732 	 -6.408
12734 	 -6.465
12740 	 -6.683
12742 	 -6.679
12744 	 -6.71
12748 	 -6.538
12758 	 -6.536
12768 	 -6.578
12770 	 -6.811
12776 	 -6.801
12778 	 -6.925
12786 	 -7.064
12788 	 -7.149
12798 	 -7.124
12800 	 -7.201
12802 	 -7.26
12804 	 -7.106
12806 	 -7.048
12812 	 -8.047
12824 	 -8.323
12834 	 -8.52
12836 	 -8.474
12848 	 -8.98
12854 	 -9.156
12864 	 -9.44
12866 	 -9.378
12874 	 -9.091
12878 	 -9.467
12888 	 -9.374
12896 	 -9.553
12908 	 -8.53
12912 	 -8.953
12920 	 -8.863
12922 	 -8.708
12924 	 -8.838
12930 	 -8.92
12932 	 -8.654
12942 	 -8.66
12944 	 -8.694
12948 	 -8.77
12952 	 -8.686
12954 	 -8.617
12962 	 -8.264
12970 	 -8.259
12972 	 -8.212
12980 	 -8.209
12984 	 -8.25
12990 	 -8.247
12994 	 -7.966
12996 	 -7.673
13000 	 -7.782
13002 	 -7.775
13004 	 -7.701
13008 	 -7.687
13014 	 -7.629
13016 	 -7.603
13018 	 -7.588
13022 	 -7.643
13028 	 -7.654
13032 	 -7.656
13038 	 -7.698
13044 	 -8.198
13046 	 -8.12
13048 	 -8.187
13050 	 -7.908
13052 	 -7.811
13056 	 -8.056
13060 	 -8.602
13062 	 -8.601
13068 	 -8.482
13070 	 -8.616
13074 	 -8.444
13076 	 -8.643
13080 	 -8.323
13084 	 -8.601
13094 	 -8.514
13100 	 -8.5
13102 	 -8.495
13108 	 -8.52
13110 	 -8.575
13114 	 -8.554
13124 	 -7.932
13128 	 -7.902
13138 	 -7.803
13144 	 -7.815
13148 	 -7.821
13152 	 -7.788
13166 	 -7.636
13170 	 -7.6
13178 	 -7.236
13182 	 -7.235
13192 	 -7.174
13196 	 -6.901
13206 	 -7.235
13214 	 -6.806
13226 	 -6.873
13246 	 -6.842
13248 	 -6.47
13256 	 -6.46
13258 	 -6.458
13260 	 -6.573
13270 	 -6.232
13274 	 -6.229
13282 	 -6.423
13284 	 -6.379
13286 	 -6.361
13288 	 -6.342
13290 	 -6.325
13298 	 -6.806
13302 	 -6.779
13308 	 -7.327
13312 	 -7.139
13320 	 -7.126
13324 	 -7.089
13332 	 -7.158
13340 	 -6.737
13344 	 -6.904
13346 	 -6.752
13350 	 -6.909
13354 	 -6.907
13358 	 -6.873
13360 	 -6.871
13366 	 -6.912
13372 	 -6.9
13376 	 -6.989
13382 	 -6.976
13384 	 -7.04
13388 	 -7.034
13394 	 -7.031
13408 	 -6.527
13414 	 -6.523
13432 	 -6.366
13436 	 -6.35
13442 	 -6.232
13448 	 -6.196
13450 	 -6.156
13454 	 -6.129
13462 	 -6.442
13464 	 -6.495
13466 	 -6.436
13478 	 -6.437
13486 	 -6.67
13490 	 -6.66
13492 	 -6.505
13504 	 -6.601
13510 	 -6.556
13512 	 -6.584
13514 	 -6.575
13532 	 -6.446
13542 	 -6.442
13546 	 -6.269
13554 	 -6.383
13576 	 -6.33
13586 	 -6.316
13592 	 -6.247
13594 	 -6.242
13596 	 -6.209
13598 	 -6.34
13600 	 -6.367
13602 	 -6.512
13610 	 -6.372
13618 	 -6.358
13622 	 -6.336
13630 	 -6.213
13632 	 -5.924
13640 	 -6.006
13656 	 -5.974
13658 	 -5.36
13662 	 -5.045
13664 	 -5.451
13670 	 -5.495
13674 	 -5.616
13676 	 -5.831
13684 	 -6.788
13688 	 -6.773
13694 	 -6.852
13712 	 -6.876
13718 	 -6.782
13726 	 -6.781
13728 	 -6.485
13736 	 -6.516
13738 	 -6.395
13744 	 -5.511
13746 	 -4.93
13752 	 -4.922
13754 	 -4.913
13762 	 -4.665
13766 	 -4.389
13770 	 -4.365
13776 	 -4.224
13782 	 -3.351
13784 	 -3.316
13786 	 -3.616
13798 	 -3.574
13800 	 -3.614
13802 	 -3.438
13804 	 -3.434
13808 	 -3.299
13814 	 -3.257
13816 	 -3.256
13818 	 -3.104
13824 	 -3.032
13832 	 -3.031
13834 	 -2.928
13838 	 -2.888
13844 	 -2.875
13870 	 -2.908
13876 	 -2.78
13880 	 -3.433
13886 	 -3.419
13888 	 -3.566
13892 	 -3.563
13898 	 -3.558
13900 	 -3.55
13902 	 -3.497
13906 	 -3.473
13912 	 -3.467
13928 	 -3.433
13930 	 -3.518
13938 	 -3.625
13942 	 -3.574
13954 	 -3.624
13958 	 -3.655
13978 	 -3.654
13984 	 -1.624
13986 	 -2.246
13988 	 -2.243
13990 	 -2.458
14000 	 -2.27
14002 	 -2.186
14008 	 -2.221
14012 	 -2.206
14016 	 -2.329
14032 	 -2.251
14038 	 -1.956
14040 	 -1.933
14056 	 -1.844
14064 	 -1.836
14066 	 -1.821
14078 	 -1.777
14080 	 -1.68
14090 	 -1.61
14100 	 -1.502
14108 	 -1.485
14114 	 -1.527
14116 	 -1.523
14140 	 -1.359
14142 	 -1.365
14144 	 -1.331
14146 	 -1.32
14148 	 -1.277
14160 	 -1.263
14162 	 -1.194
14170 	 -1.193
14172 	 -1.19
14178 	 -1.18
14182 	 -1.11
14194 	 -1.06
14200 	 -0.865
14206 	 -0.854
14226 	 -0.733
14228 	 -0.647
14246 	 -0.625
14248 	 -0.623
14258 	 -0.62
14264 	 -0.609
14266 	 -0.578
14278 	 -0.575
14280 	 -0.564
14296 	 -0.503
14312 	 -0.502
14318 	 -0.5
14322 	 -0.496
14326 	 -0.495
14384 	 -0.486
14392 	 -0.48
14426 	 -0.329
14434 	 -0.328
14440 	 -0.3
14442 	 -0.295
14450 	 -0.283
14482 	 -0.276
14500 	 -0.275
15000 	 -1.415
15024 	 -1.546
15050 	 -2.345
15078 	 -2.916
15112 	 -3.343
15158 	 -3.31
15162 	 -3.373
15174 	 -3.302
15186 	 -2.582
15216 	 -3.123
15232 	 -2.947
15238 	 -3.178
15250 	 -3.172
15262 	 -1.926
15268 	 -1.668
15282 	 -1.271
15298 	 -0.752
15310 	 -0.772
15336 	 -0.921
15342 	 -0.918
15346 	 -0.84
15356 	 -0.926
15360 	 -0.923
15374 	 -0.728
15400 	 -0.387
15422 	 -0.308
15456 	 -0.175
15486 	 -0.079
15558 	 -0.047
15606 	 -0.046
15660 	 -0.037
15708 	 -0.031
15864 	 -0.03
15904 	 -0.022
16000 	 -0.019
16388 	 -0.013
18000 	 -2.128
18020 	 -2.236
18042 	 -2.716
18064 	 -2.813
18088 	 -2.218
18120 	 -1.597
18154 	 -2.616
18180 	 -2.352
18190 	 -2.87
18234 	 -4.036
18252 	 -4.012
18262 	 -3.919
18270 	 -2.95
18278 	 -2.887
18286 	 -2.746
18296 	 -2.923
18316 	 -2.968
18328 	 -3.09
18336 	 -2.739
18342 	 -2.718
18348 	 -2.127
18360 	 -1.303
18368 	 -1.15
18384 	 -1.157
18402 	 -0.75
18420 	 -0.433
18426 	 -0.389
18434 	 -0.33
18448 	 -0.16
18472 	 -0.145
18552 	 -0.016
18864 	 -0.012
19002 	 0
21000 	 -1.44
21001 	 -1.44
