0 	 0
3000 	 -1.376
3024 	 -1.496
3050 	 -1.88
3062 	 -2.472
3078 	 -3.176
3112 	 -3.62
3158 	 -3.808
3164 	 -3.728
3186 	 -2.828
3198 	 -2.688
3216 	 -1.912
3232 	 -1.736
3238 	 -1.364
3262 	 -0.608
3296 	 -0.264
3400 	 -0.024
3636 	 -0.008
3904 	 0
6000 	 -2.478
6020 	 -2.638
6042 	 -3.286
6064 	 -3.582
6088 	 -3.11
6120 	 -2.686
6138 	 -2.872
6154 	 -3.312
6180 	 -3.048
6190 	 -3.516
6198 	 -3.5
6234 	 -3.9
6284 	 -4.203
6296 	 -4.179
6346 	 -4.159
6360 	 -2.871
6374 	 -2.271
6376 	 -1.719
6424 	 -1.319
6444 	 -0.761
6504 	 -0.637
6506 	 -0.613
6552 	 -0.501
6634 	 -0.359
6704 	 -0.331
6710 	 -0.307
6726 	 -0.295
6728 	 -0.267
6782 	 -0.263
6894 	 -0.165
6990 	 -0.145
6994 	 -0.125
7002 	 -0.093
7272 	 -0.089
7278 	 -0.085
7290 	 -0.073
7324 	 -0.025
9000 	 -1.433
9024 	 -1.537
9050 	 -2.497
9078 	 -3.177
9112 	 -3.761
9158 	 -3.713
9162 	 -3.797
9174 	 -3.705
9186 	 -2.857
9216 	 -3.589
9232 	 -3.413
9238 	 -3.801
9262 	 -1.973
9268 	 -1.305
9298 	 -0.417
9304 	 -0.413
9306 	 -0.409
9334 	 -0.277
9400 	 -0.025
9660 	 -0.009
9904 	 -0.001
12000 	 -2.952
12002 	 -2.714
12004 	 -2.985
12006 	 -3.484
12008 	 -4.312
12010 	 -5.814
12012 	 -6.24
12016 	 -6.569
12018 	 -6.661
12020 	 -6.997
12028 	 -7.131
12032 	 -7.063
12034 	 -7.18
12040 	 -7.057
12042 	 -7.533
12054 	 -7.044
12062 	 -7.475
12064 	 -7.527
12070 	 -7.711
12074 	 -7.232
12086 	 -7.497
12088 	 -6.885
12090 	 -7.026
12100 	 -7.009
12102 	 -6.893
12120 	 -6.226
12130 	 -6.071
12132 	 -6.345
12140 	 -6.61
12154 	 -7.778
12156 	 -7.787
12160 	 -8.145
12164 	 -7.941
12176 	 -7.756
12178 	 -7.846
12180 	 -7.796
12186 	 -8.005
12190 	 -8.321
12198 	 -8.299
12200 	 -8.253
12204 	 -8.628
12212 	 -9.672
12218 	 -9.647
12220 	 -9.662
12222 	 -9.448
12224 	 -9.502
12228 	 -9.647
12230 	 -9.741
12234 	 -11.089
12236 	 -10.646
12240 	 -10.649
12246 	 -10.9
12252 	 -10.184
12254 	 -10.115
12256 	 -10.033
12260 	 -10.015
12262 	 -9.999
12266 	 -9.84
12272 	 -9.813
12274 	 -8.561
12276 	 -8.328
12278 	 -8.445
12282 	 -8.288
12288 	 -8.2
12290 	 -7.928
12296 	 -8.234
12304 	 -8.19
12308 	 -8.279
12310 	 -8.144
12314 	 -8.103
12316 	 -8.15
12324 	 -7.546
12328 	 -7.681
12332 	 -7.713
12334 	 -7.666
12338 	 -7.414
12340 	 -7.201
12342 	 -7.17
12344 	 -6.374
12348 	 -6.327
12350 	 -6.398
12354 	 -6.386
12358 	 -6.44
12360 	 -5.488
12376 	 -5.565
12380 	 -5.502
12382 	 -5.494
12386 	 -5.381
12392 	 -5.583
12404 	 -4.973
12406 	 -5.047
12412 	 -5.084
12418 	 -4.997
12420 	 -4.986
12432 	 -4.669
12436 	 -4.971
12438 	 -4.385
12444 	 -4.329
12452 	 -4.556
12456 	 -4.336
12460 	 -4.253
12462 	 -4.18
12464 	 -4.072
12466 	 -4.537
12480 	 -4.723
12486 	 -4.701
12494 	 -4.662
12496 	 -4.624
12498 	 -4.73
12500 	 -4.753
12502 	 -4.734
12504 	 -5.035
12510 	 -5.012
12512 	 -5.41
12516 	 -5.36
12520 	 -5.33
12524 	 -5.644
12526 	 -5.622
12528 	 -5.595
12538 	 -5.555
12542 	 -5.524
12550 	 -5.503
12552 	 -5.383
12564 	 -5.551
12566 	 -5.73
12568 	 -5.523
12576 	 -5.519
12582 	 -5.383
12590 	 -5.342
12594 	 -5.73
12600 	 -5.675
12604 	 -5.791
12606 	 -5.59
12614 	 -5.536
12622 	 -5.518
12624 	 -5.732
12626 	 -5.913
12630 	 -6.447
12638 	 -6.443
12640 	 -6.358
12642 	 -6.196
12646 	 -6.369
12648 	 -6.42
12664 	 -6.574
12670 	 -6.135
12672 	 -6.126
12678 	 -6.067
12688 	 -6.124
12694 	 -6.126
12700 	 -6.099
12702 	 -5.977
12706 	 -6.25
12710 	 -6.246
12712 	 -6.225
12714 	 -6.048
12716 	 -5.883
12728 	 -5.906
12734 	 -5.843
12740 	 -5.863
12746 	 -5.962
12758 	 -5.96
12760 	 -6.008
12768 	 -6.314
12770 	 -6.547
12774 	 -6.663
12776 	 -6.653
12784 	 -6.917
12786 	 -6.817
12794 	 -6.794
12798 	 -7.549
12802 	 -7.527
12804 	 -7.338
12826 	 -7.391
12830 	 -7.534
12832 	 -7.532
12846 	 -8.004
12848 	 -7.745
12852 	 -7.74
12854 	 -7.872
12860 	 -7.879
12864 	 -7.913
12866 	 -7.702
12872 	 -7.7
12874 	 -7.807
12884 	 -7.892
12892 	 -7.879
12896 	 -7.784
12908 	 -6.244
12912 	 -6.247
12914 	 -6.338
12920 	 -6.248
12924 	 -6.26
12932 	 -6.156
12942 	 -6.188
12944 	 -6.084
12950 	 -5.955
12952 	 -5.871
12954 	 -5.977
12960 	 -5.902
12962 	 -5.897
12966 	 -5.725
12968 	 -5.624
12970 	 -5.611
12972 	 -5.656
12978 	 -5.632
12984 	 -5.684
12990 	 -5.681
12996 	 -5.697
13000 	 -5.84
13004 	 -5.766
13008 	 -5.75
13020 	 -5.601
13022 	 -5.232
13028 	 -5.328
13032 	 -5.793
13040 	 -5.643
13044 	 -6.095
13046 	 -6.33
13050 	 -6.388
13060 	 -6.35
13062 	 -6.348
13064 	 -6.467
13068 	 -6.271
13072 	 -6.346
13074 	 -6.329
13080 	 -6.009
13082 	 -6.012
13086 	 -6.058
13094 	 -5.782
13100 	 -5.787
13102 	 -5.782
13104 	 -5.689
13114 	 -5.668
13118 	 -5.696
13122 	 -5.643
13126 	 -5.689
13130 	 -5.745
13136 	 -5.639
13142 	 -5.539
13152 	 -5.306
13156 	 -5.179
13158 	 -5.178
13160 	 -4.918
13166 	 -4.805
13174 	 -4.779
13182 	 -4.778
13184 	 -4.669
13186 	 -4.468
13206 	 -4.365
13208 	 -4.4
13214 	 -4.362
13218 	 -4.323
13232 	 -4.357
13234 	 -4.437
13248 	 -3.968
13258 	 -3.966
13262 	 -4.105
13290 	 -4.05
13304 	 -4.155
13318 	 -3.975
13338 	 -3.986
13340 	 -3.622
13342 	 -3.673
13346 	 -3.702
13350 	 -3.691
13362 	 -3.745
13364 	 -3.783
13372 	 -3.771
13378 	 -3.697
13384 	 -3.631
13388 	 -3.625
13390 	 -3.659
13394 	 -3.657
13402 	 -3.655
13404 	 -3.514
13406 	 -3.508
13408 	 -3.491
13410 	 -3.33
13414 	 -3.35
13416 	 -3.308
13420 	 -3.146
13430 	 -3.107
13434 	 -2.983
13436 	 -2.992
13442 	 -2.807
13444 	 -2.744
13454 	 -2.743
13460 	 -2.514
13462 	 -2.352
13468 	 -2.312
13482 	 -2.238
13488 	 -2.223
13490 	 -2.213
13492 	 -2.159
13512 	 -2.117
13514 	 -2.108
13522 	 -2.058
13532 	 -2.043
13538 	 -2.034
13542 	 -2.03
13546 	 -1.781
13550 	 -1.758
13562 	 -1.707
13570 	 -1.647
13574 	 -1.603
13580 	 -1.562
13588 	 -1.555
13592 	 -1.486
13614 	 -1.477
13618 	 -1.463
13620 	 -1.418
13636 	 -1.417
13656 	 -1.412
13658 	 -1.325
13668 	 -1.318
13674 	 -1.313
13690 	 -1.304
13726 	 -1.303
13728 	 -1.296
13744 	 -0.855
13756 	 -0.81
13760 	 -0.809
13814 	 -0.767
13822 	 -0.763
13844 	 -0.75
13856 	 -0.746
13894 	 -0.743
13898 	 -0.718
13900 	 -0.71
13902 	 -0.657
13912 	 -0.651
13922 	 -0.648
13984 	 -0.552
14012 	 -0.537
14032 	 -0.459
14108 	 -0.454
14138 	 -0.453
14164 	 -0.449
14168 	 -0.447
14200 	 -0.391
14268 	 -0.387
14284 	 -0.381
14318 	 -0.379
14326 	 -0.378
14426 	 -0.227
15000 	 -1.414
15024 	 -1.545
15050 	 -2.2
15078 	 -2.647
15112 	 -2.893
15158 	 -3.048
15162 	 -3.09
15174 	 -3.042
15186 	 -2.686
15216 	 -2.878
15232 	 -2.702
15238 	 -2.83
15250 	 -2.824
15262 	 -2.694
15268 	 -2.522
15282 	 -2.257
15298 	 -1.91
15310 	 -1.991
15336 	 -2.588
15342 	 -2.585
15346 	 -2.533
15356 	 -2.873
15360 	 -2.87
15374 	 -2.105
15400 	 -1.416
15422 	 -1.097
15456 	 -0.571
15486 	 -0.19
15558 	 -0.053
15660 	 -0.047
15708 	 -0.041
15864 	 -0.028
15904 	 -0.02
16000 	 -0.017
16388 	 -0.011
18000 	 -2.128
18020 	 -2.254
18042 	 -2.798
18064 	 -2.972
18088 	 -2.474
18120 	 -1.992
18154 	 -2.912
18180 	 -2.648
18190 	 -3.374
18234 	 -4.404
18252 	 -4.388
18262 	 -4.016
18270 	 -3.37
18278 	 -3.328
18286 	 -3.234
18296 	 -4.494
18316 	 -4.524
18328 	 -5.012
18336 	 -4.778
18342 	 -4.864
18348 	 -4.47
18360 	 -4.096
18368 	 -3.484
18384 	 -3.512
18402 	 -2.644
18420 	 -1.376
18426 	 -1.2
18434 	 -0.964
18448 	 -0.284
18472 	 -0.224
18552 	 -0.024
18864 	 -0.008
19002 	 0
21000 	 -1.44
21001 	 -1.44
