0 	 0
3000 	 -1.376
3024 	 -1.496
3050 	 -1.88
3062 	 -2.472
3078 	 -3.176
3112 	 -3.62
3158 	 -3.808
3164 	 -3.728
3186 	 -2.828
3198 	 -2.688
3216 	 -1.912
3232 	 -1.736
3238 	 -1.364
3262 	 -0.608
3296 	 -0.264
3400 	 -0.024
3636 	 -0.008
3904 	 0
6000 	 -2.478
6020 	 -2.638
6042 	 -3.286
6064 	 -3.582
6088 	 -3.11
6120 	 -2.686
6138 	 -2.872
6154 	 -3.312
6180 	 -3.048
6190 	 -3.516
6198 	 -3.5
6234 	 -3.9
6284 	 -4.203
6296 	 -4.179
6346 	 -4.159
6360 	 -2.871
6374 	 -2.271
6376 	 -1.719
6424 	 -1.319
6444 	 -0.761
6504 	 -0.637
6506 	 -0.613
6552 	 -0.501
6634 	 -0.359
6704 	 -0.331
6710 	 -0.307
6726 	 -0.295
6728 	 -0.267
6782 	 -0.263
6894 	 -0.165
6990 	 -0.145
6994 	 -0.125
7002 	 -0.093
7272 	 -0.089
7278 	 -0.085
7290 	 -0.073
7324 	 -0.025
9000 	 -1.433
9024 	 -1.537
9050 	 -2.497
9078 	 -3.177
9112 	 -3.761
9158 	 -3.713
9162 	 -3.797
9174 	 -3.705
9186 	 -2.857
9216 	 -3.589
9232 	 -3.413
9238 	 -3.801
9262 	 -1.973
9268 	 -1.305
9298 	 -0.417
9304 	 -0.413
9306 	 -0.409
9334 	 -0.277
9400 	 -0.025
9660 	 -0.009
9904 	 -0.001
12000 	 -2.966
12002 	 -2.783
12004 	 -3.454
12006 	 -4.164
12008 	 -5.086
12010 	 -6.156
12012 	 -6.573
12016 	 -6.77
12018 	 -6.816
12020 	 -7.152
12028 	 -7.286
12032 	 -7.055
12034 	 -7.106
12040 	 -6.994
12042 	 -7.47
12048 	 -7.257
12054 	 -6.768
12062 	 -6.923
12064 	 -6.999
12070 	 -7.037
12074 	 -6.558
12086 	 -6.823
12088 	 -6.211
12090 	 -6.242
12100 	 -6.225
12102 	 -6.041
12120 	 -5.322
12130 	 -5.116
12132 	 -5.436
12140 	 -5.701
12154 	 -6.869
12156 	 -6.632
12160 	 -6.99
12162 	 -7.417
12164 	 -7.307
12176 	 -7.497
12178 	 -7.591
12180 	 -7.563
12186 	 -7.556
12190 	 -7.872
12198 	 -7.822
12200 	 -7.944
12212 	 -8.988
12222 	 -8.881
12226 	 -9.178
12228 	 -9.323
12230 	 -9.418
12234 	 -10.766
12236 	 -10.552
12242 	 -10.619
12246 	 -10.964
12252 	 -10.248
12254 	 -10.147
12256 	 -10.112
12260 	 -10.094
12266 	 -9.97
12272 	 -9.969
12274 	 -8.717
12276 	 -8.889
12278 	 -8.968
12282 	 -8.811
12284 	 -8.6
12290 	 -8.328
12292 	 -8.383
12296 	 -8.689
12298 	 -8.718
12304 	 -8.674
12308 	 -8.659
12310 	 -8.963
12314 	 -8.681
12324 	 -8.077
12328 	 -8.177
12332 	 -8.209
12334 	 -8.051
12338 	 -7.799
12344 	 -7.003
12350 	 -6.975
12352 	 -7.12
12354 	 -7.024
12358 	 -6.957
12360 	 -5.938
12368 	 -5.91
12370 	 -5.825
12376 	 -5.724
12380 	 -5.727
12382 	 -5.609
12384 	 -5.193
12386 	 -5.121
12392 	 -5.079
12402 	 -4.965
12404 	 -4.615
12406 	 -4.911
12412 	 -5.127
12416 	 -5.17
12420 	 -5.159
12432 	 -5.16
12436 	 -5.473
12438 	 -4.934
12444 	 -4.921
12452 	 -5.148
12456 	 -4.989
12460 	 -4.906
12462 	 -4.825
12464 	 -4.776
12466 	 -5.241
12474 	 -5.219
12480 	 -5.405
12486 	 -5.381
12494 	 -5.311
12496 	 -5.379
12500 	 -5.398
12502 	 -5.379
12510 	 -5.375
12516 	 -5.325
12520 	 -5.295
12536 	 -5.574
12540 	 -5.59
12542 	 -5.555
12550 	 -5.707
12552 	 -5.64
12562 	 -6.108
12564 	 -6.276
12576 	 -6.272
12584 	 -6.299
12590 	 -6.258
12604 	 -6.253
12606 	 -5.887
12608 	 -5.882
12612 	 -5.892
12614 	 -5.692
12624 	 -5.656
12626 	 -5.837
12628 	 -5.681
12630 	 -6.083
12638 	 -6.079
12640 	 -5.838
12652 	 -6.013
12658 	 -5.854
12676 	 -6.016
12700 	 -6.563
12704 	 -6.551
12706 	 -6.795
12710 	 -6.791
12714 	 -6.641
12722 	 -6.964
12738 	 -6.981
12740 	 -7.109
12742 	 -7.105
12758 	 -7.103
12762 	 -7.087
12768 	 -7.173
12770 	 -7.406
12772 	 -7.513
12776 	 -7.503
12782 	 -7.494
12784 	 -7.722
12786 	 -7.751
12800 	 -7.932
12802 	 -7.91
12804 	 -7.756
12806 	 -7.875
12808 	 -7.914
12812 	 -8.052
12814 	 -8.186
12816 	 -8.932
12832 	 -9.179
12836 	 -9.233
12844 	 -9.223
12852 	 -10.044
12854 	 -9.928
12858 	 -9.642
12868 	 -9.658
12872 	 -9.404
12874 	 -9.358
12876 	 -9.428
12882 	 -9.397
12886 	 -10.1
12888 	 -9.964
12894 	 -9.981
12896 	 -9.414
12898 	 -9.408
12900 	 -9.782
12908 	 -9.737
12910 	 -9.586
12912 	 -9.598
12916 	 -9.607
12918 	 -9.387
12920 	 -9.297
12924 	 -9.553
12934 	 -9.551
12942 	 -9.583
12944 	 -9.339
12950 	 -9.202
12952 	 -9.118
12954 	 -9.063
12960 	 -8.866
12964 	 -9.025
12970 	 -9.02
12972 	 -8.874
12978 	 -8.837
12982 	 -8.79
12984 	 -8.596
12990 	 -8.593
12994 	 -8.389
12996 	 -8.391
13004 	 -8.317
13008 	 -8.303
13010 	 -8.351
13020 	 -8.346
13023 	 -8.432
13028 	 -8.391
13038 	 -8.317
13042 	 -8.962
13044 	 -9.37
13048 	 -9.732
13049 	 -9.679
13056 	 -9.972
13058 	 -9.821
13062 	 -9.82
13067 	 -9.902
13068 	 -9.783
13080 	 -9.601
13082 	 -9.51
13086 	 -9.563
13102 	 -9.558
13106 	 -10.023
13108 	 -10.035
13109 	 -10.06
13110 	 -9.822
13111 	 -9.869
13114 	 -9.862
13115 	 -9.766
13120 	 -9.661
13122 	 -9.592
13130 	 -9.716
13132 	 -9.808
13144 	 -9.797
13148 	 -9.579
13149 	 -9.537
13152 	 -9.548
13154 	 -9.697
13162 	 -9.97
13166 	 -9.982
13170 	 -9.815
13177 	 -9.804
13182 	 -10.001
13190 	 -9.808
13194 	 -9.356
13200 	 -9.495
13204 	 -9.444
13206 	 -9.6
13214 	 -9.715
13224 	 -9.658
13234 	 -9.632
13236 	 -9.405
13238 	 -10.184
13244 	 -10.401
13248 	 -9.914
13252 	 -9.846
13256 	 -9.763
13258 	 -9.761
13266 	 -9.584
13290 	 -9.567
13296 	 -9.314
13300 	 -9.207
13306 	 -9.535
13308 	 -9.075
13310 	 -9.008
13314 	 -9.324
13316 	 -9.407
13324 	 -9.564
13326 	 -9.82
13330 	 -9.691
13336 	 -9.116
13340 	 -8.722
13346 	 -8.915
13358 	 -8.647
13360 	 -8.152
13362 	 -7.905
13368 	 -8.004
13372 	 -7.992
13374 	 -7.885
13388 	 -7.879
13392 	 -7.851
13394 	 -7.848
13396 	 -7.801
13404 	 -7.758
13408 	 -7.632
13414 	 -6.599
13430 	 -6.605
13432 	 -6.844
13434 	 -6.906
13440 	 -6.847
13442 	 -6.67
13446 	 -6.613
13454 	 -6.612
13460 	 -6.494
13468 	 -6.509
13470 	 -6.456
13474 	 -6.489
13476 	 -6.528
13478 	 -6.527
13484 	 -6.626
13490 	 -6.59
13496 	 -6.39
13514 	 -6.244
13530 	 -6.153
13534 	 -5.84
13538 	 -5.919
13542 	 -6.069
13546 	 -5.839
13550 	 -5.838
13552 	 -5.73
13560 	 -5.841
13562 	 -6.075
13564 	 -6.072
13566 	 -6.065
13568 	 -5.839
13570 	 -6.117
13578 	 -6.022
13586 	 -6.284
13592 	 -5.998
13606 	 -5.903
13608 	 -5.341
13610 	 -5.323
13618 	 -4.963
13624 	 -4.962
13632 	 -4.951
13634 	 -4.939
13658 	 -4.248
13672 	 -4.629
13674 	 -4.628
13676 	 -4.56
13684 	 -4.564
13688 	 -4.621
13690 	 -4.721
13694 	 -4.565
13696 	 -4.473
13702 	 -4.587
13708 	 -4.919
13722 	 -4.872
13726 	 -4.871
13742 	 -4.643
13744 	 -3.465
13752 	 -3.374
13762 	 -3.351
13766 	 -3.119
13770 	 -3.096
13776 	 -2.681
13778 	 -2.669
13798 	 -2.502
13806 	 -2.505
13810 	 -2.453
13814 	 -2.393
13820 	 -2.437
13842 	 -2.314
13844 	 -2.301
13848 	 -2.059
13866 	 -2.021
13868 	 -1.92
13874 	 -1.953
13876 	 -1.978
13900 	 -1.97
13902 	 -1.917
13912 	 -1.911
13920 	 -1.893
13926 	 -1.89
13934 	 -2.017
13954 	 -1.992
13966 	 -1.985
13984 	 -1.562
14000 	 -1.467
14002 	 -1.461
14012 	 -1.446
14014 	 -1.614
14028 	 -1.597
14032 	 -1.519
14038 	 -1.517
14048 	 -1.395
14060 	 -1.236
14080 	 -1.158
14082 	 -1.079
14096 	 -1.022
14098 	 -1.004
14108 	 -0.999
14114 	 -0.928
14130 	 -0.745
14136 	 -0.744
14138 	 -0.742
14140 	 -0.691
14144 	 -0.679
14158 	 -0.661
14162 	 -0.645
14166 	 -0.631
14188 	 -0.617
14200 	 -0.536
14210 	 -0.53
14218 	 -0.524
14230 	 -0.523
14258 	 -0.487
14268 	 -0.478
14272 	 -0.471
14300 	 -0.431
14318 	 -0.429
14326 	 -0.428
14348 	 -0.425
14426 	 -0.271
14430 	 -0.269
14462 	 -0.26
14476 	 -0.257
14490 	 -0.254
14590 	 -0.252
15000 	 -1.417
15024 	 -1.558
15050 	 -2.339
15078 	 -2.917
15112 	 -3.347
15158 	 -3.481
15162 	 -3.544
15174 	 -3.473
15186 	 -2.915
15216 	 -3.441
15232 	 -3.265
15238 	 -3.495
15250 	 -3.489
15262 	 -2.737
15268 	 -2.478
15282 	 -2.081
15298 	 -1.562
15308 	 -1.581
15310 	 -1.621
15334 	 -1.765
15336 	 -2.064
15342 	 -2.061
15346 	 -1.983
15354 	 -2.083
15356 	 -2.254
15360 	 -2.251
15372 	 -2.074
15374 	 -1.684
15400 	 -1.077
15422 	 -0.833
15456 	 -0.567
15460 	 -0.428
15486 	 -0.238
15490 	 -0.151
15558 	 -0.087
15574 	 -0.058
15660 	 -0.049
15708 	 -0.037
15766 	 -0.035
15864 	 -0.033
15904 	 -0.025
15916 	 -0.022
16000 	 -0.019
16276 	 -0.018
16388 	 -0.012
18000 	 -2.128
18020 	 -2.254
18042 	 -2.798
18064 	 -2.975
18088 	 -2.46
18120 	 -1.931
18154 	 -3.112
18180 	 -2.848
18190 	 -3.636
18234 	 -5
18252 	 -4.976
18262 	 -4.696
18270 	 -3.727
18278 	 -3.664
18286 	 -3.523
18296 	 -4.415
18316 	 -4.46
18328 	 -4.826
18336 	 -4.475
18342 	 -4.514
18348 	 -3.923
18360 	 -3.233
18368 	 -2.774
18384 	 -2.795
18402 	 -2.03
18420 	 -1.079
18426 	 -0.947
18434 	 -0.77
18448 	 -0.26
18472 	 -0.215
18552 	 -0.024
18864 	 -0.012
19002 	 0
21000 	 -1.44
21001 	 -1.44
