0 	 0
3000 	 -1.376
3024 	 -1.496
3050 	 -1.88
3062 	 -2.472
3078 	 -3.176
3112 	 -3.62
3158 	 -3.808
3164 	 -3.728
3186 	 -2.828
3198 	 -2.688
3216 	 -1.912
3232 	 -1.736
3238 	 -1.364
3262 	 -0.608
3296 	 -0.264
3400 	 -0.024
3636 	 -0.008
3904 	 0
6000 	 -2.478
6020 	 -2.638
6042 	 -3.286
6064 	 -3.582
6088 	 -3.11
6120 	 -2.686
6138 	 -2.872
6154 	 -3.312
6180 	 -3.048
6190 	 -3.516
6198 	 -3.5
6234 	 -3.9
6284 	 -4.203
6296 	 -4.179
6346 	 -4.159
6360 	 -2.871
6374 	 -2.271
6376 	 -1.719
6424 	 -1.319
6444 	 -0.761
6504 	 -0.637
6506 	 -0.613
6552 	 -0.501
6634 	 -0.359
6704 	 -0.331
6710 	 -0.307
6726 	 -0.295
6728 	 -0.267
6782 	 -0.263
6894 	 -0.165
6990 	 -0.145
6994 	 -0.125
7002 	 -0.093
7272 	 -0.089
7278 	 -0.085
7290 	 -0.073
7324 	 -0.025
9000 	 -1.433
9024 	 -1.537
9050 	 -2.497
9078 	 -3.177
9112 	 -3.761
9158 	 -3.713
9162 	 -3.797
9174 	 -3.705
9186 	 -2.857
9216 	 -3.589
9232 	 -3.413
9238 	 -3.801
9262 	 -1.973
9268 	 -1.305
9298 	 -0.417
9304 	 -0.413
9306 	 -0.409
9334 	 -0.277
9400 	 -0.025
9660 	 -0.009
9904 	 -0.001
12000 	 -2.966
12002 	 -2.783
12004 	 -3.374
12006 	 -4.084
12008 	 -4.178
12010 	 -5.248
12012 	 -5.239
12016 	 -5.436
12018 	 -5.482
12020 	 -5.598
12028 	 -5.732
12032 	 -5.501
12034 	 -5.552
12040 	 -5.334
12042 	 -5.81
12048 	 -5.597
12054 	 -5.108
12062 	 -5.262
12064 	 -5.338
12070 	 -5.192
12074 	 -4.713
12088 	 -4.101
12090 	 -4.127
12102 	 -3.932
12120 	 -3.317
12140 	 -3.582
12154 	 -4.618
12156 	 -4.722
12162 	 -4.695
12164 	 -4.585
12166 	 -4.667
12176 	 -4.715
12180 	 -4.682
12184 	 -4.674
12186 	 -4.674
12190 	 -4.99
12198 	 -4.962
12200 	 -5.061
12212 	 -6.105
12222 	 -5.998
12228 	 -6.143
12234 	 -7.491
12236 	 -7.588
12242 	 -7.986
12252 	 -7.27
12264 	 -7.491
12274 	 -6.239
12282 	 -5.901
12288 	 -5.956
12290 	 -5.684
12296 	 -6.016
12304 	 -5.972
12308 	 -5.957
12324 	 -5.353
12332 	 -5.385
12334 	 -5.507
12338 	 -5.255
12344 	 -4.417
12350 	 -4.398
12356 	 -4.247
12360 	 -3.295
12376 	 -3.172
12380 	 -3.385
12382 	 -3.377
12388 	 -3.304
12398 	 -3.394
12402 	 -3.353
12404 	 -3.008
12420 	 -2.997
12432 	 -2.826
12436 	 -3.19
12452 	 -3.417
12460 	 -3.38
12466 	 -3.831
12474 	 -3.68
12478 	 -3.661
12480 	 -3.847
12494 	 -3.808
12500 	 -3.726
12516 	 -3.72
12520 	 -3.69
12522 	 -3.538
12538 	 -3.602
12542 	 -3.583
12552 	 -3.463
12556 	 -3.646
12564 	 -3.81
12584 	 -3.791
12590 	 -3.78
12592 	 -3.886
12598 	 -3.56
12608 	 -3.489
12610 	 -3.434
12626 	 -3.615
12630 	 -4.225
12638 	 -4.095
12658 	 -4.189
12696 	 -4.329
12700 	 -4.388
12706 	 -4.616
12710 	 -4.612
12724 	 -4.628
12734 	 -4.551
12742 	 -4.547
12758 	 -4.817
12762 	 -4.673
12768 	 -4.715
12770 	 -4.948
12778 	 -5.014
12792 	 -5.103
12794 	 -5.086
12808 	 -5.212
12818 	 -5.593
12832 	 -5.731
12852 	 -5.802
12870 	 -5.591
12882 	 -5.449
12908 	 -5.366
12920 	 -5.276
12924 	 -5.693
12942 	 -5.725
12954 	 -5.656
12962 	 -5.652
12972 	 -5.605
12980 	 -5.602
12994 	 -5.515
12996 	 -5.499
13004 	 -5.425
13006 	 -5.634
13008 	 -5.62
13028 	 -5.579
13034 	 -5.62
13042 	 -5.561
13044 	 -6.061
13052 	 -6.037
13056 	 -6.008
13062 	 -6.007
13064 	 -5.873
13068 	 -5.754
13072 	 -5.673
13074 	 -5.587
13080 	 -5.117
13082 	 -5.599
13088 	 -5.581
13094 	 -5.563
13102 	 -5.558
13110 	 -5.5
13112 	 -5.703
13114 	 -5.682
13116 	 -5.652
13120 	 -5.571
13134 	 -5.674
13140 	 -5.673
13152 	 -6.17
13160 	 -6.237
13166 	 -6.415
13170 	 -6.244
13176 	 -6.427
13190 	 -6.252
13194 	 -6.282
13206 	 -6.259
13216 	 -6.162
13218 	 -5.888
13228 	 -5.862
13248 	 -5.21
13250 	 -5.275
13264 	 -5.304
13272 	 -5.295
13282 	 -5.411
13290 	 -5.394
13296 	 -5.044
13312 	 -5.208
13318 	 -5.411
13326 	 -5.612
13328 	 -5.584
13340 	 -5.175
13344 	 -5.032
13346 	 -5.064
13360 	 -5.079
13362 	 -5.116
13368 	 -4.997
13372 	 -4.985
13388 	 -5.085
13394 	 -5.124
13414 	 -4.658
13422 	 -4.653
13430 	 -4.663
13432 	 -4.662
13440 	 -4.46
13442 	 -4.283
13446 	 -4.234
13450 	 -4.188
13458 	 -4.047
13460 	 -4.043
13470 	 -3.97
13474 	 -4.122
13478 	 -4.099
13488 	 -4.024
13490 	 -4.014
13496 	 -4.101
13504 	 -4.1
13510 	 -4.084
13514 	 -4.075
13518 	 -4.059
13522 	 -4.038
13536 	 -3.843
13542 	 -3.839
13544 	 -3.848
13546 	 -3.598
13576 	 -3.767
13592 	 -3.698
13600 	 -3.461
13614 	 -3.439
13616 	 -3.431
13618 	 -3.417
13624 	 -3.321
13658 	 -3.243
13674 	 -3.207
13690 	 -3.2
13708 	 -3.185
13726 	 -3.892
13738 	 -4.032
13740 	 -4.133
13744 	 -3.519
13756 	 -3.961
13762 	 -4.002
13786 	 -4.097
13788 	 -3.918
13790 	 -4.65
13792 	 -4.689
13798 	 -4.849
13800 	 -4.886
13808 	 -4.741
13814 	 -4.664
13818 	 -4.616
13824 	 -4.378
13836 	 -4.083
13838 	 -3.81
13844 	 -3.797
13848 	 -3.713
13852 	 -3.595
13856 	 -3.394
13858 	 -3.213
13862 	 -3.026
13872 	 -2.797
13890 	 -2.706
13892 	 -2.705
13896 	 -2.708
13898 	 -2.713
13900 	 -2.705
13902 	 -2.55
13908 	 -2.37
13912 	 -2.364
13916 	 -2.432
13922 	 -2.511
13924 	 -2.509
13932 	 -2.617
13940 	 -2.6
13946 	 -2.486
13948 	 -2.563
13954 	 -2.532
13958 	 -2.592
13962 	 -2.566
13978 	 -2.45
13984 	 -1.834
14002 	 -1.823
14004 	 -1.831
14012 	 -1.816
14022 	 -1.741
14028 	 -1.674
14032 	 -1.596
14038 	 -1.835
14042 	 -2.192
14052 	 -1.99
14054 	 -2.444
14056 	 -2.401
14060 	 -2.37
14084 	 -2.36
14088 	 -2.386
14092 	 -2.315
14096 	 -2.339
14108 	 -2.334
14110 	 -2.034
14120 	 -1.958
14126 	 -1.957
14144 	 -1.781
14168 	 -1.764
14170 	 -1.214
14178 	 -1.196
14182 	 -1.108
14186 	 -1.002
14188 	 -0.993
14194 	 -1.118
14196 	 -1.102
14200 	 -1.046
14204 	 -1.008
14212 	 -1.144
14214 	 -1.128
14218 	 -1.037
14230 	 -1.032
14234 	 -1.052
14254 	 -1.01
14286 	 -1.024
14302 	 -1.129
14318 	 -1.176
14320 	 -1.161
14326 	 -1.16
14336 	 -1.189
14348 	 -1.255
14364 	 -1.326
14388 	 -1.209
14392 	 -1.206
14398 	 -1.2
14402 	 -1.163
14404 	 -1.151
14410 	 -1.001
14420 	 -0.858
14426 	 -0.707
14428 	 -0.693
14432 	 -0.657
14440 	 -0.62
14442 	 -0.609
14448 	 -0.53
14482 	 -0.512
14490 	 -0.444
14500 	 -0.385
14534 	 -0.372
14540 	 -0.365
14552 	 -0.34
14554 	 -0.335
14558 	 -0.315
14642 	 -0.312
14666 	 -0.304
14676 	 -0.285
14732 	 -0.279
15000 	 -1.43
15024 	 -1.548
15050 	 -2.22
15078 	 -2.66
15112 	 -2.915
15158 	 -3.064
15162 	 -3.085
15164 	 -3.074
15174 	 -3.05
15186 	 -2.681
15216 	 -2.873
15232 	 -2.697
15238 	 -2.84
15250 	 -2.834
15262 	 -2.725
15268 	 -2.464
15282 	 -2.332
15298 	 -1.923
15308 	 -1.958
15310 	 -1.998
15334 	 -2.294
15336 	 -2.594
15338 	 -2.562
15342 	 -2.559
15346 	 -2.533
15354 	 -2.708
15356 	 -2.878
15360 	 -2.875
15372 	 -2.678
15374 	 -2.073
15400 	 -1.404
15422 	 -1.067
15456 	 -0.803
15460 	 -0.511
15486 	 -0.321
15492 	 -0.179
15558 	 -0.115
15574 	 -0.057
15632 	 -0.056
15656 	 -0.052
15660 	 -0.049
15708 	 -0.037
15864 	 -0.035
15904 	 -0.027
15916 	 -0.021
16000 	 -0.018
16388 	 -0.012
18000 	 -2.128
18020 	 -2.254
18042 	 -2.798
18064 	 -2.972
18088 	 -2.474
18120 	 -1.992
18154 	 -2.912
18180 	 -2.648
18190 	 -3.374
18234 	 -4.404
18252 	 -4.388
18262 	 -4.014
18270 	 -3.368
18278 	 -3.326
18286 	 -3.232
18296 	 -4.494
18316 	 -4.524
18328 	 -5.012
18336 	 -4.778
18342 	 -4.864
18348 	 -4.47
18360 	 -4.096
18368 	 -3.484
18384 	 -3.512
18402 	 -2.644
18420 	 -1.376
18426 	 -1.2
18434 	 -0.964
18448 	 -0.284
18472 	 -0.224
18552 	 -0.024
18864 	 -0.008
19002 	 0
21000 	 -1.44
21001 	 -1.44
