0 	 0
3000 	 -1.376
3024 	 -1.496
3050 	 -1.88
3062 	 -2.472
3078 	 -3.176
3112 	 -3.62
3158 	 -3.808
3164 	 -3.728
3186 	 -2.828
3198 	 -2.688
3216 	 -1.912
3232 	 -1.736
3238 	 -1.364
3262 	 -0.608
3296 	 -0.264
3400 	 -0.024
3636 	 -0.008
3904 	 0
6000 	 -2.478
6020 	 -2.638
6042 	 -3.286
6064 	 -3.582
6088 	 -3.11
6120 	 -2.686
6138 	 -2.872
6154 	 -3.312
6180 	 -3.048
6190 	 -3.516
6198 	 -3.5
6234 	 -3.9
6284 	 -4.203
6296 	 -4.179
6346 	 -4.159
6360 	 -2.871
6374 	 -2.271
6376 	 -1.719
6424 	 -1.319
6444 	 -0.761
6504 	 -0.637
6506 	 -0.613
6552 	 -0.501
6634 	 -0.359
6704 	 -0.331
6710 	 -0.307
6726 	 -0.295
6728 	 -0.267
6782 	 -0.263
6894 	 -0.165
6990 	 -0.145
6994 	 -0.125
7002 	 -0.093
7272 	 -0.089
7278 	 -0.085
7290 	 -0.073
7324 	 -0.025
9000 	 -1.433
9024 	 -1.537
9050 	 -2.497
9078 	 -3.177
9112 	 -3.761
9158 	 -3.713
9162 	 -3.797
9174 	 -3.705
9186 	 -2.857
9216 	 -3.589
9232 	 -3.413
9238 	 -3.801
9262 	 -1.973
9268 	 -1.305
9298 	 -0.417
9304 	 -0.413
9306 	 -0.409
9334 	 -0.277
9400 	 -0.025
9660 	 -0.009
9904 	 -0.001
12000 	 -2.966
12002 	 -2.783
12004 	 -3.414
12006 	 -4.124
12008 	 -4.629
12010 	 -5.699
12012 	 -5.905
12016 	 -6.102
12018 	 -6.148
12020 	 -6.377
12028 	 -6.511
12032 	 -6.28
12034 	 -6.331
12040 	 -6.201
12042 	 -6.677
12048 	 -6.464
12054 	 -5.975
12062 	 -6.129
12064 	 -6.205
12070 	 -6.242
12074 	 -5.763
12088 	 -5.151
12090 	 -5.177
12100 	 -5.154
12102 	 -4.959
12120 	 -4.344
12130 	 -4.298
12140 	 -4.563
12154 	 -5.599
12156 	 -5.667
12162 	 -5.64
12164 	 -5.53
12166 	 -5.612
12176 	 -5.66
12178 	 -5.862
12180 	 -5.829
12184 	 -5.821
12186 	 -5.873
12190 	 -6.189
12198 	 -6.161
12200 	 -6.338
12206 	 -6.328
12212 	 -7.372
12222 	 -7.265
12228 	 -7.41
12230 	 -7.635
12234 	 -8.983
12236 	 -9.08
12242 	 -9.472
12252 	 -8.756
12254 	 -8.655
12256 	 -8.762
12264 	 -9.003
12274 	 -7.751
12276 	 -7.84
12282 	 -7.473
12286 	 -7.617
12288 	 -7.672
12290 	 -7.4
12294 	 -7.426
12296 	 -7.768
12304 	 -7.538
12308 	 -7.5
12312 	 -7.465
12324 	 -6.791
12332 	 -6.823
12334 	 -6.662
12338 	 -6.41
12344 	 -5.572
12350 	 -5.557
12354 	 -5.443
12356 	 -5.234
12360 	 -4.282
12364 	 -4.241
12372 	 -4.226
12376 	 -4.103
12378 	 -3.759
12382 	 -3.692
12384 	 -3.613
12388 	 -3.54
12394 	 -3.39
12402 	 -3.45
12404 	 -3.105
12420 	 -3.094
12432 	 -3.188
12436 	 -3.506
12438 	 -3.037
12444 	 -3.059
12452 	 -3.286
12456 	 -3.149
12460 	 -3.066
12462 	 -3.128
12466 	 -3.593
12478 	 -3.574
12480 	 -3.76
12494 	 -3.721
12510 	 -3.872
12516 	 -3.866
12520 	 -3.836
12534 	 -3.869
12544 	 -3.83
12552 	 -3.71
12564 	 -3.97
12576 	 -3.95
12578 	 -4.038
12584 	 -4.019
12590 	 -4.008
12602 	 -4.429
12610 	 -4.518
12626 	 -4.699
12630 	 -5.369
12638 	 -5.365
12640 	 -5.28
12650 	 -5.474
12672 	 -5.341
12700 	 -4.981
12706 	 -5.195
12710 	 -5.191
12712 	 -5.571
12724 	 -5.587
12726 	 -5.492
12728 	 -5.617
12742 	 -5.613
12758 	 -5.611
12764 	 -5.384
12768 	 -5.426
12770 	 -5.659
12782 	 -5.651
12788 	 -5.633
12798 	 -5.592
12804 	 -5.509
12808 	 -5.14
12818 	 -5.276
12836 	 -5.178
12838 	 -5.106
12852 	 -5.023
12882 	 -4.998
12886 	 -4.907
12894 	 -4.736
12908 	 -4.663
12920 	 -4.573
12924 	 -4.576
12942 	 -4.608
12954 	 -4.539
12956 	 -4.528
12962 	 -4.47
12972 	 -4.423
12980 	 -4.42
12990 	 -4.417
12994 	 -4.563
12996 	 -4.547
13004 	 -4.473
13008 	 -4.459
13028 	 -4.418
13044 	 -5.05
13050 	 -5.034
13062 	 -5.033
13068 	 -4.914
13076 	 -4.897
13080 	 -4.583
13090 	 -4.561
13094 	 -4.488
13102 	 -4.483
13114 	 -4.462
13132 	 -4.559
13136 	 -4.535
13166 	 -4.532
13206 	 -4.634
13248 	 -4.374
13288 	 -4.719
13290 	 -4.702
13292 	 -4.78
13302 	 -4.879
13338 	 -5.023
13340 	 -4.629
13346 	 -4.661
13372 	 -4.649
13374 	 -4.778
13388 	 -4.772
13392 	 -4.78
13394 	 -4.777
13404 	 -5.049
13414 	 -5.348
13426 	 -5.315
13432 	 -5.239
13434 	 -5.42
13442 	 -5.243
13444 	 -5.623
13448 	 -5.605
13460 	 -5.622
13462 	 -5.738
13466 	 -5.514
13476 	 -5.392
13482 	 -5.364
13488 	 -5.383
13490 	 -5.373
13498 	 -5.253
13504 	 -5.252
13506 	 -5.297
13512 	 -5.391
13514 	 -5.382
13520 	 -5.189
13534 	 -5.535
13542 	 -5.531
13544 	 -5.453
13546 	 -5.061
13554 	 -5.245
13564 	 -5.351
13568 	 -5.557
13576 	 -5.53
13582 	 -5.513
13588 	 -5.041
13592 	 -4.972
13598 	 -5.194
13602 	 -5.18
13606 	 -5.392
13618 	 -5.378
13624 	 -4.978
13630 	 -5.173
13656 	 -5.347
13658 	 -5.136
13682 	 -4.93
13692 	 -4.79
13702 	 -4.857
13708 	 -4.864
13730 	 -4.896
13744 	 -4.042
13762 	 -3.91
13768 	 -4.013
13778 	 -4.035
13780 	 -3.94
13792 	 -3.867
13794 	 -3.732
13798 	 -3.457
13802 	 -3.353
13806 	 -3.201
13810 	 -3.186
13814 	 -3.244
13816 	 -3.243
13822 	 -3.636
13824 	 -3.701
13844 	 -3.538
13848 	 -3.537
13850 	 -3.659
13856 	 -3.599
13858 	 -3.67
13862 	 -3.681
13876 	 -3.665
13878 	 -3.666
13880 	 -3.773
13884 	 -3.861
13888 	 -3.7
13890 	 -3.504
13896 	 -3.543
13900 	 -3.461
13902 	 -3.408
13906 	 -3.915
13910 	 -3.655
13912 	 -3.649
13918 	 -3.759
13922 	 -4.099
13926 	 -4.066
13930 	 -4.048
13936 	 -3.834
13942 	 -3.809
13944 	 -3.922
13946 	 -3.925
13958 	 -3.796
13960 	 -3.605
13964 	 -3.633
13984 	 -3.118
13996 	 -3.303
13998 	 -3.23
14006 	 -3.234
14008 	 -3.233
14012 	 -3.218
14014 	 -2.966
14016 	 -3.073
14018 	 -3.017
14020 	 -3.003
14028 	 -3.009
14032 	 -2.557
14040 	 -2.499
14048 	 -2.425
14050 	 -2.407
14052 	 -2.235
14054 	 -2.227
14060 	 -2.287
14064 	 -2.052
14070 	 -2.053
14082 	 -1.944
14088 	 -1.996
14090 	 -1.971
14094 	 -1.807
14108 	 -1.802
14112 	 -1.729
14120 	 -1.648
14128 	 -1.531
14140 	 -1.484
14144 	 -1.48
14150 	 -1.633
14156 	 -1.961
14164 	 -1.899
14172 	 -1.879
14178 	 -2.124
14182 	 -2.185
14186 	 -2.304
14190 	 -2.238
14192 	 -2.236
14196 	 -2.224
14200 	 -2.156
14202 	 -2.146
14208 	 -2.202
14210 	 -2.204
14224 	 -2.195
14230 	 -2.193
14236 	 -2.197
14246 	 -1.498
14250 	 -1.742
14258 	 -1.708
14260 	 -1.532
14262 	 -1.399
14264 	 -1.395
14266 	 -1.386
14284 	 -1.385
14286 	 -1.156
14302 	 -1.111
14318 	 -1.109
14320 	 -0.948
14326 	 -0.947
14328 	 -0.944
14342 	 -0.976
14362 	 -1.076
14374 	 -1.104
14384 	 -1.1
14388 	 -1.043
14402 	 -1.183
14410 	 -1.247
14426 	 -1.09
14448 	 -1.063
14468 	 -1.039
14470 	 -1.082
14488 	 -1.132
14490 	 -1.086
14506 	 -1.089
14520 	 -0.854
14522 	 -0.85
14524 	 -0.695
14540 	 -0.663
14546 	 -0.526
14570 	 -0.488
14576 	 -0.46
14634 	 -0.395
14636 	 -0.343
14652 	 -0.337
14670 	 -0.333
14688 	 -0.321
14708 	 -0.318
14714 	 -0.298
14756 	 -0.287
15000 	 -1.425
15024 	 -1.565
15050 	 -2.344
15078 	 -2.92
15112 	 -3.358
15158 	 -3.392
15162 	 -3.454
15174 	 -3.382
15186 	 -2.706
15216 	 -3.321
15232 	 -3.145
15238 	 -3.337
15250 	 -3.331
15262 	 -2.341
15268 	 -2.082
15282 	 -1.685
15298 	 -1.165
15308 	 -1.201
15334 	 -1.497
15342 	 -1.494
15346 	 -1.416
15354 	 -1.588
15360 	 -1.585
15372 	 -1.187
15400 	 -0.717
15422 	 -0.54
15460 	 -0.248
15486 	 -0.246
15492 	 -0.104
15574 	 -0.046
15660 	 -0.037
15904 	 -0.029
15916 	 -0.025
15920 	 -0.024
15932 	 -0.023
15936 	 -0.022
15968 	 -0.021
16000 	 -0.018
16320 	 -0.017
16388 	 -0.011
18000 	 -2.128
18020 	 -2.245
18042 	 -2.757
18064 	 -2.894
18088 	 -2.339
18120 	 -1.764
18154 	 -2.864
18180 	 -2.6
18190 	 -3.253
18234 	 -4.518
18252 	 -4.494
18262 	 -4.306
18270 	 -3.337
18278 	 -3.274
18286 	 -3.133
18296 	 -3.669
18316 	 -3.714
18328 	 -3.958
18336 	 -3.607
18342 	 -3.616
18348 	 -3.025
18360 	 -2.268
18368 	 -1.962
18384 	 -1.976
18402 	 -1.39
18420 	 -0.756
18426 	 -0.668
18434 	 -0.55
18448 	 -0.21
18472 	 -0.18
18552 	 -0.02
18864 	 -0.012
19002 	 0
21000 	 -1.44
21001 	 -1.44
