0 	 0
3000 	 -1.376
3024 	 -1.496
3050 	 -1.88
3062 	 -2.472
3078 	 -3.176
3112 	 -3.62
3158 	 -3.808
3164 	 -3.728
3186 	 -2.828
3198 	 -2.688
3216 	 -1.912
3232 	 -1.736
3238 	 -1.364
3262 	 -0.608
3296 	 -0.264
3400 	 -0.024
3636 	 -0.008
3904 	 0
6000 	 -2.478
6020 	 -2.638
6042 	 -3.286
6064 	 -3.582
6088 	 -3.11
6120 	 -2.686
6138 	 -2.872
6154 	 -3.312
6180 	 -3.048
6190 	 -3.516
6198 	 -3.5
6234 	 -3.9
6284 	 -4.203
6296 	 -4.179
6346 	 -4.159
6360 	 -2.871
6374 	 -2.271
6376 	 -1.719
6424 	 -1.319
6444 	 -0.761
6504 	 -0.637
6506 	 -0.613
6552 	 -0.501
6634 	 -0.359
6704 	 -0.331
6710 	 -0.307
6726 	 -0.295
6728 	 -0.267
6782 	 -0.263
6894 	 -0.165
6990 	 -0.145
6994 	 -0.125
7002 	 -0.093
7272 	 -0.089
7278 	 -0.085
7290 	 -0.073
7324 	 -0.025
9000 	 -1.433
9024 	 -1.537
9050 	 -2.497
9078 	 -3.177
9112 	 -3.761
9158 	 -3.713
9162 	 -3.797
9174 	 -3.705
9186 	 -2.857
9216 	 -3.589
9232 	 -3.413
9238 	 -3.801
9262 	 -1.973
9268 	 -1.305
9298 	 -0.417
9304 	 -0.413
9306 	 -0.409
9334 	 -0.277
9400 	 -0.025
9660 	 -0.009
9904 	 -0.001
12000 	 -2.966
12002 	 -2.783
12004 	 -3.494
12006 	 -4.204
12008 	 -5.537
12010 	 -6.607
12012 	 -7.239
12016 	 -7.436
12018 	 -7.482
12020 	 -7.931
12028 	 -8.065
12032 	 -7.834
12034 	 -7.885
12040 	 -7.861
12042 	 -8.337
12048 	 -8.124
12054 	 -7.635
12062 	 -7.79
12064 	 -7.866
12070 	 -8.079
12074 	 -7.6
12086 	 -7.865
12088 	 -7.253
12090 	 -7.284
12100 	 -7.188
12102 	 -7.004
12114 	 -7.145
12120 	 -6.426
12130 	 -6.187
12132 	 -6.461
12140 	 -6.726
12154 	 -7.894
12156 	 -7.788
12162 	 -8.215
12164 	 -8.105
12176 	 -8.295
12178 	 -8.275
12180 	 -8.225
12184 	 -8.077
12186 	 -8.087
12190 	 -8.403
12192 	 -8.346
12198 	 -8.318
12200 	 -8.106
12210 	 -8.099
12212 	 -9.143
12222 	 -9.036
12226 	 -9.231
12228 	 -9.376
12230 	 -9.227
12234 	 -10.575
12236 	 -10.368
12248 	 -10.376
12252 	 -9.621
12254 	 -9.761
12260 	 -9.743
12264 	 -9.678
12266 	 -9.554
12272 	 -9.553
12274 	 -8.404
12276 	 -8.527
12282 	 -8.23
12284 	 -8.019
12290 	 -7.747
12296 	 -8.053
12298 	 -8.343
12304 	 -7.962
12308 	 -7.947
12320 	 -7.949
12324 	 -7.345
12328 	 -7.495
12330 	 -7.608
12332 	 -7.64
12334 	 -7.206
12338 	 -6.954
12344 	 -6.158
12346 	 -6.119
12350 	 -6.1
12352 	 -6.104
12354 	 -6.134
12358 	 -6.115
12360 	 -5.067
12370 	 -5.126
12382 	 -4.971
12386 	 -4.866
12388 	 -4.995
12402 	 -4.698
12404 	 -4.426
12406 	 -4.5
12412 	 -4.537
12420 	 -4.526
12432 	 -4.045
12436 	 -4.354
12438 	 -4.048
12444 	 -4.001
12452 	 -4.228
12456 	 -3.968
12460 	 -3.885
12462 	 -3.83
12464 	 -3.767
12466 	 -4.232
12472 	 -4.289
12480 	 -4.475
12486 	 -4.451
12494 	 -4.412
12496 	 -4.383
12500 	 -4.374
12502 	 -4.355
12506 	 -4.781
12512 	 -4.779
12516 	 -4.729
12520 	 -5.003
12532 	 -4.994
12550 	 -4.764
12552 	 -4.644
12564 	 -4.812
12568 	 -4.578
12578 	 -4.465
12590 	 -4.424
12604 	 -4.247
12614 	 -4.208
12626 	 -4.389
12630 	 -4.903
12638 	 -4.899
12640 	 -5.021
12664 	 -5.198
12676 	 -5.154
12686 	 -5.141
12690 	 -5.111
12696 	 -4.907
12700 	 -4.88
12706 	 -5.108
12710 	 -5.104
12714 	 -5.076
12718 	 -5.244
12726 	 -5.326
12742 	 -5.322
12756 	 -5.31
12758 	 -5.308
12766 	 -5.137
12768 	 -5.179
12770 	 -5.412
12784 	 -5.722
12786 	 -6.245
12798 	 -6.532
12800 	 -6.523
12802 	 -6.7
12804 	 -6.903
12814 	 -6.901
12818 	 -6.919
12826 	 -7.083
12828 	 -7.229
12836 	 -6.943
12840 	 -6.939
12846 	 -7.337
12850 	 -7.193
12854 	 -7.221
12856 	 -7.185
12866 	 -7.232
12872 	 -7.416
12874 	 -7.37
12876 	 -7.199
12882 	 -7.307
12886 	 -7.407
12892 	 -7.388
12896 	 -6.999
12906 	 -7.012
12908 	 -6.598
12916 	 -6.671
12920 	 -6.581
12922 	 -6.591
12924 	 -6.556
12932 	 -6.361
12934 	 -6.525
12936 	 -6.463
12938 	 -6.296
12942 	 -6.328
12948 	 -6.269
12952 	 -6.185
12954 	 -6.116
12962 	 -6.142
12964 	 -6.304
12970 	 -6.299
12972 	 -6.271
12990 	 -6.265
12994 	 -6.326
12996 	 -6.352
12998 	 -6.087
13004 	 -5.927
13008 	 -5.913
13016 	 -5.868
13020 	 -5.869
13028 	 -5.828
13030 	 -5.975
13032 	 -6.399
13034 	 -6.226
13036 	 -6.237
13044 	 -6.606
13046 	 -6.477
13048 	 -6.621
13052 	 -6.723
13054 	 -6.71
13062 	 -6.709
13064 	 -6.74
13066 	 -6.842
13068 	 -6.723
13076 	 -6.639
13078 	 -6.518
13080 	 -6.198
13090 	 -6.201
13098 	 -5.95
13102 	 -5.945
13112 	 -5.88
13114 	 -5.859
13116 	 -5.888
13118 	 -5.86
13120 	 -6.002
13122 	 -5.807
13128 	 -5.849
13134 	 -5.829
13144 	 -5.77
13146 	 -5.817
13150 	 -5.834
13154 	 -5.676
13156 	 -5.78
13158 	 -5.45
13160 	 -5.317
13162 	 -5.304
13172 	 -5.206
13182 	 -5.156
13184 	 -5.237
13186 	 -5.194
13206 	 -5.25
13208 	 -4.967
13214 	 -4.93
13228 	 -4.891
13246 	 -4.89
13248 	 -4.593
13256 	 -4.698
13258 	 -4.696
13272 	 -4.991
13274 	 -5.14
13276 	 -5.425
13288 	 -5.387
13290 	 -5.37
13302 	 -5.447
13304 	 -5.44
13308 	 -5.359
13340 	 -5.058
13346 	 -5.216
13350 	 -5.117
13360 	 -5.109
13368 	 -5.155
13370 	 -5.27
13372 	 -5.258
13374 	 -5.244
13376 	 -5.17
13378 	 -5.202
13386 	 -5.184
13388 	 -5.178
13394 	 -5.175
13408 	 -4.738
13414 	 -4.649
13432 	 -4.466
13442 	 -4.558
13482 	 -4.539
13484 	 -5.095
13486 	 -4.977
13500 	 -4.907
13514 	 -4.898
13522 	 -5.049
13532 	 -5.039
13540 	 -5.132
13542 	 -5.128
13546 	 -4.401
13550 	 -4.4
13564 	 -4.358
13568 	 -4.387
13570 	 -4.378
13572 	 -4.241
13580 	 -4.186
13584 	 -4.275
13592 	 -4.206
13594 	 -4.018
13600 	 -3.906
13602 	 -3.933
13606 	 -3.781
13616 	 -3.755
13620 	 -3.724
13626 	 -3.693
13632 	 -3.651
13634 	 -3.667
13638 	 -3.62
13654 	 -3.618
13658 	 -2.88
13668 	 -2.887
13670 	 -2.916
13674 	 -2.871
13676 	 -2.85
13694 	 -2.759
13696 	 -2.736
13700 	 -2.719
13710 	 -2.648
13714 	 -2.639
13726 	 -2.635
13742 	 -2.607
13744 	 -2.139
13776 	 -2.099
13788 	 -2.09
13790 	 -2.025
13794 	 -2.122
13802 	 -2.221
13812 	 -2.343
13814 	 -2.301
13834 	 -2.286
13842 	 -2.407
13846 	 -2.391
13856 	 -2.382
13872 	 -2.377
13874 	 -2.369
13878 	 -2.348
13882 	 -2.347
13884 	 -2.365
13886 	 -2.411
13900 	 -2.403
13902 	 -2.35
13908 	 -2.301
13912 	 -2.295
13934 	 -2.263
13942 	 -2.259
13962 	 -2.098
13972 	 -2.066
13984 	 -2.09
13986 	 -2.053
13996 	 -2.052
14012 	 -2.037
14016 	 -2.011
14032 	 -1.98
14038 	 -2.153
14052 	 -2.196
14062 	 -2.195
14064 	 -2.227
14070 	 -2.203
14086 	 -2.197
14100 	 -2.215
14112 	 -2.212
14114 	 -2.381
14130 	 -2.369
14144 	 -2.408
14158 	 -2.448
14170 	 -2.446
14192 	 -2.445
14200 	 -2.484
14202 	 -2.561
14224 	 -2.757
14228 	 -2.885
14250 	 -2.852
14262 	 -2.689
14264 	 -2.688
14266 	 -2.431
14272 	 -2.592
14278 	 -2.556
14284 	 -2.558
14302 	 -2.511
14304 	 -2.329
14312 	 -2.328
14316 	 -2.185
14318 	 -2.266
14320 	 -2.214
14322 	 -2.171
14326 	 -2.17
14332 	 -2.146
14340 	 -1.978
14346 	 -1.931
14348 	 -1.855
14350 	 -1.994
14362 	 -1.939
14366 	 -1.803
14376 	 -1.904
14380 	 -1.883
14386 	 -1.858
14396 	 -1.813
14400 	 -1.567
14418 	 -1.566
14422 	 -1.528
14426 	 -1.154
14430 	 -1.152
14445 	 -1.587
14458 	 -1.572
14460 	 -1.656
14474 	 -1.634
14486 	 -1.63
14490 	 -1.62
14506 	 -1.62
14512 	 -1.602
14518 	 -1.659
14532 	 -1.649
14542 	 -1.611
14552 	 -1.8
14574 	 -1.53
14602 	 -1.661
14604 	 -1.577
14606 	 -2.242
14616 	 -2.101
14618 	 -2.243
14626 	 -2.306
14638 	 -2.428
14642 	 -2.361
14652 	 -2.36
14656 	 -2.317
14658 	 -2.214
14662 	 -2.369
14664 	 -2.344
14668 	 -2.335
14678 	 -2.347
14682 	 -2.37
14684 	 -2.434
14692 	 -2.431
14696 	 -2.41
14706 	 -1.92
14726 	 -1.565
14732 	 -1.473
14736 	 -1.343
14754 	 -1.38
14758 	 -1.459
14776 	 -1.333
14786 	 -1.302
14788 	 -1.224
14790 	 -1.149
14808 	 -1.153
14810 	 -1.163
14816 	 -1.162
14826 	 -1.08
14830 	 -1.059
14846 	 -0.84
14854 	 -0.528
14876 	 -0.449
14882 	 -0.364
14906 	 -0.368
15000 	 -1.456
15024 	 -1.593
15050 	 -2.084
15078 	 -2.414
15112 	 -2.466
15158 	 -2.399
15162 	 -2.421
15174 	 -2.398
15186 	 -2.053
15216 	 -1.84
15232 	 -1.664
15238 	 -1.729
15250 	 -1.723
15262 	 -1.415
15266 	 -1.385
15276 	 -1.231
15300 	 -1.061
15308 	 -1.095
15334 	 -1.396
15342 	 -1.393
15348 	 -1.391
15350 	 -1.369
15354 	 -1.541
15372 	 -1.331
15374 	 -1.112
15400 	 -0.723
15422 	 -0.544
15424 	 -0.536
15460 	 -0.389
15462 	 -0.247
15486 	 -0.245
15492 	 -0.1
15574 	 -0.071
15582 	 -0.044
15602 	 -0.04
15658 	 -0.037
15904 	 -0.029
15916 	 -0.026
15942 	 -0.024
16000 	 -0.021
16194 	 -0.02
16388 	 -0.014
16392 	 -0.013
16488 	 -0.012
18000 	 -2.128
18020 	 -2.227
18042 	 -2.675
18064 	 -2.726
18088 	 -2.125
18120 	 -1.552
18154 	 -1.968
18180 	 -1.704
18190 	 -1.963
18234 	 -2.362
18252 	 -2.354
18262 	 -2.166
18270 	 -1.843
18278 	 -1.822
18286 	 -1.775
18296 	 -2.335
18316 	 -2.35
18328 	 -2.594
18336 	 -2.477
18342 	 -2.52
18348 	 -2.323
18360 	 -2.064
18368 	 -1.758
18384 	 -1.772
18402 	 -1.338
18420 	 -0.704
18426 	 -0.616
18434 	 -0.498
18448 	 -0.158
18472 	 -0.128
18552 	 -0.012
18864 	 -0.004
19002 	 0
21000 	 -1.44
21001 	 -1.44
