0 	 0
3000 	 -1.376
3024 	 -1.496
3050 	 -1.88
3062 	 -2.472
3078 	 -3.176
3112 	 -3.62
3158 	 -3.808
3164 	 -3.728
3186 	 -2.828
3198 	 -2.688
3216 	 -1.912
3232 	 -1.736
3238 	 -1.364
3262 	 -0.608
3296 	 -0.264
3400 	 -0.024
3636 	 -0.008
3904 	 0
6000 	 -2.478
6020 	 -2.638
6042 	 -3.286
6064 	 -3.582
6088 	 -3.11
6120 	 -2.686
6138 	 -2.872
6154 	 -3.312
6180 	 -3.048
6190 	 -3.516
6198 	 -3.5
6234 	 -3.9
6284 	 -4.203
6296 	 -4.179
6346 	 -4.159
6360 	 -2.871
6374 	 -2.271
6376 	 -1.719
6424 	 -1.319
6444 	 -0.761
6504 	 -0.637
6506 	 -0.613
6552 	 -0.501
6634 	 -0.359
6704 	 -0.331
6710 	 -0.307
6726 	 -0.295
6728 	 -0.267
6782 	 -0.263
6894 	 -0.165
6990 	 -0.145
6994 	 -0.125
7002 	 -0.093
7272 	 -0.089
7278 	 -0.085
7290 	 -0.073
7324 	 -0.025
9000 	 -1.433
9024 	 -1.537
9050 	 -2.497
9078 	 -3.177
9112 	 -3.761
9158 	 -3.713
9162 	 -3.797
9174 	 -3.705
9186 	 -2.857
9216 	 -3.589
9232 	 -3.413
9238 	 -3.801
9262 	 -1.973
9268 	 -1.305
9298 	 -0.417
9304 	 -0.413
9306 	 -0.409
9334 	 -0.277
9400 	 -0.025
9660 	 -0.009
9904 	 -0.001
12000 	 -2.952
12002 	 -2.714
12004 	 -2.947
12006 	 -3.446
12008 	 -3.879
12010 	 -5.381
12012 	 -5.594
12016 	 -5.923
12018 	 -6.015
12020 	 -6.235
12028 	 -6.369
12032 	 -6.301
12034 	 -6.418
12040 	 -6.207
12042 	 -6.683
12054 	 -6.194
12062 	 -6.625
12064 	 -6.677
12074 	 -6.198
12088 	 -5.586
12090 	 -5.727
12100 	 -5.864
12102 	 -5.748
12120 	 -5.102
12140 	 -5.367
12154 	 -6.403
12156 	 -6.421
12164 	 -6.217
12176 	 -6.032
12180 	 -5.999
12182 	 -6.465
12186 	 -6.663
12190 	 -6.979
12200 	 -6.82
12204 	 -7.201
12208 	 -7.593
12212 	 -8.637
12218 	 -8.612
12220 	 -8.621
12222 	 -8.407
12224 	 -8.465
12228 	 -8.61
12234 	 -9.958
12236 	 -9.821
12240 	 -9.824
12252 	 -9.108
12254 	 -9.221
12266 	 -9.513
12272 	 -9.487
12274 	 -8.235
12282 	 -8.107
12288 	 -8.019
12290 	 -7.747
12296 	 -7.91
12302 	 -8.003
12304 	 -7.959
12308 	 -8.055
12320 	 -8.057
12322 	 -7.977
12324 	 -7.373
12328 	 -7.403
12332 	 -7.435
12334 	 -7.34
12338 	 -7.088
12342 	 -7.025
12344 	 -6.229
12350 	 -6.21
12360 	 -5.258
12366 	 -5.459
12380 	 -5.449
12382 	 -5.441
12384 	 -5.305
12386 	 -4.773
12392 	 -4.832
12398 	 -4.568
12404 	 -4.283
12406 	 -4.253
12410 	 -4.369
12412 	 -4.313
12420 	 -4.302
12432 	 -4.205
12436 	 -4.54
12437 	 -4.76
12440 	 -4.902
12448 	 -4.957
12452 	 -5.184
12460 	 -5.101
12466 	 -5.608
12468 	 -5.651
12472 	 -5.606
12476 	 -5.824
12480 	 -5.866
12484 	 -5.961
12486 	 -5.927
12492 	 -6.024
12494 	 -5.985
12508 	 -6.04
12516 	 -6.213
12520 	 -6.183
12526 	 -6.105
12530 	 -6.084
12538 	 -6.044
12540 	 -6.11
12542 	 -6.103
12544 	 -6.042
12552 	 -5.922
12562 	 -6.004
12564 	 -6.172
12566 	 -6.13
12584 	 -6.151
12586 	 -6.385
12590 	 -6.264
12594 	 -6.436
12604 	 -6.194
12618 	 -6.207
12624 	 -6.198
12626 	 -6.379
12630 	 -6.948
12634 	 -6.775
12638 	 -6.771
12644 	 -6.346
12648 	 -6.418
12658 	 -6.449
12664 	 -6.18
12666 	 -6.223
12668 	 -6.679
12680 	 -6.971
12688 	 -7.015
12702 	 -7.013
12706 	 -7.241
12710 	 -7.237
12712 	 -6.768
12730 	 -6.537
12742 	 -6.439
12748 	 -6.422
12750 	 -6.436
12756 	 -6.274
12758 	 -6.272
12768 	 -6.314
12770 	 -6.547
12782 	 -6.405
12788 	 -6.235
12794 	 -6.34
12818 	 -6.457
12826 	 -6.377
12828 	 -6.274
12840 	 -6.237
12842 	 -6.296
12854 	 -6.355
12864 	 -6.484
12872 	 -6.482
12874 	 -6.413
12888 	 -6.372
12908 	 -5.877
12920 	 -5.787
12922 	 -5.781
12924 	 -5.686
12926 	 -6.167
12932 	 -6.834
12934 	 -6.742
12942 	 -6.774
12952 	 -6.77
12954 	 -6.634
12958 	 -6.802
12960 	 -6.91
12964 	 -6.802
12970 	 -6.781
12972 	 -6.734
12978 	 -6.538
12986 	 -6.698
12988 	 -6.866
12996 	 -6.879
12998 	 -6.998
13004 	 -6.924
13008 	 -6.91
13010 	 -7.026
13016 	 -6.783
13018 	 -6.624
13022 	 -6.752
13024 	 -6.729
13026 	 -6.753
13028 	 -6.546
13038 	 -6.605
13042 	 -6.586
13044 	 -6.853
13046 	 -6.671
13052 	 -6.693
13062 	 -6.796
13066 	 -6.302
13068 	 -6.045
13070 	 -6.069
13072 	 -6.159
13076 	 -6.082
13078 	 -6.08
13080 	 -5.766
13088 	 -5.741
13090 	 -5.791
13092 	 -5.948
13094 	 -5.814
13102 	 -5.809
13106 	 -5.733
13108 	 -5.718
13110 	 -5.622
13112 	 -5.489
13114 	 -5.442
13126 	 -5.213
13136 	 -5.191
13138 	 -5.391
13150 	 -5.207
13154 	 -5.13
13160 	 -5.077
13164 	 -5.344
13168 	 -5.34
13172 	 -5.687
13192 	 -5.888
13196 	 -6.124
13206 	 -6.034
13208 	 -6.128
13210 	 -6.127
13220 	 -6.118
13222 	 -5.983
13234 	 -5.981
13248 	 -4.762
13258 	 -4.761
13260 	 -4.762
13268 	 -4.638
13272 	 -4.664
13284 	 -4.658
13286 	 -4.317
13290 	 -4.296
13296 	 -4.077
13306 	 -3.96
13308 	 -3.812
13322 	 -3.554
13324 	 -3.471
13328 	 -3.361
13330 	 -3.477
13340 	 -3.083
13342 	 -2.983
13344 	 -3.121
13346 	 -3.153
13356 	 -3.32
13360 	 -3.254
13370 	 -3.234
13372 	 -3.222
13376 	 -3.169
13378 	 -3.183
13388 	 -3.177
13390 	 -3.166
13392 	 -3.038
13394 	 -2.949
13402 	 -2.958
13410 	 -2.941
13414 	 -2.961
13416 	 -3.063
13424 	 -2.973
13438 	 -3.064
13440 	 -2.991
13442 	 -2.814
13454 	 -2.8
13464 	 -2.822
13466 	 -2.787
13474 	 -2.652
13480 	 -2.63
13486 	 -2.655
13488 	 -2.704
13490 	 -2.694
13492 	 -2.672
13508 	 -2.65
13510 	 -2.724
13512 	 -2.699
13514 	 -2.69
13522 	 -2.671
13532 	 -2.659
13542 	 -2.655
13544 	 -2.134
13546 	 -1.884
13560 	 -1.853
13568 	 -1.721
13570 	 -1.719
13574 	 -1.7
13588 	 -1.661
13592 	 -1.556
13612 	 -1.555
13618 	 -1.541
13650 	 -1.473
13658 	 -1.394
13662 	 -1.347
13682 	 -1.343
13686 	 -1.323
13690 	 -1.322
13730 	 -1.298
13744 	 -0.854
13766 	 -0.848
13782 	 -0.838
13814 	 -0.796
13822 	 -0.782
13844 	 -0.769
13900 	 -0.761
13902 	 -0.708
13912 	 -0.702
13962 	 -0.643
13978 	 -0.642
13984 	 -0.546
14006 	 -0.544
14012 	 -0.529
14032 	 -0.451
14074 	 -0.45
14108 	 -0.445
14172 	 -0.443
14186 	 -0.442
14200 	 -0.386
14318 	 -0.384
14326 	 -0.383
14426 	 -0.232
15000 	 -1.413
15024 	 -1.543
15050 	 -2.054
15078 	 -2.377
15112 	 -2.427
15158 	 -2.463
15162 	 -2.483
15174 	 -2.459
15186 	 -2.158
15216 	 -1.962
15232 	 -1.786
15238 	 -1.85
15250 	 -1.844
15262 	 -1.831
15268 	 -1.745
15282 	 -1.613
15298 	 -1.439
15310 	 -1.5
15336 	 -1.948
15342 	 -1.945
15346 	 -1.919
15356 	 -2.174
15360 	 -2.171
15374 	 -1.596
15400 	 -1.067
15422 	 -0.827
15456 	 -0.433
15486 	 -0.147
15558 	 -0.045
15660 	 -0.042
15708 	 -0.036
15864 	 -0.027
15904 	 -0.019
16000 	 -0.016
16388 	 -0.01
18000 	 -2.128
18020 	 -2.236
18042 	 -2.716
18064 	 -2.807
18088 	 -2.246
18120 	 -1.719
18154 	 -2.216
18180 	 -1.952
18190 	 -2.346
18234 	 -2.844
18252 	 -2.836
18262 	 -2.557
18270 	 -2.234
18278 	 -2.213
18286 	 -2.166
18296 	 -3.081
18316 	 -3.096
18328 	 -3.462
18336 	 -3.345
18342 	 -3.418
18348 	 -3.221
18360 	 -3.029
18368 	 -2.57
18384 	 -2.591
18402 	 -1.978
18420 	 -1.027
18426 	 -0.895
18434 	 -0.718
18448 	 -0.208
18472 	 -0.163
18552 	 -0.016
18864 	 -0.004
19002 	 0
21000 	 -1.44
21001 	 -1.44
