0 	 0
3000 	 -1.376
3024 	 -1.496
3050 	 -1.88
3062 	 -2.472
3078 	 -3.176
3112 	 -3.62
3158 	 -3.808
3164 	 -3.728
3186 	 -2.828
3198 	 -2.688
3216 	 -1.912
3232 	 -1.736
3238 	 -1.364
3262 	 -0.608
3296 	 -0.264
3400 	 -0.024
3636 	 -0.008
3904 	 0
6000 	 -2.478
6020 	 -2.638
6042 	 -3.286
6064 	 -3.582
6088 	 -3.11
6120 	 -2.686
6138 	 -2.872
6154 	 -3.312
6180 	 -3.048
6190 	 -3.516
6198 	 -3.5
6234 	 -3.9
6284 	 -4.203
6296 	 -4.179
6346 	 -4.159
6360 	 -2.871
6374 	 -2.271
6376 	 -1.719
6424 	 -1.319
6444 	 -0.761
6504 	 -0.637
6506 	 -0.613
6552 	 -0.501
6634 	 -0.359
6704 	 -0.331
6710 	 -0.307
6726 	 -0.295
6728 	 -0.267
6782 	 -0.263
6894 	 -0.165
6990 	 -0.145
6994 	 -0.125
7002 	 -0.093
7272 	 -0.089
7278 	 -0.085
7290 	 -0.073
7324 	 -0.025
9000 	 -1.433
9024 	 -1.537
9050 	 -2.497
9078 	 -3.177
9112 	 -3.761
9158 	 -3.713
9162 	 -3.797
9174 	 -3.705
9186 	 -2.857
9216 	 -3.589
9232 	 -3.413
9238 	 -3.801
9262 	 -1.973
9268 	 -1.305
9298 	 -0.417
9304 	 -0.413
9306 	 -0.409
9334 	 -0.277
9400 	 -0.025
9660 	 -0.009
9904 	 -0.001
12000 	 -2.966
12002 	 -2.783
12004 	 -3.416
12006 	 -4.126
12008 	 -4.653
12010 	 -5.723
12012 	 -5.927
12016 	 -6.124
12018 	 -6.17
12020 	 -6.39
12028 	 -6.524
12032 	 -6.293
12034 	 -6.344
12040 	 -6.144
12042 	 -6.62
12048 	 -6.407
12054 	 -5.918
12062 	 -6.073
12064 	 -6.149
12070 	 -6.003
12074 	 -5.524
12088 	 -4.912
12090 	 -4.943
12100 	 -5.08
12102 	 -4.896
12120 	 -4.177
12140 	 -4.442
12154 	 -5.478
12156 	 -5.259
12162 	 -5.686
12164 	 -5.576
12176 	 -5.766
12178 	 -5.746
12180 	 -5.713
12182 	 -6.179
12186 	 -6.173
12190 	 -6.489
12198 	 -6.461
12200 	 -6.461
12208 	 -6.853
12212 	 -7.897
12222 	 -7.79
12226 	 -8.188
12228 	 -8.333
12234 	 -9.681
12236 	 -9.777
12252 	 -9.061
12266 	 -9.662
12274 	 -8.41
12282 	 -8.282
12284 	 -8.071
12290 	 -7.876
12296 	 -8.039
12298 	 -8.068
12304 	 -8.024
12308 	 -8.009
12322 	 -8
12324 	 -7.396
12332 	 -7.428
12334 	 -7.561
12338 	 -7.309
12344 	 -6.513
12350 	 -6.494
12354 	 -6.41
12360 	 -5.46
12368 	 -5.432
12378 	 -5.563
12382 	 -5.445
12386 	 -5.211
12398 	 -5.315
12402 	 -5.179
12404 	 -4.907
12406 	 -4.877
12412 	 -4.821
12418 	 -4.818
12420 	 -4.807
12432 	 -4.543
12436 	 -4.902
12437 	 -5.122
12440 	 -5.264
12452 	 -5.602
12460 	 -5.712
12464 	 -5.697
12466 	 -6.252
12472 	 -6.179
12474 	 -6.157
12476 	 -6.342
12480 	 -6.384
12486 	 -6.36
12494 	 -6.321
12496 	 -6.209
12502 	 -6.229
12508 	 -6.22
12516 	 -6.393
12520 	 -6.363
12526 	 -6.285
12540 	 -6.631
12544 	 -6.531
12550 	 -6.339
12552 	 -6.219
12562 	 -6.342
12564 	 -6.51
12566 	 -6.468
12568 	 -6.445
12590 	 -6.324
12594 	 -6.496
12604 	 -6.486
12614 	 -6.853
12618 	 -6.387
12620 	 -6.315
12624 	 -6.314
12626 	 -6.495
12630 	 -7.593
12638 	 -7.589
12642 	 -7.535
12648 	 -7.574
12664 	 -7.454
12676 	 -7.553
12678 	 -6.841
12684 	 -6.853
12706 	 -7.083
12710 	 -7.079
12712 	 -6.865
12730 	 -6.88
12736 	 -6.858
12738 	 -6.825
12742 	 -6.821
12748 	 -6.804
12758 	 -6.802
12768 	 -6.877
12770 	 -7.11
12774 	 -7.039
12782 	 -6.941
12784 	 -6.972
12800 	 -6.963
12812 	 -7.73
12818 	 -7.911
12840 	 -8.354
12866 	 -8.605
12874 	 -8.507
12904 	 -8.653
12908 	 -8.746
12916 	 -8.738
12920 	 -8.648
12924 	 -8.964
12926 	 -8.66
12932 	 -8.937
12934 	 -8.935
12936 	 -8.939
12942 	 -8.971
12950 	 -9.058
12954 	 -8.989
12956 	 -9.137
12960 	 -9.246
12964 	 -9.289
12972 	 -9.242
12980 	 -9.361
12986 	 -9.461
12996 	 -9.445
13000 	 -9.948
13004 	 -9.874
13008 	 -9.86
13016 	 -9.347
13020 	 -9.248
13024 	 -9.166
13028 	 -9.125
13034 	 -9.095
13040 	 -9.18
13042 	 -9.161
13044 	 -9.652
13048 	 -9.45
13060 	 -9.563
13062 	 -9.562
13064 	 -9.836
13068 	 -9.717
13078 	 -9.715
13080 	 -9.401
13086 	 -9.887
13088 	 -9.77
13092 	 -10.052
13100 	 -9.856
13102 	 -9.851
13112 	 -9.831
13114 	 -9.784
13116 	 -9.289
13118 	 -9.382
13136 	 -9.113
13144 	 -9.09
13150 	 -9.064
13152 	 -9.055
13168 	 -9.958
13176 	 -9.958
13202 	 -9.909
13206 	 -9.371
13214 	 -9.234
13218 	 -8.978
13220 	 -8.969
13228 	 -8.993
13232 	 -8.935
13234 	 -8.202
13246 	 -8.15
13248 	 -7.617
13252 	 -7.585
13274 	 -7.807
13276 	 -6.75
13282 	 -6.677
13290 	 -6.66
13292 	 -6.773
13296 	 -7.044
13300 	 -6.991
13314 	 -6.979
13322 	 -6.47
13340 	 -6.022
13346 	 -6.185
13360 	 -6.14
13364 	 -6.37
13372 	 -6.358
13380 	 -6.42
13384 	 -6.343
13388 	 -6.335
13394 	 -6.333
13408 	 -6.332
13414 	 -6.013
13420 	 -6.149
13422 	 -6.292
13430 	 -6.756
13434 	 -7.118
13442 	 -6.972
13444 	 -7.179
13446 	 -7.362
13452 	 -7.337
13456 	 -7.001
13468 	 -6.814
13470 	 -6.806
13480 	 -6.778
13482 	 -6.761
13486 	 -6.546
13490 	 -6.345
13492 	 -6.036
13498 	 -5.908
13508 	 -5.909
13514 	 -5.9
13524 	 -5.71
13534 	 -5.231
13542 	 -5.227
13546 	 -5.236
13550 	 -5.235
13558 	 -5.255
13564 	 -5.082
13580 	 -5.22
13588 	 -5.131
13592 	 -5.147
13600 	 -5.068
13608 	 -5.055
13612 	 -4.996
13614 	 -5.048
13618 	 -5.034
13622 	 -4.96
13624 	 -4.695
13640 	 -4.664
13642 	 -4.687
13652 	 -4.758
13658 	 -4.109
13660 	 -4.252
13662 	 -4.067
13670 	 -4.014
13682 	 -3.922
13692 	 -3.73
13696 	 -3.677
13706 	 -3.658
13708 	 -3.657
13714 	 -3.709
13716 	 -4.016
13726 	 -4.326
13738 	 -4.59
13744 	 -3.983
13748 	 -3.952
13756 	 -3.885
13760 	 -3.816
13766 	 -3.813
13768 	 -3.798
13776 	 -3.997
13778 	 -3.72
13788 	 -4.18
13792 	 -4.058
13802 	 -4.399
13814 	 -4.371
13818 	 -4.168
13820 	 -4.166
13822 	 -3.599
13830 	 -3.598
13832 	 -3.554
13838 	 -3.545
13840 	 -3.637
13844 	 -3.624
13858 	 -3.506
13860 	 -3.209
13862 	 -3.076
13868 	 -3.067
13874 	 -3.001
13880 	 -2.996
13884 	 -2.963
13886 	 -3.056
13890 	 -2.933
13892 	 -2.828
13894 	 -2.73
13896 	 -2.672
13900 	 -2.664
13902 	 -2.611
13910 	 -2.477
13912 	 -2.471
13916 	 -2.45
13926 	 -2.423
13930 	 -2.308
13934 	 -2.289
13952 	 -2.117
13960 	 -2.327
13978 	 -2.641
13982 	 -2.795
13984 	 -2.48
13986 	 -2.591
14000 	 -2.691
14008 	 -2.797
14012 	 -2.787
14020 	 -2.843
14030 	 -2.826
14032 	 -2.748
14036 	 -2.738
14044 	 -2.737
14046 	 -1.853
14050 	 -2.254
14056 	 -2.204
14062 	 -2.141
14066 	 -2.122
14068 	 -2.102
14080 	 -2.092
14084 	 -2.012
14092 	 -1.677
14094 	 -1.542
14098 	 -1.533
14104 	 -1.375
14106 	 -1.291
14108 	 -1.286
14120 	 -1.262
14126 	 -1.243
14134 	 -1.242
14136 	 -0.995
14154 	 -0.898
14160 	 -0.934
14168 	 -0.932
14192 	 -1.036
14200 	 -0.98
14204 	 -0.953
14228 	 -1.027
14234 	 -1.018
14252 	 -1.012
14272 	 -0.959
14292 	 -0.912
14294 	 -0.953
14304 	 -0.934
14310 	 -0.924
14312 	 -0.884
14318 	 -0.882
14322 	 -0.87
14326 	 -0.869
14330 	 -0.739
14344 	 -0.734
14350 	 -0.609
14362 	 -0.606
14378 	 -0.587
14408 	 -0.531
14420 	 -0.524
14424 	 -0.52
14426 	 -0.369
14458 	 -0.363
14470 	 -0.361
14478 	 -0.324
14512 	 -0.312
14536 	 -0.311
14540 	 -0.303
14556 	 -0.297
14558 	 -0.293
14598 	 -0.285
14656 	 -0.278
14738 	 -0.275
14750 	 -0.273
15000 	 -1.414
15024 	 -1.534
15050 	 -2.206
15078 	 -2.648
15112 	 -2.879
15158 	 -2.886
15162 	 -2.928
15174 	 -2.88
15186 	 -2.347
15216 	 -2.56
15232 	 -2.384
15238 	 -2.514
15250 	 -2.51
15262 	 -1.875
15268 	 -1.703
15282 	 -1.439
15298 	 -1.092
15308 	 -1.127
15334 	 -1.42
15342 	 -1.417
15346 	 -1.365
15354 	 -1.556
15360 	 -1.553
15372 	 -1.376
15374 	 -1.161
15400 	 -0.717
15422 	 -0.543
15460 	 -0.258
15486 	 -0.256
15490 	 -0.169
15492 	 -0.098
15574 	 -0.04
15660 	 -0.034
15750 	 -0.033
15904 	 -0.025
15916 	 -0.019
16000 	 -0.017
16388 	 -0.011
18000 	 -2.128
18020 	 -2.236
18042 	 -2.716
18064 	 -2.81
18088 	 -2.232
18120 	 -1.658
18154 	 -2.416
18180 	 -2.152
18190 	 -2.608
18234 	 -3.44
18252 	 -3.424
18262 	 -3.236
18270 	 -2.59
18278 	 -2.548
18286 	 -2.454
18296 	 -3.002
18316 	 -3.032
18328 	 -3.276
18336 	 -3.042
18342 	 -3.068
18348 	 -2.674
18360 	 -2.166
18368 	 -1.86
18384 	 -1.874
18402 	 -1.364
18420 	 -0.73
18426 	 -0.642
18434 	 -0.524
18448 	 -0.184
18472 	 -0.154
18552 	 -0.016
18864 	 -0.008
19002 	 0
21000 	 -1.44
21001 	 -1.44
