0 	 0
3000 	 -1.376
3024 	 -1.496
3050 	 -1.88
3062 	 -2.472
3078 	 -3.176
3112 	 -3.62
3158 	 -3.808
3164 	 -3.728
3186 	 -2.828
3198 	 -2.688
3216 	 -1.912
3232 	 -1.736
3238 	 -1.364
3262 	 -0.608
3296 	 -0.264
3400 	 -0.024
3636 	 -0.008
3904 	 0
6000 	 -2.478
6020 	 -2.638
6042 	 -3.286
6064 	 -3.582
6088 	 -3.11
6120 	 -2.686
6138 	 -2.872
6154 	 -3.312
6180 	 -3.048
6190 	 -3.516
6198 	 -3.5
6234 	 -3.9
6284 	 -4.203
6296 	 -4.179
6346 	 -4.159
6360 	 -2.871
6374 	 -2.271
6376 	 -1.719
6424 	 -1.319
6444 	 -0.761
6504 	 -0.637
6506 	 -0.613
6552 	 -0.501
6634 	 -0.359
6704 	 -0.331
6710 	 -0.307
6726 	 -0.295
6728 	 -0.267
6782 	 -0.263
6894 	 -0.165
6990 	 -0.145
6994 	 -0.125
7002 	 -0.093
7272 	 -0.089
7278 	 -0.085
7290 	 -0.073
7324 	 -0.025
9000 	 -1.433
9024 	 -1.537
9050 	 -2.497
9078 	 -3.177
9112 	 -3.761
9158 	 -3.713
9162 	 -3.797
9174 	 -3.705
9186 	 -2.857
9216 	 -3.589
9232 	 -3.413
9238 	 -3.801
9262 	 -1.973
9268 	 -1.305
9298 	 -0.417
9304 	 -0.413
9306 	 -0.409
9334 	 -0.277
9400 	 -0.025
9660 	 -0.009
9904 	 -0.001
12000 	 -2.966
12002 	 -2.783
12004 	 -3.456
12006 	 -4.166
12008 	 -5.104
12010 	 -6.174
12012 	 -6.593
12016 	 -6.79
12018 	 -6.836
12020 	 -7.169
12028 	 -7.303
12032 	 -7.072
12034 	 -7.123
12040 	 -7.011
12042 	 -7.487
12048 	 -7.274
12054 	 -6.785
12062 	 -6.94
12064 	 -7.016
12070 	 -7.053
12074 	 -6.574
12088 	 -5.962
12090 	 -5.993
12100 	 -6.107
12102 	 -5.923
12120 	 -5.204
12130 	 -5.158
12140 	 -5.423
12154 	 -6.459
12156 	 -6.227
12162 	 -6.654
12164 	 -6.544
12176 	 -6.734
12178 	 -6.867
12180 	 -6.834
12182 	 -7.3
12186 	 -7.346
12190 	 -7.662
12198 	 -7.634
12200 	 -7.708
12206 	 -7.698
12208 	 -8.09
12212 	 -9.134
12222 	 -9.027
12226 	 -9.468
12228 	 -9.613
12230 	 -9.765
12234 	 -11.113
12236 	 -11.209
12242 	 -11.275
12252 	 -10.559
12254 	 -10.458
12256 	 -10.574
12264 	 -10.955
12266 	 -11.248
12274 	 -9.996
12282 	 -9.839
12284 	 -9.704
12286 	 -9.926
12290 	 -9.654
12296 	 -9.817
12298 	 -9.846
12302 	 -9.869
12304 	 -9.639
12308 	 -9.624
12312 	 -9.589
12322 	 -9.58
12324 	 -8.926
12332 	 -8.958
12334 	 -8.663
12338 	 -8.411
12344 	 -7.615
12350 	 -7.6
12354 	 -7.352
12358 	 -7.391
12360 	 -6.441
12364 	 -6.401
12368 	 -6.373
12372 	 -6.358
12380 	 -5.988
12382 	 -5.811
12384 	 -5.725
12386 	 -5.335
12390 	 -5.472
12394 	 -5.322
12402 	 -5.208
12404 	 -4.936
12406 	 -5.037
12410 	 -5.14
12412 	 -5.084
12420 	 -5.073
12432 	 -4.773
12436 	 -5.094
12437 	 -5.314
12438 	 -4.995
12440 	 -5.137
12444 	 -5.188
12452 	 -5.415
12456 	 -5.289
12460 	 -5.206
12466 	 -5.878
12472 	 -5.805
12474 	 -5.783
12476 	 -6.086
12480 	 -6.128
12484 	 -6.262
12486 	 -6.238
12494 	 -6.199
12508 	 -6.19
12510 	 -6.326
12516 	 -6.499
12520 	 -6.469
12526 	 -6.391
12540 	 -6.544
12544 	 -6.46
12550 	 -6.477
12552 	 -6.357
12562 	 -6.416
12564 	 -6.578
12566 	 -6.536
12576 	 -6.516
12578 	 -6.511
12584 	 -6.558
12590 	 -6.437
12594 	 -6.609
12604 	 -6.425
12618 	 -6.006
12624 	 -5.998
12626 	 -5.68
12630 	 -6.132
12638 	 -6.128
12642 	 -6.08
12648 	 -6.119
12658 	 -6.171
12664 	 -6.211
12666 	 -6.715
12672 	 -6.703
12676 	 -6.646
12684 	 -6.912
12706 	 -7.14
12710 	 -7.136
12712 	 -6.377
12728 	 -6.135
12742 	 -6.131
12746 	 -5.937
12748 	 -5.92
12758 	 -5.918
12760 	 -5.879
12768 	 -5.921
12770 	 -6.154
12774 	 -6.186
12776 	 -6.047
12782 	 -5.963
12800 	 -5.954
12810 	 -5.947
12812 	 -5.927
12818 	 -6.147
12822 	 -6.053
12824 	 -6.227
12840 	 -6.498
12842 	 -6.535
12874 	 -6.576
12882 	 -6.61
12894 	 -6.469
12904 	 -6.634
12908 	 -6.283
12920 	 -6.904
12924 	 -6.948
12930 	 -7.467
12934 	 -7.465
12942 	 -7.497
12954 	 -7.756
12964 	 -7.875
12972 	 -7.828
12974 	 -7.548
12978 	 -7.706
12986 	 -7.716
12990 	 -7.886
12994 	 -7.845
12996 	 -7.829
13004 	 -7.913
13006 	 -8.03
13008 	 -8.016
13016 	 -8.446
13018 	 -8.589
13022 	 -8.358
13024 	 -8.117
13028 	 -8.098
13032 	 -8.068
13038 	 -7.885
13042 	 -7.781
13044 	 -8.15
13046 	 -8.241
13062 	 -8.24
13064 	 -8.042
13066 	 -7.991
13068 	 -7.46
13070 	 -7.307
13074 	 -7.362
13078 	 -7.197
13080 	 -6.883
13082 	 -6.994
13088 	 -7.083
13090 	 -7.175
13092 	 -7.276
13102 	 -7.271
13104 	 -7.389
13106 	 -7.426
13108 	 -7.287
13110 	 -7.411
13114 	 -7.375
13122 	 -7.347
13134 	 -7.066
13150 	 -6.96
13152 	 -6.999
13162 	 -6.894
13166 	 -6.99
13170 	 -6.946
13172 	 -7.123
13178 	 -7.168
13184 	 -7.866
13186 	 -8.019
13188 	 -7.84
13200 	 -7.91
13204 	 -8.01
13206 	 -8.071
13208 	 -8.045
13212 	 -7.771
13216 	 -7.71
13220 	 -7.636
13224 	 -7.679
13228 	 -7.645
13230 	 -7.712
13234 	 -7.77
13242 	 -7.745
13248 	 -6.662
13250 	 -6.68
13256 	 -6.665
13264 	 -6.56
13270 	 -6.948
13272 	 -7
13280 	 -6.816
13290 	 -6.669
13296 	 -6.333
13302 	 -6.249
13308 	 -6.269
13310 	 -6.148
13312 	 -6.077
13316 	 -6.148
13318 	 -6.067
13340 	 -5.406
13344 	 -5.385
13346 	 -5.379
13360 	 -5.334
13364 	 -5.315
13366 	 -5.36
13372 	 -5.348
13374 	 -4.74
13380 	 -4.721
13386 	 -4.678
13388 	 -4.672
13394 	 -4.67
13400 	 -4.782
13402 	 -4.753
13408 	 -4.752
13414 	 -5.442
13426 	 -5.413
13438 	 -5.408
13440 	 -5.57
13442 	 -5.353
13448 	 -5.332
13454 	 -5.382
13458 	 -5.328
13474 	 -5.42
13476 	 -5.347
13478 	 -5.174
13482 	 -5.17
13490 	 -5.232
13492 	 -5.143
13502 	 -5.129
13508 	 -4.166
13514 	 -4.103
13518 	 -3.987
13520 	 -4.011
13530 	 -3.81
13538 	 -3.698
13542 	 -3.696
13546 	 -3.518
13550 	 -3.517
13558 	 -3.379
13572 	 -3.424
13576 	 -3.351
13584 	 -3.648
13590 	 -3.797
13592 	 -3.47
13598 	 -3.479
13604 	 -3.628
13610 	 -3.753
13612 	 -3.742
13616 	 -3.801
13618 	 -3.787
13626 	 -3.924
13648 	 -3.943
13652 	 -3.811
13658 	 -3.589
13660 	 -3.528
13664 	 -3.443
13666 	 -3.506
13674 	 -3.437
13686 	 -3.416
13696 	 -3.234
13708 	 -3.118
13710 	 -3.06
13714 	 -3.058
13720 	 -3.148
13722 	 -3.018
13732 	 -2.991
13744 	 -2.198
13772 	 -2.243
13780 	 -2.152
13786 	 -2.192
13804 	 -2.196
13814 	 -2.168
13816 	 -2.171
13820 	 -2.031
13822 	 -1.769
13824 	 -1.755
13840 	 -1.84
13842 	 -1.72
13844 	 -1.707
13848 	 -1.706
13874 	 -1.367
13878 	 -1.401
13900 	 -1.393
13902 	 -1.34
13908 	 -1.299
13912 	 -1.293
13914 	 -1.26
13938 	 -1.056
13954 	 -0.999
13970 	 -0.993
13978 	 -0.992
13984 	 -0.767
14004 	 -0.75
14012 	 -0.74
14016 	 -0.71
14024 	 -0.703
14032 	 -0.625
14048 	 -0.587
14056 	 -0.583
14064 	 -0.58
14086 	 -0.572
14100 	 -0.57
14106 	 -0.555
14108 	 -0.55
14124 	 -0.545
14132 	 -0.542
14158 	 -0.516
14194 	 -0.506
14200 	 -0.45
14222 	 -0.437
14308 	 -0.436
14318 	 -0.434
14326 	 -0.433
14352 	 -0.406
14426 	 -0.255
14592 	 -0.248
15000 	 -1.418
15024 	 -1.548
15050 	 -2.058
15078 	 -2.379
15112 	 -2.421
15158 	 -2.468
15162 	 -2.488
15174 	 -2.464
15186 	 -2.156
15216 	 -1.965
15232 	 -1.789
15238 	 -1.853
15250 	 -1.849
15262 	 -1.837
15264 	 -1.834
15268 	 -1.748
15282 	 -1.615
15298 	 -1.442
15308 	 -1.459
15310 	 -1.5
15334 	 -1.649
15336 	 -1.948
15342 	 -1.945
15346 	 -1.919
15354 	 -2.009
15356 	 -2.179
15360 	 -2.176
15374 	 -1.577
15400 	 -1.061
15422 	 -0.813
15456 	 -0.55
15460 	 -0.405
15486 	 -0.214
15492 	 -0.142
15558 	 -0.075
15574 	 -0.046
15660 	 -0.043
15708 	 -0.037
15864 	 -0.032
15904 	 -0.024
15916 	 -0.021
15924 	 -0.019
16000 	 -0.017
16388 	 -0.011
18000 	 -2.128
18020 	 -2.236
18042 	 -2.716
18064 	 -2.807
18088 	 -2.246
18120 	 -1.719
18154 	 -2.216
18180 	 -1.952
18190 	 -2.346
18234 	 -2.844
18252 	 -2.836
18262 	 -2.556
18270 	 -2.233
18278 	 -2.212
18286 	 -2.165
18296 	 -3.081
18316 	 -3.096
18328 	 -3.462
18336 	 -3.345
18342 	 -3.418
18348 	 -3.221
18360 	 -3.029
18368 	 -2.57
18384 	 -2.591
18402 	 -1.978
18420 	 -1.027
18426 	 -0.895
18434 	 -0.718
18448 	 -0.208
18472 	 -0.163
18552 	 -0.016
18864 	 -0.004
19002 	 0
21000 	 -1.44
21001 	 -1.44
