0 	 0
3000 	 -1.376
3024 	 -1.496
3050 	 -1.88
3062 	 -2.472
3078 	 -3.176
3112 	 -3.62
3158 	 -3.808
3164 	 -3.728
3186 	 -2.828
3198 	 -2.688
3216 	 -1.912
3232 	 -1.736
3238 	 -1.364
3262 	 -0.608
3296 	 -0.264
3400 	 -0.024
3636 	 -0.008
3904 	 0
6000 	 -2.478
6020 	 -2.638
6042 	 -3.286
6064 	 -3.582
6088 	 -3.11
6120 	 -2.686
6138 	 -2.872
6154 	 -3.312
6180 	 -3.048
6190 	 -3.516
6198 	 -3.5
6234 	 -3.9
6284 	 -4.203
6296 	 -4.179
6346 	 -4.159
6360 	 -2.871
6374 	 -2.271
6376 	 -1.719
6424 	 -1.319
6444 	 -0.761
6504 	 -0.637
6506 	 -0.613
6552 	 -0.501
6634 	 -0.359
6704 	 -0.331
6710 	 -0.307
6726 	 -0.295
6728 	 -0.267
6782 	 -0.263
6894 	 -0.165
6990 	 -0.145
6994 	 -0.125
7002 	 -0.093
7272 	 -0.089
7278 	 -0.085
7290 	 -0.073
7324 	 -0.025
9000 	 -1.433
9024 	 -1.537
9050 	 -2.497
9078 	 -3.177
9112 	 -3.761
9158 	 -3.713
9162 	 -3.797
9174 	 -3.705
9186 	 -2.857
9216 	 -3.589
9232 	 -3.413
9238 	 -3.801
9262 	 -1.973
9268 	 -1.305
9298 	 -0.417
9304 	 -0.413
9306 	 -0.409
9334 	 -0.277
9400 	 -0.025
9660 	 -0.009
9904 	 -0.001
12000 	 -2.952
12002 	 -2.714
12004 	 -2.987
12006 	 -3.486
12008 	 -4.33
12010 	 -5.832
12012 	 -6.26
12016 	 -6.589
12018 	 -6.681
12020 	 -7.014
12028 	 -7.148
12032 	 -7.08
12034 	 -7.197
12040 	 -7.074
12042 	 -7.55
12054 	 -7.061
12062 	 -7.492
12064 	 -7.544
12070 	 -7.728
12074 	 -7.249
12088 	 -6.637
12090 	 -6.778
12100 	 -6.898
12102 	 -6.782
12120 	 -6.115
12130 	 -5.96
12140 	 -6.225
12154 	 -7.261
12156 	 -7.232
12160 	 -7.59
12164 	 -7.386
12176 	 -7.201
12178 	 -7.305
12180 	 -7.272
12182 	 -7.738
12186 	 -7.915
12190 	 -8.231
12198 	 -8.209
12200 	 -8.163
12204 	 -8.538
12208 	 -8.93
12212 	 -9.974
12218 	 -9.949
12220 	 -10.042
12222 	 -9.828
12224 	 -9.882
12228 	 -10.027
12230 	 -10.121
12234 	 -11.469
12236 	 -11.332
12240 	 -11.335
12246 	 -11.606
12252 	 -10.89
12254 	 -10.821
12256 	 -10.739
12262 	 -10.723
12266 	 -11.025
12272 	 -10.999
12274 	 -9.747
12276 	 -9.514
12278 	 -9.63
12282 	 -9.473
12288 	 -9.385
12290 	 -9.113
12296 	 -9.276
12304 	 -9.232
12308 	 -9.32
12310 	 -9.095
12314 	 -9.047
12316 	 -9.138
12322 	 -9.058
12324 	 -8.454
12332 	 -8.486
12334 	 -8.439
12338 	 -8.187
12340 	 -8.036
12342 	 -8.005
12344 	 -7.209
12348 	 -7.162
12350 	 -7.277
12358 	 -7.245
12360 	 -6.293
12374 	 -6.39
12376 	 -6.289
12380 	 -6.24
12382 	 -6.232
12386 	 -5.816
12392 	 -5.821
12404 	 -5.289
12406 	 -5.259
12412 	 -5.203
12418 	 -5.116
12420 	 -5.105
12432 	 -5.033
12436 	 -5.355
12437 	 -5.575
12438 	 -5.165
12440 	 -5.307
12444 	 -5.358
12452 	 -5.585
12456 	 -5.153
12460 	 -5.07
12466 	 -5.584
12472 	 -5.484
12476 	 -5.776
12480 	 -5.818
12486 	 -5.796
12488 	 -5.906
12494 	 -5.867
12504 	 -5.831
12508 	 -5.822
12510 	 -5.799
12516 	 -5.972
12520 	 -5.942
12526 	 -5.864
12538 	 -5.824
12540 	 -5.952
12542 	 -5.945
12544 	 -5.884
12550 	 -5.367
12552 	 -5.247
12562 	 -5.154
12564 	 -5.322
12566 	 -5.28
12576 	 -5.276
12584 	 -5.1
12590 	 -4.979
12594 	 -5.267
12600 	 -5.212
12604 	 -5.202
12614 	 -5.261
12618 	 -5.163
12624 	 -5.144
12626 	 -5.442
12630 	 -5.844
12638 	 -5.84
12644 	 -6.283
12648 	 -6.462
12660 	 -6.534
12664 	 -6.414
12672 	 -6.405
12678 	 -6.322
12702 	 -6.32
12706 	 -6.548
12710 	 -6.544
12712 	 -5.59
12718 	 -5.605
12736 	 -5.468
12746 	 -5.461
12748 	 -5.444
12754 	 -5.572
12758 	 -5.57
12768 	 -5.612
12770 	 -5.845
12776 	 -5.835
12782 	 -6.025
12788 	 -6.087
12790 	 -6.103
12792 	 -6.087
12798 	 -6.173
12820 	 -6.196
12824 	 -6.193
12826 	 -6.33
12840 	 -6.273
12872 	 -6.271
12874 	 -6.282
12882 	 -6.26
12886 	 -6.502
12900 	 -6.655
12908 	 -7.302
12916 	 -7.289
12920 	 -7.199
12924 	 -7.128
12926 	 -7.391
12942 	 -7.615
12948 	 -7.551
12954 	 -7.624
12956 	 -7.842
12964 	 -7.734
12966 	 -7.464
12970 	 -7.742
12972 	 -7.695
12974 	 -7.654
12978 	 -7.645
12980 	 -7.339
12984 	 -7.416
12988 	 -7.575
12990 	 -7.647
12996 	 -7.631
13004 	 -7.557
13008 	 -7.512
13010 	 -6.973
13012 	 -6.98
13016 	 -6.879
13024 	 -6.71
13028 	 -6.669
13032 	 -6.547
13034 	 -6.44
13036 	 -6.31
13042 	 -6.291
13044 	 -6.502
13050 	 -6.413
13052 	 -6.582
13054 	 -6.897
13056 	 -7.032
13062 	 -7.031
13068 	 -6.912
13074 	 -6.815
13076 	 -6.774
13078 	 -6.772
13080 	 -6.458
13092 	 -6.358
13094 	 -6.107
13098 	 -5.869
13102 	 -5.864
13114 	 -5.817
13118 	 -5.757
13130 	 -5.879
13134 	 -5.897
13140 	 -6.319
13148 	 -6.462
13150 	 -6.281
13154 	 -6.587
13158 	 -6.586
13162 	 -6.671
13166 	 -6.766
13170 	 -6.786
13178 	 -6.717
13182 	 -6.716
13202 	 -6.323
13204 	 -6.23
13206 	 -6.248
13208 	 -6.277
13210 	 -6.294
13214 	 -6.275
13216 	 -6.289
13220 	 -6.28
13232 	 -6.301
13234 	 -6.129
13236 	 -6.171
13242 	 -6.14
13248 	 -6.102
13254 	 -6.068
13258 	 -6.091
13266 	 -5.929
13272 	 -5.765
13276 	 -5.695
13282 	 -5.332
13288 	 -5.322
13290 	 -5.305
13292 	 -5.291
13312 	 -5.423
13316 	 -5.025
13320 	 -5.157
13322 	 -5.126
13340 	 -4.732
13342 	 -4.776
13346 	 -4.962
13356 	 -5.099
13360 	 -5.054
13362 	 -5.198
13372 	 -5.287
13380 	 -5.443
13388 	 -5.437
13394 	 -5.434
13400 	 -5.537
13402 	 -5.535
13406 	 -5.529
13408 	 -5.574
13414 	 -5.057
13426 	 -5.039
13434 	 -5.038
13440 	 -4.98
13442 	 -5.04
13444 	 -4.943
13454 	 -4.942
13456 	 -4.91
13458 	 -5.017
13470 	 -5.008
13472 	 -5.842
13478 	 -5.825
13484 	 -5.777
13486 	 -5.771
13490 	 -5.761
13492 	 -5.74
13494 	 -5.717
13496 	 -5.605
13506 	 -5.587
13508 	 -5.565
13512 	 -5.47
13514 	 -5.461
13518 	 -3.875
13522 	 -3.924
13524 	 -3.912
13532 	 -3.78
13534 	 -3.73
13536 	 -3.73
13542 	 -3.707
13546 	 -2.954
13550 	 -2.987
13554 	 -2.95
13556 	 -2.839
13560 	 -2.831
13562 	 -2.777
13564 	 -2.843
13570 	 -2.693
13590 	 -2.676
13592 	 -2.607
13598 	 -2.672
13614 	 -2.616
13618 	 -2.602
13622 	 -2.629
13630 	 -2.602
13632 	 -2.658
13636 	 -2.707
13646 	 -2.698
13658 	 -2.501
13660 	 -2.585
13670 	 -2.63
13684 	 -2.641
13690 	 -2.64
13722 	 -2.588
13730 	 -2.587
13744 	 -2.25
13796 	 -2.247
13798 	 -2.239
13800 	 -2.28
13806 	 -2.324
13812 	 -2.452
13814 	 -2.41
13822 	 -2.396
13844 	 -2.383
13848 	 -2.368
13864 	 -2.243
13878 	 -2.368
13884 	 -2.42
13892 	 -2.393
13900 	 -2.385
13902 	 -2.332
13910 	 -2.316
13912 	 -2.304
13924 	 -2.303
13944 	 -2.333
13950 	 -2.319
13954 	 -2.039
13974 	 -2.103
13978 	 -2.102
13984 	 -2.106
13996 	 -2.105
14002 	 -2.135
14012 	 -2.12
14022 	 -1.811
14032 	 -1.733
14034 	 -1.753
14036 	 -1.938
14040 	 -2.011
14066 	 -2.019
14070 	 -2.025
14072 	 -2.09
14106 	 -2.142
14108 	 -2.137
14116 	 -2.253
14136 	 -2.329
14138 	 -2.491
14170 	 -2.49
14174 	 -2.44
14182 	 -2.438
14188 	 -2.508
14200 	 -2.442
14214 	 -2.273
14228 	 -2.468
14230 	 -2.421
14234 	 -2.526
14252 	 -2.516
14260 	 -2.281
14264 	 -2.133
14274 	 -2.277
14278 	 -2.24
14280 	 -2.222
14286 	 -2.138
14290 	 -2.454
14296 	 -2.443
14306 	 -2.442
14310 	 -2.307
14314 	 -2.119
14318 	 -2.117
14326 	 -2.016
14330 	 -1.997
14332 	 -1.948
14342 	 -1.911
14350 	 -1.72
14372 	 -1.575
14374 	 -1.388
14384 	 -1.377
14398 	 -1.362
14400 	 -1.463
14408 	 -1.414
14410 	 -1.389
14426 	 -0.955
14438 	 -0.954
14450 	 -0.94
14452 	 -0.937
14458 	 -0.893
14478 	 -0.858
14488 	 -0.844
14492 	 -0.842
14496 	 -0.762
14504 	 -0.756
14522 	 -0.408
14536 	 -0.402
14564 	 -0.35
14594 	 -0.349
14600 	 -0.348
14620 	 -0.347
14678 	 -0.299
14690 	 -0.288
14734 	 -0.274
15000 	 -1.418
15024 	 -1.538
15050 	 -1.922
15078 	 -2.114
15112 	 -1.952
15158 	 -1.809
15186 	 -1.472
15216 	 -0.896
15232 	 -0.72
15250 	 -0.714
15262 	 -0.571
15292 	 -0.569
15310 	 -0.589
15336 	 -0.738
15342 	 -0.735
15356 	 -0.82
15360 	 -0.817
15374 	 -0.627
15400 	 -0.38
15422 	 -0.3
15456 	 -0.169
15486 	 -0.072
15558 	 -0.037
15808 	 -0.036
15864 	 -0.032
15904 	 -0.024
15930 	 -0.023
16000 	 -0.02
16090 	 -0.019
16388 	 -0.013
18000 	 -2.128
18020 	 -2.209
18042 	 -2.593
18064 	 -2.561
18088 	 -1.897
18120 	 -1.279
18154 	 -1.272
18180 	 -1.008
18190 	 -0.935
18234 	 -0.802
18262 	 -0.709
18296 	 -0.922
18328 	 -1.044
18342 	 -1.074
18360 	 -0.997
18368 	 -0.844
18384 	 -0.851
18402 	 -0.672
18420 	 -0.355
18426 	 -0.311
18434 	 -0.252
18448 	 -0.082
18472 	 -0.067
18552 	 -0.004
18864 	 0
21000 	 -1.44
21001 	 -1.44
