0 	 0
3000 	 -1.376
3024 	 -1.496
3050 	 -1.88
3062 	 -2.472
3078 	 -3.176
3112 	 -3.62
3158 	 -3.808
3164 	 -3.728
3186 	 -2.828
3198 	 -2.688
3216 	 -1.912
3232 	 -1.736
3238 	 -1.364
3262 	 -0.608
3296 	 -0.264
3400 	 -0.024
3636 	 -0.008
3904 	 0
6000 	 -2.478
6020 	 -2.638
6042 	 -3.286
6064 	 -3.582
6088 	 -3.11
6120 	 -2.686
6138 	 -2.872
6154 	 -3.312
6180 	 -3.048
6190 	 -3.516
6198 	 -3.5
6234 	 -3.9
6284 	 -4.203
6296 	 -4.179
6346 	 -4.159
6360 	 -2.871
6374 	 -2.271
6376 	 -1.719
6424 	 -1.319
6444 	 -0.761
6504 	 -0.637
6506 	 -0.613
6552 	 -0.501
6634 	 -0.359
6704 	 -0.331
6710 	 -0.307
6726 	 -0.295
6728 	 -0.267
6782 	 -0.263
6894 	 -0.165
6990 	 -0.145
6994 	 -0.125
7002 	 -0.093
7272 	 -0.089
7278 	 -0.085
7290 	 -0.073
7324 	 -0.025
9000 	 -1.433
9024 	 -1.537
9050 	 -2.497
9078 	 -3.177
9112 	 -3.761
9158 	 -3.713
9162 	 -3.797
9174 	 -3.705
9186 	 -2.857
9216 	 -3.589
9232 	 -3.413
9238 	 -3.801
9262 	 -1.973
9268 	 -1.305
9298 	 -0.417
9304 	 -0.413
9306 	 -0.409
9334 	 -0.277
9400 	 -0.025
9660 	 -0.009
9904 	 -0.001
12000 	 -2.98
12002 	 -2.852
12004 	 -3.925
12006 	 -4.846
12008 	 -5.878
12010 	 -6.516
12012 	 -6.926
12016 	 -6.991
12020 	 -7.324
12028 	 -7.458
12032 	 -7.075
12040 	 -6.952
12042 	 -7.428
12048 	 -6.962
12054 	 -6.473
12064 	 -6.573
12070 	 -6.348
12074 	 -5.869
12088 	 -5.257
12100 	 -5.377
12102 	 -5.001
12120 	 -4.473
12130 	 -4.267
12140 	 -4.532
12154 	 -5.568
12160 	 -5.926
12162 	 -5.872
12164 	 -5.762
12178 	 -5.811
12180 	 -5.778
12182 	 -6.244
12186 	 -6.238
12190 	 -6.554
12198 	 -6.53
12200 	 -6.656
12208 	 -7.048
12212 	 -8.092
12228 	 -8.237
12230 	 -8.452
12234 	 -9.8
12246 	 -10.061
12252 	 -9.345
12254 	 -9.244
12256 	 -9.227
12266 	 -9.644
12274 	 -8.392
12276 	 -8.204
12282 	 -8.047
12290 	 -7.775
12296 	 -7.938
12304 	 -7.894
12310 	 -7.985
12314 	 -7.924
12322 	 -7.915
12324 	 -7.311
12332 	 -7.343
12334 	 -7.456
12338 	 -7.204
12344 	 -6.408
12350 	 -6.38
12358 	 -6.313
12360 	 -5.361
12376 	 -5.26
12380 	 -5.263
12382 	 -5.382
12386 	 -5.148
12392 	 -5.106
12400 	 -5.199
12404 	 -4.849
12406 	 -4.819
12408 	 -4.8
12412 	 -4.744
12418 	 -4.741
12420 	 -4.73
12436 	 -5.101
12437 	 -5.321
12438 	 -4.979
12440 	 -5.121
12452 	 -5.478
12460 	 -5.395
12466 	 -6.124
12472 	 -6.14
12476 	 -6.344
12480 	 -6.386
12494 	 -6.347
12502 	 -6.53
12508 	 -6.407
12516 	 -6.58
12520 	 -6.55
12526 	 -6.472
12538 	 -6.432
12540 	 -6.888
12544 	 -6.827
12550 	 -6.824
12552 	 -6.704
12562 	 -6.817
12564 	 -6.985
12566 	 -6.943
12568 	 -6.977
12576 	 -6.973
12590 	 -6.852
12594 	 -7.024
12604 	 -7.326
12608 	 -6.894
12618 	 -6.855
12624 	 -6.842
12626 	 -7.023
12630 	 -7.988
12636 	 -8.098
12638 	 -8.094
12642 	 -8.03
12646 	 -8.009
12648 	 -7.956
12664 	 -7.836
12666 	 -7.929
12668 	 -7.361
12670 	 -7.286
12674 	 -7.235
12676 	 -7.209
12690 	 -7.266
12694 	 -7.258
12706 	 -7.486
12710 	 -7.482
12712 	 -6.924
12720 	 -6.925
12728 	 -7.406
12742 	 -8.211
12748 	 -8.194
12758 	 -8.192
12766 	 -8.243
12768 	 -8.285
12770 	 -8.518
12776 	 -8.508
12782 	 -8.479
12784 	 -8.286
12788 	 -8.513
12798 	 -8.306
12840 	 -8.77
12864 	 -8.758
12870 	 -8.94
12874 	 -9.11
12898 	 -9.289
12908 	 -8.898
12920 	 -8.808
12924 	 -9.205
12942 	 -9.282
12950 	 -9.254
12954 	 -9.185
12958 	 -9.101
12964 	 -9.037
12972 	 -9.033
12978 	 -9.083
12980 	 -9.049
12990 	 -9.094
12994 	 -8.921
12996 	 -8.905
12998 	 -8.89
13004 	 -8.816
13008 	 -8.802
13010 	 -9.447
13016 	 -9.27
13024 	 -9.584
13028 	 -9.543
13030 	 -9.306
13032 	 -8.614
13034 	 -8.587
13038 	 -8.53
13040 	 -8.681
13042 	 -8.662
13044 	 -9.045
13056 	 -9.18
13060 	 -9.114
13062 	 -8.914
13068 	 -8.915
13070 	 -8.946
13076 	 -8.347
13078 	 -8.345
13080 	 -8.174
13082 	 -8.283
13086 	 -8.893
13100 	 -8.481
13102 	 -8.38
13104 	 -8.374
13110 	 -8.467
13114 	 -8.42
13118 	 -8.624
13124 	 -8.43
13126 	 -8.505
13134 	 -8.081
13142 	 -7.907
13144 	 -7.9
13150 	 -7.857
13156 	 -7.641
13158 	 -7.613
13164 	 -7.8
13172 	 -7.656
13174 	 -7.804
13182 	 -7.803
13186 	 -7.696
13188 	 -7.743
13190 	 -7.831
13206 	 -7.375
13220 	 -7.366
13222 	 -7.415
13230 	 -7.411
13232 	 -7.284
13234 	 -7.282
13248 	 -7.242
13256 	 -7.063
13260 	 -7.181
13262 	 -7.303
13268 	 -7.182
13270 	 -7.463
13282 	 -7.313
13284 	 -7.348
13286 	 -7.293
13288 	 -7.263
13290 	 -7.348
13296 	 -7.352
13298 	 -7.492
13302 	 -7.552
13306 	 -7.503
13308 	 -7.407
13316 	 -7.454
13318 	 -7.191
13324 	 -7.163
13326 	 -7.198
13328 	 -7.15
13332 	 -6.616
13340 	 -6.222
13342 	 -6.272
13346 	 -6.239
13352 	 -6.237
13356 	 -6.005
13360 	 -5.96
13362 	 -6.067
13366 	 -5.997
13372 	 -5.706
13374 	 -5.392
13380 	 -5.318
13382 	 -5.3
13388 	 -5.041
13390 	 -4.914
13394 	 -4.912
13402 	 -4.841
13408 	 -5.006
13410 	 -4.684
13414 	 -4.339
13426 	 -4.398
13430 	 -4.662
13434 	 -4.554
13442 	 -4.38
13450 	 -4.299
13454 	 -4.298
13458 	 -4.75
13462 	 -5.247
13472 	 -5.229
13490 	 -5.219
13492 	 -5.191
13502 	 -4.94
13508 	 -4.104
13512 	 -4.632
13514 	 -4.623
13524 	 -4.672
13526 	 -4.676
13528 	 -4.693
13542 	 -4.689
13546 	 -4.439
13552 	 -4.414
13554 	 -4.349
13560 	 -4.302
13568 	 -4.343
13570 	 -4.269
13578 	 -4.315
13582 	 -4.363
13590 	 -4.388
13592 	 -4.319
13594 	 -4.3
13600 	 -4.251
13602 	 -4.275
13604 	 -4.32
13606 	 -4.228
13608 	 -4.095
13612 	 -4.057
13618 	 -4.043
13620 	 -3.879
13632 	 -3.884
13646 	 -3.806
13650 	 -3.918
13658 	 -3.194
13664 	 -3.173
13670 	 -3.128
13680 	 -3.027
13684 	 -2.994
13696 	 -2.971
13726 	 -2.973
13734 	 -2.948
13744 	 -2.566
13746 	 -2.565
13778 	 -2.559
13814 	 -2.517
13816 	 -2.503
13822 	 -2.185
13840 	 -2.106
13844 	 -2.093
13846 	 -2.073
13854 	 -2.056
13876 	 -1.92
13886 	 -1.901
13892 	 -1.91
13898 	 -1.892
13900 	 -1.884
13902 	 -1.831
13908 	 -1.83
13912 	 -1.824
13918 	 -1.764
13924 	 -1.747
13948 	 -1.716
13954 	 -1.766
13978 	 -1.765
13982 	 -1.58
13984 	 -1.434
14000 	 -1.404
14006 	 -1.335
14012 	 -1.32
14020 	 -1.368
14032 	 -1.29
14034 	 -1.278
14040 	 -1.273
14048 	 -1.271
14052 	 -1.251
14054 	 -1.139
14056 	 -1.115
14068 	 -1.107
14078 	 -1.106
14080 	 -0.871
14100 	 -0.865
14108 	 -0.86
14118 	 -0.793
14146 	 -0.631
14150 	 -0.63
14156 	 -0.625
14182 	 -0.592
14190 	 -0.587
14200 	 -0.531
14222 	 -0.497
14298 	 -0.433
14318 	 -0.431
14326 	 -0.43
14372 	 -0.425
14398 	 -0.424
14426 	 -0.273
14460 	 -0.272
14470 	 -0.269
14580 	 -0.26
15000 	 -1.418
15024 	 -1.538
15050 	 -2.066
15078 	 -2.383
15112 	 -2.427
15158 	 -2.39
15162 	 -2.411
15174 	 -2.387
15186 	 -1.998
15216 	 -1.81
15232 	 -1.634
15238 	 -1.698
15250 	 -1.692
15262 	 -1.43
15268 	 -1.344
15282 	 -1.212
15298 	 -1.038
15310 	 -1.079
15336 	 -1.378
15342 	 -1.375
15346 	 -1.349
15356 	 -1.519
15360 	 -1.516
15374 	 -1.131
15400 	 -0.729
15422 	 -0.569
15456 	 -0.306
15486 	 -0.115
15558 	 -0.048
15660 	 -0.045
15708 	 -0.039
15754 	 -0.038
15864 	 -0.033
15904 	 -0.025
16000 	 -0.022
16238 	 -0.02
16260 	 -0.019
16388 	 -0.013
18000 	 -2.128
18020 	 -2.227
18042 	 -2.675
18064 	 -2.726
18088 	 -2.125
18120 	 -1.552
18154 	 -1.968
18180 	 -1.704
18190 	 -1.963
18234 	 -2.362
18252 	 -2.354
18262 	 -2.168
18270 	 -1.845
18278 	 -1.824
18286 	 -1.777
18296 	 -2.335
18316 	 -2.35
18328 	 -2.594
18336 	 -2.477
18342 	 -2.52
18348 	 -2.323
18360 	 -2.064
18368 	 -1.758
18384 	 -1.772
18402 	 -1.338
18420 	 -0.704
18426 	 -0.616
18434 	 -0.498
18448 	 -0.158
18472 	 -0.128
18552 	 -0.012
18864 	 -0.004
19002 	 0
21000 	 -1.44
21001 	 -1.44
