0 	 0
3000 	 -1.376
3024 	 -1.496
3050 	 -1.88
3062 	 -2.472
3078 	 -3.176
3112 	 -3.62
3158 	 -3.808
3164 	 -3.728
3186 	 -2.828
3198 	 -2.688
3216 	 -1.912
3232 	 -1.736
3238 	 -1.364
3262 	 -0.608
3296 	 -0.264
3400 	 -0.024
3636 	 -0.008
3904 	 0
6000 	 -2.478
6020 	 -2.638
6042 	 -3.286
6064 	 -3.582
6088 	 -3.11
6120 	 -2.686
6138 	 -2.872
6154 	 -3.312
6180 	 -3.048
6190 	 -3.516
6198 	 -3.5
6234 	 -3.9
6284 	 -4.203
6296 	 -4.179
6346 	 -4.159
6360 	 -2.871
6374 	 -2.271
6376 	 -1.719
6424 	 -1.319
6444 	 -0.761
6504 	 -0.637
6506 	 -0.613
6552 	 -0.501
6634 	 -0.359
6704 	 -0.331
6710 	 -0.307
6726 	 -0.295
6728 	 -0.267
6782 	 -0.263
6894 	 -0.165
6990 	 -0.145
6994 	 -0.125
7002 	 -0.093
7272 	 -0.089
7278 	 -0.085
7290 	 -0.073
7324 	 -0.025
9000 	 -1.433
9024 	 -1.537
9050 	 -2.497
9078 	 -3.177
9112 	 -3.761
9158 	 -3.713
9162 	 -3.797
9174 	 -3.705
9186 	 -2.857
9216 	 -3.589
9232 	 -3.413
9238 	 -3.801
9262 	 -1.973
9268 	 -1.305
9298 	 -0.417
9304 	 -0.413
9306 	 -0.409
9334 	 -0.277
9400 	 -0.025
9660 	 -0.009
9904 	 -0.001
12000 	 -2.966
12002 	 -2.783
12004 	 -3.456
12006 	 -4.166
12008 	 -5.104
12010 	 -6.174
12012 	 -6.593
12016 	 -6.79
12018 	 -6.836
12020 	 -7.169
12028 	 -7.303
12032 	 -7.072
12034 	 -7.123
12040 	 -7.011
12042 	 -7.487
12048 	 -7.274
12054 	 -6.785
12062 	 -6.939
12064 	 -7.015
12070 	 -7.053
12074 	 -6.574
12088 	 -5.962
12090 	 -5.988
12100 	 -6.108
12102 	 -5.913
12120 	 -5.298
12130 	 -5.092
12140 	 -5.357
12154 	 -6.393
12156 	 -6.456
12160 	 -6.814
12162 	 -6.787
12164 	 -6.677
12166 	 -6.759
12176 	 -6.807
12178 	 -6.967
12180 	 -6.934
12182 	 -7.4
12184 	 -7.392
12186 	 -7.386
12190 	 -7.702
12198 	 -7.652
12200 	 -7.88
12208 	 -8.272
12212 	 -9.316
12222 	 -9.209
12228 	 -9.354
12230 	 -9.532
12234 	 -10.88
12236 	 -10.977
12242 	 -11.296
12246 	 -11.47
12252 	 -10.754
12254 	 -10.653
12256 	 -10.612
12258 	 -10.779
12264 	 -10.64
12266 	 -11.057
12274 	 -9.805
12276 	 -10.097
12282 	 -9.73
12288 	 -9.785
12290 	 -9.513
12296 	 -9.712
12304 	 -9.668
12308 	 -9.653
12310 	 -9.741
12314 	 -9.414
12322 	 -9.337
12324 	 -8.733
12332 	 -8.765
12334 	 -8.641
12338 	 -8.389
12344 	 -7.551
12350 	 -7.523
12356 	 -7.372
12358 	 -7.37
12360 	 -6.418
12368 	 -6.335
12376 	 -6.111
12380 	 -6.114
12382 	 -5.768
12386 	 -5.298
12388 	 -5.225
12392 	 -5.183
12404 	 -4.76
12406 	 -4.857
12412 	 -4.801
12420 	 -4.79
12432 	 -5.185
12436 	 -5.506
12437 	 -5.726
12438 	 -5.143
12440 	 -5.285
12444 	 -5.337
12452 	 -5.564
12456 	 -5.374
12460 	 -5.291
12466 	 -5.877
12472 	 -5.804
12476 	 -6.107
12478 	 -6.088
12480 	 -6.13
12494 	 -6.091
12508 	 -6.082
12510 	 -6.099
12516 	 -6.266
12520 	 -6.236
12526 	 -6.158
12540 	 -6.409
12542 	 -6.365
12544 	 -6.304
12550 	 -6.329
12552 	 -6.209
12562 	 -6.271
12564 	 -6.435
12566 	 -6.393
12576 	 -6.389
12584 	 -6.409
12590 	 -6.288
12594 	 -6.46
12602 	 -6.057
12604 	 -5.864
12618 	 -5.755
12624 	 -5.742
12626 	 -5.426
12630 	 -5.897
12638 	 -5.947
12648 	 -5.981
12658 	 -6.24
12664 	 -6.12
12670 	 -6.49
12672 	 -6.479
12682 	 -6.73
12700 	 -6.639
12706 	 -6.869
12710 	 -6.865
12712 	 -6.183
12728 	 -5.958
12730 	 -5.973
12742 	 -5.969
12744 	 -5.775
12748 	 -5.866
12758 	 -5.864
12768 	 -5.906
12770 	 -6.139
12776 	 -5.977
12782 	 -5.885
12784 	 -5.916
12788 	 -5.904
12812 	 -5.883
12818 	 -6.081
12822 	 -6.155
12840 	 -6.409
12842 	 -6.446
12874 	 -6.474
12888 	 -6.44
12904 	 -6.6
12908 	 -6.279
12920 	 -6.189
12924 	 -7.455
12942 	 -7.771
12950 	 -7.724
12954 	 -7.655
12962 	 -7.605
12964 	 -7.621
12966 	 -7.545
12972 	 -7.498
12980 	 -8.014
12984 	 -7.739
12990 	 -7.736
12994 	 -7.73
12996 	 -7.646
13004 	 -7.572
13008 	 -7.558
13010 	 -7.581
13016 	 -7.457
13026 	 -7.575
13028 	 -7.534
13032 	 -7.426
13042 	 -7.301
13044 	 -7.723
13052 	 -7.874
13060 	 -7.712
13062 	 -7.711
13066 	 -6.671
13068 	 -6.516
13070 	 -6.867
13072 	 -7.183
13074 	 -7.276
13078 	 -7.274
13080 	 -6.96
13082 	 -7.073
13084 	 -6.967
13092 	 -7.03
13096 	 -6.956
13098 	 -7.113
13102 	 -7.108
13114 	 -7.061
13116 	 -6.969
13120 	 -6.998
13122 	 -6.99
13126 	 -6.904
13130 	 -7.107
13134 	 -7.025
13150 	 -6.683
13162 	 -6.617
13168 	 -6.553
13170 	 -6.409
13174 	 -6.601
13180 	 -7.022
13182 	 -7.021
13184 	 -7.241
13194 	 -7.371
13196 	 -7.261
13198 	 -7.579
13200 	 -7.728
13206 	 -7.656
13216 	 -7.522
13220 	 -7.513
13230 	 -7.431
13232 	 -7.432
13234 	 -7.43
13238 	 -7.373
13242 	 -7.4
13248 	 -7.057
13250 	 -7.031
13256 	 -6.983
13258 	 -6.96
13266 	 -6.983
13272 	 -6.719
13276 	 -6.701
13282 	 -6.692
13284 	 -6.757
13290 	 -6.46
13296 	 -6.471
13304 	 -6.681
13306 	 -6.77
13314 	 -6.664
13316 	 -6.071
13334 	 -5.563
13338 	 -5.467
13340 	 -4.885
13346 	 -4.894
13352 	 -4.842
13354 	 -4.933
13360 	 -4.886
13366 	 -5.003
13368 	 -4.969
13372 	 -4.957
13380 	 -5.172
13388 	 -5.225
13394 	 -5.246
13402 	 -5.393
13414 	 -5.28
13418 	 -5.274
13424 	 -5.177
13432 	 -5.173
13434 	 -5.38
13442 	 -5.133
13446 	 -5.175
13454 	 -5.174
13474 	 -5.227
13476 	 -5.594
13484 	 -5.58
13488 	 -5.575
13490 	 -5.565
13496 	 -5.564
13500 	 -5.621
13504 	 -5.62
13508 	 -5.582
13514 	 -5.573
13518 	 -5.487
13522 	 -5.601
13524 	 -5.522
13528 	 -5.557
13532 	 -5.685
13538 	 -5.645
13542 	 -5.619
13544 	 -5.842
13546 	 -5.425
13548 	 -5.269
13558 	 -5.259
13560 	 -5.232
13566 	 -5.219
13572 	 -5.153
13574 	 -5.049
13582 	 -5.056
13584 	 -4.944
13592 	 -4.765
13598 	 -4.782
13602 	 -4.768
13606 	 -4.84
13610 	 -4.77
13616 	 -4.858
13618 	 -4.844
13620 	 -4.804
13624 	 -4.855
13626 	 -4.848
13634 	 -4.818
13640 	 -4.805
13642 	 -4.826
13646 	 -4.697
13658 	 -4.752
13670 	 -4.722
13680 	 -4.679
13686 	 -4.697
13688 	 -4.764
13692 	 -4.721
13706 	 -4.647
13708 	 -4.687
13724 	 -4.753
13728 	 -4.651
13730 	 -4.632
13734 	 -4.701
13744 	 -4.129
13764 	 -4.1
13772 	 -4.098
13776 	 -4.032
13786 	 -4.003
13792 	 -3.869
13798 	 -3.735
13800 	 -3.863
13814 	 -3.835
13820 	 -3.77
13822 	 -3.834
13824 	 -3.713
13826 	 -3.7
13830 	 -3.596
13832 	 -3.595
13840 	 -3.586
13844 	 -3.573
13848 	 -3.524
13870 	 -3.545
13876 	 -3.544
13878 	 -3.41
13888 	 -3.454
13892 	 -3.563
13900 	 -3.555
13902 	 -3.502
13904 	 -3.404
13912 	 -3.415
13932 	 -3.408
13934 	 -3.393
13936 	 -3.392
13942 	 -3.414
13948 	 -3.37
13962 	 -3.438
13978 	 -3.437
13984 	 -3.431
14008 	 -3.421
14012 	 -3.559
14014 	 -3.361
14030 	 -3.298
14032 	 -3.22
14036 	 -3.218
14044 	 -2.989
14054 	 -2.998
14056 	 -2.733
14072 	 -2.73
14074 	 -2.711
14076 	 -2.547
14078 	 -2.451
14090 	 -2.42
14094 	 -2.361
14102 	 -2.318
14108 	 -2.381
14110 	 -2.374
14114 	 -2.357
14116 	 -2.311
14118 	 -2.3
14124 	 -2.295
14134 	 -2.24
14138 	 -2.205
14150 	 -2.177
14152 	 -2.147
14160 	 -2.132
14162 	 -2.064
14166 	 -2.047
14168 	 -2.04
14170 	 -1.799
14172 	 -1.788
14180 	 -1.787
14190 	 -1.788
14200 	 -1.792
14208 	 -1.78
14210 	 -1.715
14228 	 -1.926
14236 	 -1.919
14238 	 -1.736
14272 	 -1.705
14278 	 -1.696
14280 	 -2.035
14284 	 -2.146
14286 	 -2.143
14304 	 -2.133
14312 	 -2.08
14318 	 -2.216
14326 	 -2.215
14350 	 -2.207
14358 	 -2.614
14368 	 -2.587
14380 	 -2.68
14388 	 -2.77
14396 	 -2.745
14426 	 -2.767
14438 	 -2.639
14442 	 -2.49
14448 	 -2.489
14450 	 -2.535
14452 	 -2.168
14474 	 -2.221
14476 	 -2.276
14478 	 -2.252
14488 	 -2.713
14504 	 -3.264
14512 	 -2.974
14524 	 -2.959
14528 	 -2.835
14538 	 -2.602
14548 	 -2.583
14550 	 -2.451
14564 	 -2.381
14566 	 -3.026
14570 	 -2.862
14572 	 -2.711
14574 	 -2.572
14576 	 -2.541
14582 	 -2.506
14584 	 -2.528
14592 	 -2.666
14594 	 -2.608
14608 	 -2.531
14614 	 -2.328
14616 	 -2.301
14618 	 -2.224
14624 	 -2.122
14626 	 -2.081
14628 	 -2.154
14636 	 -2.193
14642 	 -2.563
14654 	 -2.429
14656 	 -2.242
14664 	 -2.489
14668 	 -2.385
14680 	 -2.321
14684 	 -2.441
14702 	 -2.408
14720 	 -1.172
14724 	 -1.547
14736 	 -1.534
14748 	 -1.443
14764 	 -1.399
14772 	 -1.317
14780 	 -1.306
14790 	 -1.259
14796 	 -1.134
14816 	 -1.016
14818 	 -0.917
14834 	 -0.923
14838 	 -1.284
14848 	 -1.162
14876 	 -1.165
14892 	 -1.072
14902 	 -1.063
14912 	 -0.938
14934 	 -0.706
15000 	 -1.541
15024 	 -1.673
15050 	 -2.327
15078 	 -2.774
15112 	 -3
15134 	 -2.94
15158 	 -2.875
15162 	 -2.917
15174 	 -2.869
15184 	 -2.865
15186 	 -2.25
15216 	 -2.466
15232 	 -2.29
15238 	 -2.418
15250 	 -2.414
15262 	 -1.538
15268 	 -1.363
15272 	 -1.354
15282 	 -1.089
15298 	 -0.742
15310 	 -0.762
15336 	 -0.912
15340 	 -0.905
15342 	 -0.902
15346 	 -0.85
15356 	 -0.935
15360 	 -0.932
15362 	 -0.93
15374 	 -0.735
15384 	 -0.721
15400 	 -0.413
15422 	 -0.334
15456 	 -0.201
15486 	 -0.105
15498 	 -0.096
15558 	 -0.064
15660 	 -0.058
15708 	 -0.052
15840 	 -0.037
15864 	 -0.036
15904 	 -0.028
16000 	 -0.026
16008 	 -0.024
16210 	 -0.022
16388 	 -0.016
16470 	 -0.015
18000 	 -2.128
18020 	 -2.227
18042 	 -2.675
18064 	 -2.729
18088 	 -2.111
18120 	 -1.491
18154 	 -2.168
18180 	 -1.904
18190 	 -2.225
18234 	 -2.958
18252 	 -2.942
18262 	 -2.849
18270 	 -2.203
18278 	 -2.161
18286 	 -2.067
18296 	 -2.256
18316 	 -2.286
18328 	 -2.408
18336 	 -2.174
18342 	 -2.17
18348 	 -1.776
18360 	 -1.201
18368 	 -1.048
18384 	 -1.055
18402 	 -0.724
18420 	 -0.407
18426 	 -0.363
18434 	 -0.304
18448 	 -0.134
18472 	 -0.119
18552 	 -0.012
18864 	 -0.008
19002 	 0
21000 	 -1.44
21001 	 -1.44
