0 	 0
3000 	 -1.376
3024 	 -1.496
3050 	 -1.88
3062 	 -2.472
3078 	 -3.176
3112 	 -3.62
3158 	 -3.808
3164 	 -3.728
3186 	 -2.828
3198 	 -2.688
3216 	 -1.912
3232 	 -1.736
3238 	 -1.364
3262 	 -0.608
3296 	 -0.264
3400 	 -0.024
3636 	 -0.008
3904 	 0
6000 	 -2.478
6020 	 -2.638
6042 	 -3.286
6064 	 -3.582
6088 	 -3.11
6120 	 -2.686
6138 	 -2.872
6154 	 -3.312
6180 	 -3.048
6190 	 -3.516
6198 	 -3.5
6234 	 -3.9
6284 	 -4.203
6296 	 -4.179
6346 	 -4.159
6360 	 -2.871
6374 	 -2.271
6376 	 -1.719
6424 	 -1.319
6444 	 -0.761
6504 	 -0.637
6506 	 -0.613
6552 	 -0.501
6634 	 -0.359
6704 	 -0.331
6710 	 -0.307
6726 	 -0.295
6728 	 -0.267
6782 	 -0.263
6894 	 -0.165
6990 	 -0.145
6994 	 -0.125
7002 	 -0.093
7272 	 -0.089
7278 	 -0.085
7290 	 -0.073
7324 	 -0.025
9000 	 -1.433
9024 	 -1.537
9050 	 -2.497
9078 	 -3.177
9112 	 -3.761
9158 	 -3.713
9162 	 -3.797
9174 	 -3.705
9186 	 -2.857
9216 	 -3.589
9232 	 -3.413
9238 	 -3.801
9262 	 -1.973
9268 	 -1.305
9298 	 -0.417
9304 	 -0.413
9306 	 -0.409
9334 	 -0.277
9400 	 -0.025
9660 	 -0.009
9904 	 -0.001
12000 	 -2.54
12002 	 -2.421
12004 	 -2.501
12006 	 -2.414
12008 	 -3.242
12010 	 -3.674
12012 	 -4.1
12018 	 -4.146
12020 	 -4.482
12032 	 -4.448
12034 	 -4.507
12040 	 -4.613
12042 	 -5.089
12062 	 -5.307
12064 	 -5.383
12070 	 -5.567
12086 	 -5.832
12088 	 -5.22
12090 	 -5.315
12100 	 -5.298
12120 	 -4.589
12130 	 -4.383
12132 	 -4.703
12154 	 -5.871
12156 	 -5.858
12160 	 -6.216
12164 	 -6.501
12176 	 -6.696
12178 	 -6.789
12180 	 -6.533
12190 	 -6.849
12198 	 -6.827
12200 	 -6.989
12212 	 -8.033
12222 	 -7.926
12228 	 -8.172
12230 	 -8.243
12234 	 -9.591
12236 	 -9.332
12246 	 -9.62
12252 	 -8.904
12254 	 -8.803
12256 	 -8.78
12260 	 -8.762
12262 	 -8.59
12272 	 -8.589
12274 	 -7.452
12276 	 -7.526
12282 	 -7.369
12290 	 -7.253
12296 	 -7.493
12304 	 -7.449
12308 	 -7.434
12310 	 -7.649
12314 	 -7.315
12324 	 -6.711
12328 	 -6.929
12332 	 -6.961
12334 	 -6.896
12338 	 -6.644
12340 	 -6.682
12344 	 -5.892
12350 	 -5.883
12352 	 -5.837
12354 	 -5.825
12358 	 -5.758
12360 	 -4.588
12368 	 -4.488
12376 	 -4.548
12380 	 -4.551
12382 	 -4.539
12384 	 -4.12
12386 	 -4.048
12392 	 -4.006
12394 	 -3.986
12402 	 -3.885
12404 	 -3.535
12406 	 -3.787
12412 	 -3.934
12418 	 -3.976
12432 	 -3.88
12438 	 -3.364
12456 	 -3.178
12464 	 -3.129
12484 	 -3.101
12488 	 -2.999
12494 	 -2.989
12496 	 -3.076
12500 	 -3.097
12502 	 -3.078
12510 	 -3.109
12516 	 -3.059
12540 	 -3.138
12546 	 -3.108
12548 	 -3.128
12550 	 -3.014
12552 	 -2.894
12556 	 -2.873
12560 	 -3.027
12564 	 -3.464
12574 	 -3.71
12576 	 -3.706
12584 	 -3.794
12590 	 -3.764
12592 	 -3.752
12594 	 -3.919
12604 	 -3.914
12608 	 -3.333
12614 	 -3.295
12624 	 -3.282
12628 	 -2.728
12632 	 -2.997
12640 	 -3.101
12644 	 -2.973
12672 	 -3.149
12676 	 -3.25
12678 	 -3.231
12700 	 -3.625
12708 	 -3.615
12714 	 -3.465
12716 	 -3.621
12718 	 -3.865
12728 	 -3.775
12760 	 -3.934
12766 	 -4.064
12776 	 -4.054
12784 	 -4.053
12786 	 -4.144
12788 	 -4.107
12790 	 -4.101
12792 	 -4.092
12802 	 -4.07
12804 	 -4.131
12808 	 -4.12
12812 	 -4.666
12826 	 -5.002
12828 	 -5.579
12830 	 -5.628
12832 	 -5.627
12834 	 -5.468
12846 	 -5.875
12852 	 -6.466
12858 	 -6.298
12868 	 -6.293
12870 	 -6.41
12874 	 -6.519
12876 	 -6.455
12878 	 -6.644
12886 	 -6.642
12888 	 -6.463
12894 	 -6.455
12896 	 -6.515
12898 	 -6.552
12912 	 -6.394
12914 	 -6.402
12918 	 -6.397
12920 	 -6.323
12926 	 -6.33
12930 	 -6.3
12936 	 -6.014
12938 	 -6.05
12946 	 -5.851
12948 	 -5.433
12952 	 -5.349
12958 	 -5.339
12960 	 -5.337
12966 	 -5.276
12970 	 -5.271
12972 	 -5.231
12974 	 -5.216
12986 	 -5.406
12988 	 -5.341
12990 	 -5.193
12996 	 -5.303
13020 	 -5.206
13024 	 -5.171
13028 	 -5.467
13032 	 -5.533
13036 	 -5.69
13040 	 -5.679
13046 	 -5.722
13052 	 -5.911
13062 	 -5.885
13066 	 -5.967
13078 	 -6.287
13080 	 -6.281
13088 	 -6.347
13090 	 -6.471
13094 	 -6.671
13098 	 -6.749
13110 	 -6.672
13116 	 -6.767
13118 	 -6.753
13122 	 -6.732
13126 	 -6.7
13128 	 -6.711
13130 	 -6.702
13132 	 -6.678
13134 	 -6.743
13140 	 -6.801
13152 	 -6.833
13154 	 -6.849
13156 	 -6.81
13158 	 -6.211
13160 	 -6.206
13162 	 -6.71
13170 	 -6.683
13174 	 -6.637
13178 	 -6.648
13182 	 -6.647
13190 	 -6.518
13196 	 -6.465
13202 	 -6.138
13208 	 -6.007
13214 	 -5.778
13222 	 -5.698
13228 	 -5.719
13232 	 -6.967
13234 	 -6.99
13242 	 -6.796
13254 	 -6.439
13258 	 -6.437
13262 	 -6.115
13266 	 -6.106
13274 	 -6.21
13284 	 -6.105
13294 	 -6.523
13302 	 -6.465
13314 	 -6.644
13316 	 -6.612
13322 	 -6.624
13330 	 -6.511
13340 	 -6.499
13356 	 -6.277
13362 	 -5.278
13366 	 -5.443
13372 	 -5.293
13378 	 -5.079
13382 	 -5.065
13388 	 -5.161
13402 	 -4.596
13408 	 -4.132
13412 	 -3.99
13414 	 -3.928
13420 	 -3.895
13422 	 -3.898
13424 	 -3.914
13428 	 -3.911
13430 	 -3.855
13432 	 -3.853
13436 	 -3.668
13438 	 -3.571
13440 	 -3.397
13454 	 -3.396
13458 	 -3.26
13462 	 -3.122
13466 	 -2.86
13472 	 -2.763
13482 	 -2.921
13488 	 -2.891
13492 	 -2.851
13498 	 -3.249
13502 	 -3.234
13508 	 -3.069
13524 	 -3.068
13536 	 -1.341
13540 	 -1.471
13548 	 -1.581
13552 	 -1.465
13560 	 -1.477
13586 	 -1.362
13592 	 -1.355
13608 	 -1.32
13616 	 -1.306
13626 	 -1.304
13632 	 -1.253
13666 	 -1.158
13668 	 -1.146
13680 	 -1.136
13690 	 -1.195
13694 	 -1.201
13706 	 -1.161
13716 	 -1.15
13726 	 -1.149
13736 	 -1.01
13746 	 -0.995
13762 	 -0.906
13766 	 -0.503
13772 	 -0.487
13780 	 -0.478
13794 	 -0.325
13810 	 -0.21
13836 	 -0.168
13882 	 -0.166
13890 	 -0.159
13920 	 -0.098
13924 	 -0.097
14020 	 -0.034
14124 	 -0.033
14320 	 -0.032
14364 	 -0.031
14382 	 -0.027
14410 	 -0.026
14446 	 -0.024
15000 	 -1.377
15024 	 -1.497
15050 	 -2.025
15078 	 -2.342
15112 	 -2.378
15158 	 -2.353
15162 	 -2.374
15174 	 -2.35
15186 	 -1.958
15216 	 -1.769
15232 	 -1.593
15238 	 -1.657
15262 	 -1.395
15268 	 -1.309
15282 	 -1.177
15298 	 -1.004
15310 	 -1.045
15336 	 -1.344
15346 	 -1.318
15356 	 -1.488
15374 	 -1.103
15400 	 -0.701
15422 	 -0.542
15456 	 -0.278
15486 	 -0.089
15558 	 -0.022
15660 	 -0.019
15708 	 -0.013
15864 	 -0.008
15904 	 0
18000 	 -2.128
18020 	 -2.227
18042 	 -2.675
18064 	 -2.726
18088 	 -2.125
18120 	 -1.552
18154 	 -1.968
18180 	 -1.704
18190 	 -1.963
18234 	 -2.362
18252 	 -2.354
18262 	 -2.168
18270 	 -1.845
18278 	 -1.824
18286 	 -1.777
18296 	 -2.335
18316 	 -2.35
18328 	 -2.594
18336 	 -2.477
18342 	 -2.52
18348 	 -2.323
18360 	 -2.064
18368 	 -1.758
18384 	 -1.772
18402 	 -1.338
18420 	 -0.704
18426 	 -0.616
18434 	 -0.498
18448 	 -0.158
18472 	 -0.128
18552 	 -0.012
18864 	 -0.004
19002 	 0
21000 	 -1.44
21001 	 -1.44
