0 	 0
3000 	 -1.376
3024 	 -1.496
3050 	 -1.88
3062 	 -2.472
3078 	 -3.176
3112 	 -3.62
3158 	 -3.808
3164 	 -3.728
3186 	 -2.828
3198 	 -2.688
3216 	 -1.912
3232 	 -1.736
3238 	 -1.364
3262 	 -0.608
3296 	 -0.264
3400 	 -0.024
3636 	 -0.008
3904 	 0
6000 	 -2.478
6020 	 -2.638
6042 	 -3.286
6064 	 -3.582
6088 	 -3.11
6120 	 -2.686
6138 	 -2.872
6154 	 -3.312
6180 	 -3.048
6190 	 -3.516
6198 	 -3.5
6234 	 -3.9
6284 	 -4.203
6296 	 -4.179
6346 	 -4.159
6360 	 -2.871
6374 	 -2.271
6376 	 -1.719
6424 	 -1.319
6444 	 -0.761
6504 	 -0.637
6506 	 -0.613
6552 	 -0.501
6634 	 -0.359
6704 	 -0.331
6710 	 -0.307
6726 	 -0.295
6728 	 -0.267
6782 	 -0.263
6894 	 -0.165
6990 	 -0.145
6994 	 -0.125
7002 	 -0.093
7272 	 -0.089
7278 	 -0.085
7290 	 -0.073
7324 	 -0.025
9000 	 -1.433
9024 	 -1.537
9050 	 -2.497
9078 	 -3.177
9112 	 -3.761
9158 	 -3.713
9162 	 -3.797
9174 	 -3.705
9186 	 -2.857
9216 	 -3.589
9232 	 -3.413
9238 	 -3.801
9262 	 -1.973
9268 	 -1.305
9298 	 -0.417
9304 	 -0.413
9306 	 -0.409
9334 	 -0.277
9400 	 -0.025
9660 	 -0.009
9904 	 -0.001
12000 	 -2.54
12002 	 -2.421
12004 	 -2.501
12006 	 -2.414
12008 	 -3.236
12010 	 -3.668
12012 	 -4.098
12018 	 -4.144
12020 	 -4.486
12032 	 -4.452
12034 	 -4.504
12040 	 -4.69
12042 	 -5.166
12062 	 -5.358
12064 	 -5.434
12070 	 -5.808
12088 	 -5.196
12090 	 -5.243
12100 	 -5.174
12120 	 -4.629
12130 	 -4.546
12154 	 -5.582
12156 	 -5.573
12176 	 -5.516
12178 	 -5.936
12180 	 -5.672
12186 	 -5.724
12190 	 -6.04
12200 	 -5.922
12206 	 -5.912
12210 	 -5.876
12212 	 -6.92
12222 	 -6.813
12230 	 -7.166
12234 	 -8.514
12236 	 -8.458
12250 	 -8.479
12252 	 -7.727
12254 	 -7.525
12256 	 -7.517
12264 	 -7.936
12266 	 -7.826
12274 	 -6.574
12282 	 -6.481
12286 	 -6.151
12290 	 -5.879
12296 	 -6.119
12298 	 -6.178
12302 	 -6.161
12304 	 -5.931
12306 	 -5.894
12308 	 -5.879
12310 	 -5.449
12312 	 -5.702
12324 	 -5.048
12332 	 -5.08
12338 	 -4.828
12344 	 -4.119
12350 	 -4.133
12354 	 -3.852
12360 	 -2.9
12366 	 -2.89
12372 	 -2.712
12382 	 -2.704
12384 	 -2.688
12394 	 -2.394
12404 	 -2.122
12408 	 -2.047
12432 	 -2.16
12438 	 -1.834
12456 	 -1.648
12498 	 -1.569
12510 	 -1.354
12532 	 -1.243
12536 	 -1.353
12552 	 -1.233
12554 	 -1.331
12562 	 -1.457
12564 	 -1.451
12576 	 -1.431
12578 	 -1.356
12600 	 -1.338
12604 	 -1.39
12606 	 -1.623
12630 	 -1.863
12636 	 -1.858
12638 	 -1.884
12672 	 -1.057
12676 	 -1.121
12684 	 -1.076
12688 	 -1.047
12706 	 -1.543
12716 	 -1.879
12724 	 -2.182
12754 	 -2.193
12758 	 -2.123
12762 	 -2.332
12768 	 -2.289
12776 	 -2.097
12778 	 -2.077
12790 	 -2.069
12792 	 -1.901
12810 	 -2.242
12814 	 -2.238
12820 	 -2.032
12832 	 -2.029
12840 	 -2.159
12850 	 -2.251
12866 	 -2.399
12880 	 -2.878
12894 	 -2.698
12942 	 -2.75
12954 	 -2.716
12970 	 -3.047
12980 	 -3.504
12986 	 -4.322
12990 	 -4.31
12996 	 -4.294
13002 	 -4.406
13008 	 -4.54
13022 	 -4.409
13028 	 -3.689
13030 	 -3.659
13034 	 -3.464
13040 	 -3.817
13046 	 -3.797
13050 	 -4.074
13056 	 -4.034
13060 	 -3.937
13062 	 -3.742
13070 	 -3.705
13072 	 -3.513
13076 	 -3.508
13080 	 -3.467
13086 	 -3.466
13094 	 -3.294
13096 	 -3.112
13100 	 -2.948
13104 	 -2.802
13108 	 -2.863
13112 	 -2.826
13118 	 -2.619
13120 	 -2.64
13126 	 -2.787
13134 	 -2.485
13136 	 -2.541
13138 	 -2.537
13140 	 -2.67
13148 	 -2.716
13158 	 -2.711
13168 	 -2.544
13176 	 -2.373
13180 	 -2.375
13188 	 -2.212
13192 	 -2.302
13200 	 -2.299
13208 	 -2.322
13212 	 -2.247
13220 	 -2.159
13224 	 -2.04
13226 	 -2.382
13230 	 -3.037
13232 	 -2.962
13238 	 -3.059
13244 	 -2.906
13254 	 -3.04
13270 	 -3.099
13272 	 -3.005
13280 	 -3.056
13292 	 -2.847
13296 	 -2.795
13302 	 -2.903
13304 	 -2.946
13306 	 -2.903
13308 	 -2.738
13316 	 -2.703
13342 	 -2.504
13350 	 -2.285
13356 	 -2.277
13366 	 -2.04
13370 	 -1.905
13374 	 -1.638
13382 	 -1.528
13392 	 -1.528
13396 	 -1.644
13410 	 -1.591
13436 	 -1.421
13438 	 -1.328
13440 	 -1.019
13466 	 -0.973
13478 	 -1.086
13490 	 -1.069
13516 	 -0.849
13520 	 -0.863
13528 	 -0.85
13530 	 -0.87
13546 	 -0.846
13550 	 -0.793
13552 	 -0.783
13554 	 -0.83
13576 	 -0.854
13580 	 -0.8
13594 	 -0.649
13600 	 -0.611
13622 	 -0.553
13628 	 -0.363
13648 	 -0.35
13654 	 -0.318
13704 	 -0.3
13722 	 -0.231
13756 	 -0.196
13780 	 -0.188
13800 	 -0.121
13812 	 -0.12
13814 	 -0.114
13834 	 -0.108
13848 	 -0.107
13862 	 -0.099
13866 	 -0.094
13908 	 -0.082
13912 	 -0.074
13920 	 -0.065
13952 	 -0.061
13986 	 -0.058
14016 	 -0.054
14064 	 -0.049
14080 	 -0.048
14096 	 -0.037
14162 	 -0.036
14192 	 -0.035
14380 	 -0.033
14400 	 -0.031
15000 	 -1.386
15024 	 -1.526
15050 	 -2.162
15078 	 -2.617
15112 	 -2.858
15158 	 -2.855
15162 	 -2.896
15174 	 -2.849
15186 	 -2.323
15216 	 -2.531
15232 	 -2.355
15238 	 -2.483
15262 	 -1.856
15268 	 -1.684
15282 	 -1.42
15298 	 -1.073
15310 	 -1.113
15336 	 -1.411
15346 	 -1.359
15356 	 -1.529
15374 	 -1.149
15400 	 -0.709
15422 	 -0.549
15456 	 -0.287
15486 	 -0.097
15558 	 -0.027
15660 	 -0.021
15864 	 -0.013
15904 	 -0.005
18000 	 -2.128
18020 	 -2.236
18042 	 -2.716
18064 	 -2.81
18088 	 -2.232
18120 	 -1.658
18154 	 -2.416
18180 	 -2.152
18190 	 -2.608
18234 	 -3.44
18252 	 -3.424
18262 	 -3.238
18270 	 -2.592
18278 	 -2.55
18286 	 -2.456
18296 	 -3.002
18316 	 -3.032
18328 	 -3.276
18336 	 -3.042
18342 	 -3.068
18348 	 -2.674
18360 	 -2.166
18368 	 -1.86
18384 	 -1.874
18402 	 -1.364
18420 	 -0.73
18426 	 -0.642
18434 	 -0.524
18448 	 -0.184
18472 	 -0.154
18552 	 -0.016
18864 	 -0.008
19002 	 0
21000 	 -1.44
21001 	 -1.44
