0 	 0
3000 	 -1.376
3024 	 -1.496
3050 	 -1.88
3062 	 -2.472
3078 	 -3.176
3112 	 -3.62
3158 	 -3.808
3164 	 -3.728
3186 	 -2.828
3198 	 -2.688
3216 	 -1.912
3232 	 -1.736
3238 	 -1.364
3262 	 -0.608
3296 	 -0.264
3400 	 -0.024
3636 	 -0.008
3904 	 0
6000 	 -2.478
6020 	 -2.638
6042 	 -3.286
6064 	 -3.582
6088 	 -3.11
6120 	 -2.686
6138 	 -2.872
6154 	 -3.312
6180 	 -3.048
6190 	 -3.516
6198 	 -3.5
6234 	 -3.9
6284 	 -4.203
6296 	 -4.179
6346 	 -4.159
6360 	 -2.871
6374 	 -2.271
6376 	 -1.719
6424 	 -1.319
6444 	 -0.761
6504 	 -0.637
6506 	 -0.613
6552 	 -0.501
6634 	 -0.359
6704 	 -0.331
6710 	 -0.307
6726 	 -0.295
6728 	 -0.267
6782 	 -0.263
6894 	 -0.165
6990 	 -0.145
6994 	 -0.125
7002 	 -0.093
7272 	 -0.089
7278 	 -0.085
7290 	 -0.073
7324 	 -0.025
9000 	 -1.433
9024 	 -1.537
9050 	 -2.497
9078 	 -3.177
9112 	 -3.761
9158 	 -3.713
9162 	 -3.797
9174 	 -3.705
9186 	 -2.857
9216 	 -3.589
9232 	 -3.413
9238 	 -3.801
9262 	 -1.973
9268 	 -1.305
9298 	 -0.417
9304 	 -0.413
9306 	 -0.409
9334 	 -0.277
9400 	 -0.025
9660 	 -0.009
9904 	 -0.001
12000 	 -2.54
12002 	 -2.421
12004 	 -2.461
12006 	 -2.374
12008 	 -2.791
12010 	 -3.223
12012 	 -3.434
12018 	 -3.48
12020 	 -3.703
12032 	 -3.669
12034 	 -3.728
12040 	 -3.746
12042 	 -4.222
12062 	 -4.44
12064 	 -4.516
12086 	 -4.781
12088 	 -4.169
12090 	 -4.264
12120 	 -3.555
12132 	 -3.875
12154 	 -5.043
12156 	 -5.048
12164 	 -5.333
12176 	 -5.528
12178 	 -5.507
12180 	 -5.251
12190 	 -5.567
12200 	 -5.604
12212 	 -6.648
12222 	 -6.541
12228 	 -6.73
12234 	 -8.078
12236 	 -7.747
12252 	 -7.031
12260 	 -7.027
12262 	 -7.208
12272 	 -7.207
12274 	 -5.955
12282 	 -5.827
12290 	 -5.679
12296 	 -5.919
12304 	 -5.875
12306 	 -6.083
12308 	 -6.068
12310 	 -6.041
12324 	 -5.437
12328 	 -5.748
12332 	 -5.78
12338 	 -5.528
12340 	 -5.716
12344 	 -4.92
12352 	 -4.874
12354 	 -4.862
12356 	 -4.918
12360 	 -4.091
12368 	 -3.991
12382 	 -3.979
12386 	 -4.082
12394 	 -4.062
12402 	 -3.961
12404 	 -3.689
12406 	 -3.836
12412 	 -3.894
12432 	 -3.713
12460 	 -3.687
12464 	 -3.638
12472 	 -3.497
12484 	 -3.469
12494 	 -3.459
12496 	 -3.498
12498 	 -3.435
12500 	 -3.313
12502 	 -3.294
12504 	 -3.231
12506 	 -3.27
12516 	 -3.22
12522 	 -3.211
12524 	 -3.397
12536 	 -3.515
12546 	 -3.628
12548 	 -3.229
12552 	 -3.109
12556 	 -3.181
12568 	 -3.294
12590 	 -3.264
12592 	 -3.252
12600 	 -3.214
12604 	 -3.209
12606 	 -3.2
12608 	 -3.144
12614 	 -3.507
12638 	 -3.515
12640 	 -3.467
12652 	 -3.566
12672 	 -3.553
12674 	 -3.371
12688 	 -3.641
12700 	 -3.683
12708 	 -3.673
12714 	 -3.523
12736 	 -3.642
12740 	 -3.561
12786 	 -3.82
12788 	 -3.811
12796 	 -3.786
12798 	 -3.739
12802 	 -3.717
12804 	 -3.563
12806 	 -3.783
12808 	 -3.731
12810 	 -3.658
12826 	 -3.83
12834 	 -3.811
12850 	 -4.004
12854 	 -4.256
12864 	 -4.331
12874 	 -4.285
12880 	 -4.679
12886 	 -4.677
12892 	 -4.59
12896 	 -4.355
12912 	 -4.511
12916 	 -4.492
12920 	 -4.559
12946 	 -4.553
12952 	 -4.469
12960 	 -4.716
12964 	 -4.396
12966 	 -4.38
12968 	 -4.269
12970 	 -4.264
12972 	 -4.288
12974 	 -4.33
12980 	 -4.245
12996 	 -4.277
13000 	 -4.095
13002 	 -4.069
13026 	 -3.802
13040 	 -3.764
13042 	 -3.59
13044 	 -3.705
13060 	 -3.756
13062 	 -3.755
13064 	 -3.728
13070 	 -3.687
13076 	 -3.669
13080 	 -3.663
13082 	 -3.805
13090 	 -3.772
13098 	 -3.786
13102 	 -3.85
13114 	 -3.843
13124 	 -3.785
13128 	 -3.841
13130 	 -4.029
13136 	 -4.028
13146 	 -4.09
13148 	 -3.942
13168 	 -3.91
13170 	 -4.018
13174 	 -4.041
13176 	 -3.975
13214 	 -3.551
13222 	 -3.651
13226 	 -3.642
13228 	 -3.631
13230 	 -3.655
13236 	 -3.871
13248 	 -3.736
13254 	 -3.937
13258 	 -3.935
13270 	 -3.944
13272 	 -4.134
13274 	 -4.139
13280 	 -3.95
13296 	 -4.068
13298 	 -3.941
13300 	 -3.969
13310 	 -3.499
13318 	 -3.51
13326 	 -3.468
13328 	 -3.433
13334 	 -3.257
13338 	 -3.156
13340 	 -3.144
13342 	 -3.023
13352 	 -3.066
13360 	 -3.057
13366 	 -2.901
13368 	 -2.885
13370 	 -2.807
13384 	 -2.789
13408 	 -2.386
13418 	 -2.408
13426 	 -2.485
13428 	 -2.481
13430 	 -2.465
13436 	 -2.471
13442 	 -2.539
13448 	 -2.485
13458 	 -2.523
13460 	 -2.51
13470 	 -2.47
13472 	 -2.312
13480 	 -2.306
13484 	 -2.191
13486 	 -2.048
13494 	 -1.999
13502 	 -1.956
13506 	 -1.722
13508 	 -1.721
13510 	 -1.643
13536 	 -0.978
13558 	 -1.266
13568 	 -1.65
13584 	 -1.826
13586 	 -1.759
13592 	 -1.966
13600 	 -2.483
13606 	 -2.216
13612 	 -2.191
13614 	 -2.181
13624 	 -2.2
13626 	 -1.971
13642 	 -1.822
13646 	 -1.828
13656 	 -1.838
13668 	 -1.546
13676 	 -1.351
13678 	 -1.304
13682 	 -1.438
13684 	 -1.43
13700 	 -1.45
13704 	 -1.399
13710 	 -1.24
13720 	 -1.369
13726 	 -1.368
13728 	 -1.342
13744 	 -0.891
13764 	 -0.887
13768 	 -0.883
13786 	 -0.841
13788 	 -0.768
13794 	 -0.771
13802 	 -1.347
13804 	 -1.69
13808 	 -1.678
13812 	 -1.613
13816 	 -1.72
13826 	 -1.903
13844 	 -1.881
13846 	 -1.849
13850 	 -1.751
13852 	 -1.734
13858 	 -1.792
13864 	 -1.754
13872 	 -1.528
13882 	 -1.562
13884 	 -1.313
13892 	 -1.297
13912 	 -1.257
13920 	 -1.23
13934 	 -0.709
13950 	 -0.565
13954 	 -0.469
13962 	 -0.548
13984 	 -0.583
14006 	 -0.543
14010 	 -0.396
14014 	 -0.444
14022 	 -0.433
14046 	 -0.431
14050 	 -0.552
14100 	 -0.548
14118 	 -0.481
14138 	 -0.528
14148 	 -0.516
14156 	 -0.512
14158 	 -0.507
14174 	 -0.38
14178 	 -0.379
14192 	 -0.231
14238 	 -0.155
14270 	 -0.152
14278 	 -0.133
14316 	 -0.097
14356 	 -0.072
14414 	 -0.062
14430 	 -0.06
14436 	 -0.047
14570 	 -0.042
15000 	 -1.385
15024 	 -1.514
15050 	 -2.167
15078 	 -2.617
15112 	 -2.854
15158 	 -2.861
15162 	 -2.903
15174 	 -2.855
15186 	 -2.318
15216 	 -2.531
15232 	 -2.355
15238 	 -2.485
15262 	 -1.857
15268 	 -1.685
15282 	 -1.421
15298 	 -1.074
15308 	 -1.091
15310 	 -1.111
15334 	 -1.259
15336 	 -1.409
15346 	 -1.357
15354 	 -1.448
15356 	 -1.533
15374 	 -1.123
15400 	 -0.701
15422 	 -0.533
15456 	 -0.401
15460 	 -0.255
15486 	 -0.161
15492 	 -0.09
15558 	 -0.058
15574 	 -0.029
15660 	 -0.023
15708 	 -0.017
15864 	 -0.016
15904 	 -0.008
15916 	 -0.005
16002 	 -0.004
18000 	 -2.128
18020 	 -2.236
18042 	 -2.716
18064 	 -2.81
18088 	 -2.232
18120 	 -1.658
18154 	 -2.416
18180 	 -2.152
18190 	 -2.608
18234 	 -3.44
18252 	 -3.424
18262 	 -3.237
18270 	 -2.591
18278 	 -2.549
18286 	 -2.455
18296 	 -3.002
18316 	 -3.032
18328 	 -3.276
18336 	 -3.042
18342 	 -3.068
18348 	 -2.674
18360 	 -2.166
18368 	 -1.86
18384 	 -1.874
18402 	 -1.364
18420 	 -0.73
18426 	 -0.642
18434 	 -0.524
18448 	 -0.184
18472 	 -0.154
18552 	 -0.016
18864 	 -0.008
19002 	 0
21000 	 -1.44
21001 	 -1.44
