0 	 0
3000 	 -1.376
3024 	 -1.496
3050 	 -1.88
3062 	 -2.472
3078 	 -3.176
3112 	 -3.62
3158 	 -3.808
3164 	 -3.728
3186 	 -2.828
3198 	 -2.688
3216 	 -1.912
3232 	 -1.736
3238 	 -1.364
3262 	 -0.608
3296 	 -0.264
3400 	 -0.024
3636 	 -0.008
3904 	 0
6000 	 -2.478
6020 	 -2.638
6042 	 -3.286
6064 	 -3.582
6088 	 -3.11
6120 	 -2.686
6138 	 -2.872
6154 	 -3.312
6180 	 -3.048
6190 	 -3.516
6198 	 -3.5
6234 	 -3.9
6284 	 -4.203
6296 	 -4.179
6346 	 -4.159
6360 	 -2.871
6374 	 -2.271
6376 	 -1.719
6424 	 -1.319
6444 	 -0.761
6504 	 -0.637
6506 	 -0.613
6552 	 -0.501
6634 	 -0.359
6704 	 -0.331
6710 	 -0.307
6726 	 -0.295
6728 	 -0.267
6782 	 -0.263
6894 	 -0.165
6990 	 -0.145
6994 	 -0.125
7002 	 -0.093
7272 	 -0.089
7278 	 -0.085
7290 	 -0.073
7324 	 -0.025
9000 	 -1.433
9024 	 -1.537
9050 	 -2.497
9078 	 -3.177
9112 	 -3.761
9158 	 -3.713
9162 	 -3.797
9174 	 -3.705
9186 	 -2.857
9216 	 -3.589
9232 	 -3.413
9238 	 -3.801
9262 	 -1.973
9268 	 -1.305
9298 	 -0.417
9304 	 -0.413
9306 	 -0.409
9334 	 -0.277
9400 	 -0.025
9660 	 -0.009
9904 	 -0.001
12000 	 -2.554
12002 	 -2.49
12004 	 -3.052
12006 	 -3.176
12008 	 -4.942
12012 	 -5.787
12016 	 -5.655
12020 	 -6.208
12032 	 -6.016
12040 	 -6.209
12042 	 -6.685
12048 	 -6.482
12064 	 -6.582
12070 	 -6.736
12086 	 -6.961
12088 	 -6.349
12100 	 -6.391
12102 	 -6.29
12108 	 -6.339
12120 	 -5.811
12130 	 -5.564
12132 	 -5.9
12152 	 -6.037
12154 	 -7.073
12160 	 -7.431
12162 	 -7.404
12178 	 -7.587
12180 	 -7.245
12182 	 -7.589
12186 	 -7.638
12188 	 -7.766
12190 	 -8.082
12198 	 -8.032
12200 	 -8.202
12204 	 -8.192
12206 	 -8.313
12208 	 -8.527
12212 	 -9.571
12230 	 -9.899
12234 	 -11.247
12236 	 -10.992
12246 	 -11.36
12252 	 -10.644
12254 	 -10.442
12256 	 -10.435
12262 	 -10.802
12266 	 -11.199
12272 	 -11.198
12274 	 -9.946
12276 	 -9.826
12278 	 -9.888
12282 	 -9.702
12286 	 -9.873
12290 	 -9.601
12296 	 -9.698
12304 	 -9.654
12306 	 -9.521
12310 	 -9.692
12314 	 -9.415
12322 	 -9.335
12324 	 -8.731
12328 	 -8.885
12332 	 -8.917
12334 	 -8.728
12338 	 -8.476
12344 	 -7.649
12350 	 -7.64
12352 	 -7.765
12354 	 -7.63
12358 	 -7.566
12360 	 -6.483
12368 	 -6.386
12376 	 -6.285
12380 	 -6.158
12382 	 -6.15
12384 	 -5.681
12386 	 -5.614
12392 	 -5.634
12400 	 -5.472
12404 	 -5.235
12410 	 -5.215
12412 	 -5.157
12418 	 -5.25
12438 	 -4.586
12440 	 -4.728
12456 	 -4.762
12464 	 -4.713
12472 	 -4.64
12476 	 -4.825
12480 	 -4.681
12488 	 -4.665
12492 	 -4.612
12498 	 -4.816
12502 	 -4.797
12508 	 -4.758
12516 	 -4.708
12526 	 -4.612
12532 	 -4.602
12536 	 -4.642
12544 	 -4.581
12550 	 -4.966
12552 	 -4.846
12558 	 -4.777
12562 	 -4.981
12566 	 -4.939
12570 	 -5.086
12576 	 -5.082
12578 	 -5.035
12582 	 -5.004
12590 	 -4.864
12598 	 -4.802
12602 	 -4.785
12604 	 -4.77
12614 	 -4.586
12616 	 -4.364
12618 	 -4.601
12624 	 -4.588
12630 	 -4.433
12638 	 -4.427
12640 	 -4.416
12650 	 -4.655
12658 	 -4.464
12712 	 -3.062
12716 	 -3.129
12724 	 -3.091
12728 	 -3.05
12732 	 -3.033
12734 	 -2.97
12742 	 -2.981
12748 	 -3.019
12762 	 -2.961
12764 	 -3.062
12776 	 -3.052
12780 	 -2.997
12782 	 -3.125
12784 	 -3.122
12788 	 -3.049
12794 	 -3.023
12800 	 -3.031
12808 	 -3.239
12810 	 -3.168
12812 	 -3.171
12814 	 -3.33
12822 	 -3.983
12824 	 -4.394
12836 	 -4.733
12856 	 -4.675
12870 	 -4.532
12872 	 -4.566
12874 	 -4.415
12878 	 -4.401
12884 	 -4.283
12886 	 -4.282
12890 	 -4.357
12894 	 -4.269
12896 	 -4.399
12908 	 -3.743
12912 	 -3.981
12918 	 -3.984
12924 	 -3.835
12926 	 -3.714
12930 	 -3.496
12940 	 -3.242
12942 	 -3.124
12946 	 -2.977
12950 	 -3.042
12952 	 -2.961
12956 	 -2.888
12960 	 -2.951
12964 	 -2.944
12966 	 -2.966
12970 	 -3.044
12980 	 -3.085
12984 	 -2.92
12986 	 -3.046
12990 	 -3.04
12994 	 -2.831
12996 	 -2.822
13004 	 -2.651
13006 	 -2.437
13008 	 -2.389
13010 	 -2.376
13026 	 -2.436
13030 	 -2.557
13050 	 -2.409
13052 	 -2.268
13060 	 -2.653
13066 	 -3.06
13068 	 -3.336
13070 	 -3.178
13078 	 -3.176
13080 	 -3.281
13088 	 -3.28
13090 	 -3.262
13092 	 -3.391
13094 	 -3.389
13114 	 -3.345
13116 	 -3.102
13118 	 -3.097
13120 	 -3.287
13122 	 -3.25
13132 	 -3.111
13140 	 -3.141
13144 	 -3.174
13150 	 -3.106
13158 	 -3.011
13160 	 -2.782
13164 	 -2.72
13172 	 -2.764
13174 	 -2.753
13176 	 -2.748
13178 	 -2.615
13182 	 -2.614
13186 	 -2.493
13192 	 -2.471
13202 	 -2.445
13206 	 -2.344
13212 	 -1.332
13216 	 -1.599
13220 	 -1.59
13228 	 -1.571
13234 	 -1.676
13238 	 -1.726
13240 	 -1.692
13250 	 -1.68
13256 	 -1.706
13258 	 -1.704
13264 	 -1.716
13284 	 -1.919
13290 	 -1.904
13298 	 -1.876
13312 	 -1.916
13316 	 -1.91
13322 	 -1.799
13324 	 -1.83
13338 	 -1.825
13346 	 -1.799
13348 	 -1.772
13360 	 -1.735
13362 	 -1.756
13380 	 -1.803
13386 	 -1.847
13398 	 -1.879
13408 	 -1.911
13414 	 -1.943
13416 	 -1.848
13426 	 -1.709
13436 	 -1.591
13454 	 -1.59
13456 	 -1.413
13458 	 -1.307
13472 	 -1.326
13474 	 -1.313
13480 	 -1.282
13482 	 -1.273
13488 	 -1.255
13490 	 -1.235
13496 	 -1.304
13516 	 -1.277
13524 	 -1.214
13538 	 -1.228
13542 	 -1.222
13548 	 -1.221
13570 	 -1.204
13582 	 -1.165
13598 	 -1.137
13608 	 -1.203
13616 	 -0.966
13634 	 -0.954
13640 	 -0.943
13642 	 -0.914
13644 	 -0.912
13648 	 -0.902
13652 	 -0.843
13664 	 -0.92
13670 	 -0.789
13696 	 -0.767
13702 	 -0.736
13716 	 -0.553
13726 	 -0.552
13734 	 -0.538
13736 	 -0.515
13770 	 -0.338
13772 	 -0.329
13776 	 -0.314
13780 	 -0.282
13782 	 -0.244
13800 	 -0.187
13828 	 -0.173
13830 	 -0.172
13850 	 -0.153
13868 	 -0.15
13876 	 -0.149
13888 	 -0.142
13900 	 -0.075
13936 	 -0.071
13944 	 -0.069
13982 	 -0.068
13992 	 -0.061
14038 	 -0.06
14074 	 -0.059
14118 	 -0.044
14226 	 -0.041
14266 	 -0.032
14310 	 -0.03
14344 	 -0.029
15000 	 -1.379
15024 	 -1.499
15050 	 -2.027
15078 	 -2.344
15112 	 -2.387
15158 	 -2.435
15162 	 -2.456
15174 	 -2.432
15186 	 -2.125
15216 	 -1.929
15232 	 -1.753
15238 	 -1.817
15262 	 -1.805
15268 	 -1.719
15282 	 -1.587
15298 	 -1.413
15310 	 -1.474
15336 	 -1.922
15346 	 -1.896
15356 	 -2.151
15374 	 -1.576
15400 	 -1.047
15422 	 -0.808
15456 	 -0.413
15486 	 -0.129
15558 	 -0.027
15660 	 -0.024
15708 	 -0.018
15864 	 -0.009
15904 	 -0.001
18000 	 -2.128
18020 	 -2.236
18042 	 -2.716
18064 	 -2.807
18088 	 -2.246
18120 	 -1.719
18154 	 -2.216
18180 	 -1.952
18190 	 -2.346
18234 	 -2.844
18252 	 -2.836
18262 	 -2.557
18270 	 -2.234
18278 	 -2.213
18286 	 -2.166
18296 	 -3.081
18316 	 -3.096
18328 	 -3.462
18336 	 -3.345
18342 	 -3.418
18348 	 -3.221
18360 	 -3.029
18368 	 -2.57
18384 	 -2.591
18402 	 -1.978
18420 	 -1.027
18426 	 -0.895
18434 	 -0.718
18448 	 -0.208
18472 	 -0.163
18552 	 -0.016
18864 	 -0.004
19002 	 0
21000 	 -1.44
21001 	 -1.44
