0 	 0
3000 	 -1.376
3024 	 -1.496
3050 	 -1.88
3062 	 -2.472
3078 	 -3.176
3112 	 -3.62
3158 	 -3.808
3164 	 -3.728
3186 	 -2.828
3198 	 -2.688
3216 	 -1.912
3232 	 -1.736
3238 	 -1.364
3262 	 -0.608
3296 	 -0.264
3400 	 -0.024
3636 	 -0.008
3904 	 0
6000 	 -2.478
6020 	 -2.638
6042 	 -3.286
6064 	 -3.582
6088 	 -3.11
6120 	 -2.686
6138 	 -2.872
6154 	 -3.312
6180 	 -3.048
6190 	 -3.516
6198 	 -3.5
6234 	 -3.9
6284 	 -4.203
6296 	 -4.179
6346 	 -4.159
6360 	 -2.871
6374 	 -2.271
6376 	 -1.719
6424 	 -1.319
6444 	 -0.761
6504 	 -0.637
6506 	 -0.613
6552 	 -0.501
6634 	 -0.359
6704 	 -0.331
6710 	 -0.307
6726 	 -0.295
6728 	 -0.267
6782 	 -0.263
6894 	 -0.165
6990 	 -0.145
6994 	 -0.125
7002 	 -0.093
7272 	 -0.089
7278 	 -0.085
7290 	 -0.073
7324 	 -0.025
9000 	 -1.433
9024 	 -1.537
9050 	 -2.497
9078 	 -3.177
9112 	 -3.761
9158 	 -3.713
9162 	 -3.797
9174 	 -3.705
9186 	 -2.857
9216 	 -3.589
9232 	 -3.413
9238 	 -3.801
9262 	 -1.973
9268 	 -1.305
9298 	 -0.417
9304 	 -0.413
9306 	 -0.409
9334 	 -0.277
9400 	 -0.025
9660 	 -0.009
9904 	 -0.001
12000 	 -2.554
12002 	 -2.49
12004 	 -3.012
12006 	 -3.136
12008 	 -4.491
12012 	 -5.121
12016 	 -4.989
12020 	 -5.429
12032 	 -5.237
12040 	 -5.342
12042 	 -5.818
12048 	 -5.615
12064 	 -5.715
12070 	 -5.685
12086 	 -5.91
12088 	 -5.298
12100 	 -5.357
12102 	 -5.256
12108 	 -5.305
12120 	 -4.777
12130 	 -4.736
12132 	 -5.072
12152 	 -5.209
12154 	 -6.245
12162 	 -6.218
12178 	 -6.356
12180 	 -6.014
12182 	 -6.358
12186 	 -6.407
12188 	 -6.535
12190 	 -6.851
12198 	 -6.823
12200 	 -6.864
12204 	 -6.854
12206 	 -6.975
12208 	 -7.189
12212 	 -8.233
12230 	 -8.338
12234 	 -9.686
12236 	 -9.472
12252 	 -8.756
12254 	 -8.655
12256 	 -8.807
12262 	 -9.204
12266 	 -9.601
12272 	 -9.6
12274 	 -8.348
12278 	 -8.435
12282 	 -8.278
12286 	 -8.421
12290 	 -8.149
12296 	 -8.246
12304 	 -8.202
12306 	 -8.069
12310 	 -8.256
12322 	 -8.176
12324 	 -7.572
12328 	 -7.651
12332 	 -7.683
12334 	 -7.764
12338 	 -7.512
12344 	 -6.685
12352 	 -6.902
12354 	 -6.767
12358 	 -6.77
12360 	 -5.818
12378 	 -6.012
12380 	 -5.882
12382 	 -5.874
12386 	 -5.591
12400 	 -5.429
12404 	 -5.151
12408 	 -5.143
12410 	 -5.411
12412 	 -5.355
12438 	 -5.224
12440 	 -5.366
12456 	 -5.37
12464 	 -5.321
12468 	 -5.385
12472 	 -5.312
12476 	 -5.481
12480 	 -5.337
12486 	 -5.394
12488 	 -5.378
12502 	 -5.359
12508 	 -5.35
12512 	 -4.74
12516 	 -4.905
12520 	 -4.896
12526 	 -4.818
12532 	 -4.808
12536 	 -4.846
12544 	 -4.785
12552 	 -4.665
12562 	 -4.479
12564 	 -4.296
12566 	 -4.254
12568 	 -4.363
12570 	 -4.399
12574 	 -4.857
12576 	 -4.897
12578 	 -4.85
12586 	 -4.869
12588 	 -5.016
12590 	 -4.876
12594 	 -4.988
12602 	 -4.971
12604 	 -4.956
12612 	 -5.033
12614 	 -4.942
12618 	 -4.791
12630 	 -4.783
12638 	 -4.777
12642 	 -4.359
12646 	 -4.49
12656 	 -4.42
12658 	 -4.248
12662 	 -4.112
12666 	 -4.07
12708 	 -4.033
12712 	 -3.042
12720 	 -3.036
12734 	 -3.148
12738 	 -3.089
12742 	 -3.085
12744 	 -2.92
12748 	 -2.903
12756 	 -2.848
12762 	 -3.168
12770 	 -3.026
12776 	 -3.022
12780 	 -2.967
12782 	 -3.209
12784 	 -3.401
12786 	 -3.416
12788 	 -3.414
12790 	 -3.365
12794 	 -3.317
12798 	 -3.281
12814 	 -3.666
12820 	 -3.855
12824 	 -3.906
12836 	 -4.259
12838 	 -4.739
12850 	 -5.103
12856 	 -5.045
12870 	 -4.902
12872 	 -4.966
12874 	 -4.516
12880 	 -4.469
12894 	 -4.922
12900 	 -4.899
12902 	 -4.532
12908 	 -3.604
12912 	 -3.969
12916 	 -4.081
12918 	 -4
12924 	 -3.932
12934 	 -3.772
12936 	 -3.85
12942 	 -4.248
12950 	 -4.214
12958 	 -3.852
12964 	 -3.818
12970 	 -3.813
12980 	 -3.701
12984 	 -4.113
12988 	 -3.979
12990 	 -3.976
12994 	 -3.839
12996 	 -3.823
13006 	 -3.866
13008 	 -3.723
13010 	 -3.706
13028 	 -3.461
13046 	 -3.5
13056 	 -3.663
13064 	 -3.629
13074 	 -4.035
13078 	 -4.036
13080 	 -4.03
13082 	 -4.033
13084 	 -4.32
13086 	 -4.423
13088 	 -4.422
13094 	 -4.42
13098 	 -4.526
13102 	 -4.505
13106 	 -4.377
13114 	 -4.327
13116 	 -4.386
13122 	 -4.377
13124 	 -4.399
13136 	 -4.219
13138 	 -3.97
13140 	 -4.013
13142 	 -4.005
13144 	 -4.128
13148 	 -4.081
13150 	 -4.013
13154 	 -4.147
13156 	 -4.098
13160 	 -4.009
13166 	 -4.052
13168 	 -4.089
13174 	 -4.061
13178 	 -3.989
13184 	 -4.033
13188 	 -3.904
13192 	 -3.893
13202 	 -3.189
13206 	 -3.175
13208 	 -3.042
13210 	 -2.977
13214 	 -3.042
13218 	 -3.078
13220 	 -3.104
13226 	 -3.092
13230 	 -3.077
13234 	 -2.84
13236 	 -2.934
13248 	 -2.883
13250 	 -2.871
13254 	 -2.945
13256 	 -2.926
13258 	 -2.924
13266 	 -2.991
13270 	 -2.972
13272 	 -2.894
13278 	 -3.065
13280 	 -2.82
13284 	 -2.807
13288 	 -2.5
13310 	 -2.474
13312 	 -2.553
13316 	 -2.452
13318 	 -2.525
13326 	 -2.511
13334 	 -2.532
13346 	 -2.554
13356 	 -2.38
13366 	 -2.41
13368 	 -2.387
13392 	 -2.317
13394 	 -2.295
13408 	 -2.328
13418 	 -2.513
13428 	 -2.44
13438 	 -2.436
13440 	 -2.421
13448 	 -2.281
13454 	 -2.236
13464 	 -2.376
13468 	 -2.338
13474 	 -2.325
13482 	 -2.366
13486 	 -2.36
13496 	 -2.321
13504 	 -2.415
13528 	 -2.361
13530 	 -2.346
13540 	 -2.344
13556 	 -1.44
13562 	 -1.436
13572 	 -1.413
13578 	 -1.374
13584 	 -1.426
13586 	 -1.399
13588 	 -1.395
13602 	 -1.256
13612 	 -1.228
13616 	 -1.219
13620 	 -1.09
13628 	 -1.034
13630 	 -1.055
13634 	 -1.111
13648 	 -1.101
13652 	 -1.084
13658 	 -1.079
13666 	 -1.085
13668 	 -1.083
13674 	 -1.068
13678 	 -1.053
13690 	 -0.993
13698 	 -0.973
13706 	 -0.988
13708 	 -0.981
13710 	 -0.975
13712 	 -1.063
13724 	 -1.051
13726 	 -1.041
13736 	 -1.04
13740 	 -1.21
13742 	 -1.203
13768 	 -1.199
13780 	 -1.213
13782 	 -0.928
13790 	 -0.896
13792 	 -0.888
13794 	 -0.866
13796 	 -0.838
13804 	 -0.808
13810 	 -0.786
13826 	 -0.675
13842 	 -0.673
13848 	 -0.627
13856 	 -0.777
13862 	 -0.776
13876 	 -0.773
13880 	 -0.766
13886 	 -0.743
13904 	 -0.742
13914 	 -0.741
13924 	 -0.715
13932 	 -0.712
13936 	 -0.341
13950 	 -0.349
13964 	 -0.306
13982 	 -0.186
13988 	 -0.185
14004 	 -0.14
14028 	 -0.138
14036 	 -0.137
14038 	 -0.127
14042 	 -0.104
14070 	 -0.103
14074 	 -0.102
14082 	 -0.101
14084 	 -0.082
14100 	 -0.067
14120 	 -0.063
14126 	 -0.056
14138 	 -0.05
14142 	 -0.048
14156 	 -0.043
14218 	 -0.042
14246 	 -0.041
14270 	 -0.033
14300 	 -0.031
14350 	 -0.03
14390 	 -0.028
15000 	 -1.379
15024 	 -1.509
15050 	 -2.164
15078 	 -2.612
15112 	 -2.849
15158 	 -2.77
15162 	 -2.812
15174 	 -2.764
15186 	 -2.152
15216 	 -2.367
15232 	 -2.191
15238 	 -2.319
15262 	 -1.443
15268 	 -1.271
15282 	 -1.006
15298 	 -0.66
15310 	 -0.681
15336 	 -0.83
15346 	 -0.778
15356 	 -0.863
15374 	 -0.673
15400 	 -0.36
15422 	 -0.28
15456 	 -0.149
15486 	 -0.054
15558 	 -0.019
15660 	 -0.013
15864 	 -0.009
15904 	 -0.001
18000 	 -2.128
18020 	 -2.227
18042 	 -2.675
18064 	 -2.729
18088 	 -2.111
18120 	 -1.491
18154 	 -2.168
18180 	 -1.904
18190 	 -2.225
18234 	 -2.958
18252 	 -2.942
18262 	 -2.849
18270 	 -2.203
18278 	 -2.161
18286 	 -2.067
18296 	 -2.256
18316 	 -2.286
18328 	 -2.408
18336 	 -2.174
18342 	 -2.17
18348 	 -1.776
18360 	 -1.201
18368 	 -1.048
18384 	 -1.055
18402 	 -0.724
18420 	 -0.407
18426 	 -0.363
18434 	 -0.304
18448 	 -0.134
18472 	 -0.119
18552 	 -0.012
18864 	 -0.008
19002 	 0
21000 	 -1.44
21001 	 -1.44
