0 	 0
3000 	 -1.376
3024 	 -1.496
3050 	 -1.88
3062 	 -2.472
3078 	 -3.176
3112 	 -3.62
3158 	 -3.808
3164 	 -3.728
3186 	 -2.828
3198 	 -2.688
3216 	 -1.912
3232 	 -1.736
3238 	 -1.364
3262 	 -0.608
3296 	 -0.264
3400 	 -0.024
3636 	 -0.008
3904 	 0
6000 	 -2.478
6020 	 -2.638
6042 	 -3.286
6064 	 -3.582
6088 	 -3.11
6120 	 -2.686
6138 	 -2.872
6154 	 -3.312
6180 	 -3.048
6190 	 -3.516
6198 	 -3.5
6234 	 -3.9
6284 	 -4.203
6296 	 -4.179
6346 	 -4.159
6360 	 -2.871
6374 	 -2.271
6376 	 -1.719
6424 	 -1.319
6444 	 -0.761
6504 	 -0.637
6506 	 -0.613
6552 	 -0.501
6634 	 -0.359
6704 	 -0.331
6710 	 -0.307
6726 	 -0.295
6728 	 -0.267
6782 	 -0.263
6894 	 -0.165
6990 	 -0.145
6994 	 -0.125
7002 	 -0.093
7272 	 -0.089
7278 	 -0.085
7290 	 -0.073
7324 	 -0.025
9000 	 -1.433
9024 	 -1.537
9050 	 -2.497
9078 	 -3.177
9112 	 -3.761
9158 	 -3.713
9162 	 -3.797
9174 	 -3.705
9186 	 -2.857
9216 	 -3.589
9232 	 -3.413
9238 	 -3.801
9262 	 -1.973
9268 	 -1.305
9298 	 -0.417
9304 	 -0.413
9306 	 -0.409
9334 	 -0.277
9400 	 -0.025
9660 	 -0.009
9904 	 -0.001
12000 	 -2.54
12002 	 -2.421
12004 	 -2.463
12006 	 -2.376
12008 	 -2.809
12010 	 -3.241
12012 	 -3.454
12018 	 -3.5
12020 	 -3.72
12032 	 -3.686
12034 	 -3.745
12040 	 -3.763
12042 	 -4.239
12062 	 -4.457
12064 	 -4.533
12088 	 -3.921
12090 	 -4.016
12100 	 -4.153
12120 	 -3.444
12154 	 -4.48
12156 	 -4.485
12164 	 -4.77
12176 	 -4.965
12178 	 -4.944
12180 	 -4.68
12182 	 -5.146
12190 	 -5.462
12200 	 -5.499
12208 	 -5.891
12212 	 -6.935
12222 	 -6.828
12228 	 -7.114
12234 	 -8.462
12236 	 -8.439
12252 	 -7.723
12262 	 -7.904
12266 	 -8.301
12274 	 -7.049
12282 	 -6.921
12290 	 -6.732
12296 	 -6.829
12304 	 -6.785
12308 	 -6.77
12310 	 -6.743
12322 	 -6.734
12324 	 -6.13
12332 	 -6.162
12338 	 -5.91
12340 	 -6.061
12344 	 -5.265
12352 	 -5.219
12356 	 -5.253
12360 	 -4.332
12368 	 -4.232
12382 	 -4.22
12386 	 -3.963
12394 	 -3.943
12402 	 -3.842
12404 	 -3.57
12406 	 -3.54
12412 	 -3.484
12432 	 -3.492
12437 	 -3.712
12440 	 -3.854
12460 	 -3.816
12466 	 -3.904
12472 	 -4.026
12476 	 -4.189
12480 	 -4.045
12484 	 -4.017
12488 	 -4.063
12494 	 -4.053
12498 	 -4.064
12508 	 -4.055
12516 	 -4.228
12526 	 -4.15
12540 	 -4.276
12544 	 -4.215
12546 	 -4.195
12548 	 -3.865
12552 	 -3.745
12562 	 -3.722
12566 	 -3.68
12590 	 -3.57
12592 	 -3.558
12594 	 -3.73
12600 	 -3.341
12602 	 -3.521
12604 	 -3.511
12608 	 -3.521
12618 	 -3.567
12626 	 -3.812
12630 	 -4.017
12640 	 -3.98
12648 	 -4.013
12656 	 -4.191
12664 	 -4.071
12688 	 -4.157
12708 	 -4.147
12712 	 -3.458
12734 	 -3.732
12748 	 -3.715
12762 	 -3.646
12764 	 -3.635
12768 	 -3.805
12774 	 -3.735
12782 	 -3.613
12788 	 -3.604
12796 	 -3.579
12816 	 -3.793
12820 	 -4.352
12840 	 -4.727
12874 	 -5.192
12886 	 -5.19
12902 	 -5.343
12916 	 -5.337
12924 	 -5.196
12940 	 -5.571
12946 	 -5.625
12948 	 -5.619
12956 	 -5.879
12958 	 -5.989
12964 	 -6.052
12978 	 -6.123
12994 	 -6.111
12996 	 -6.095
13000 	 -6.358
13002 	 -6.12
13008 	 -6.038
13016 	 -5.882
13020 	 -5.95
13030 	 -5.7
13034 	 -5.67
13042 	 -5.651
13052 	 -5.526
13058 	 -5.546
13062 	 -5.545
13064 	 -5.915
13078 	 -5.913
13086 	 -5.982
13090 	 -5.693
13098 	 -5.336
13100 	 -5.553
13112 	 -5.535
13114 	 -5.509
13148 	 -5.457
13150 	 -5.159
13156 	 -5.117
13168 	 -5.102
13170 	 -5.36
13176 	 -5.36
13180 	 -5.352
13194 	 -5.53
13202 	 -5.101
13204 	 -5.107
13210 	 -4.853
13218 	 -4.715
13220 	 -4.706
13228 	 -4.86
13232 	 -4.801
13234 	 -4.799
13236 	 -3.447
13244 	 -3.401
13250 	 -3.617
13252 	 -3.599
13254 	 -3.43
13260 	 -3.379
13270 	 -3.364
13274 	 -3.293
13294 	 -2.8
13308 	 -2.917
13314 	 -2.903
13324 	 -2.937
13356 	 -3.114
13360 	 -3.041
13372 	 -3.27
13388 	 -3.248
13402 	 -3.399
13412 	 -3.424
13414 	 -3.407
13424 	 -3.596
13432 	 -3.771
13434 	 -3.767
13440 	 -3.697
13448 	 -3.708
13450 	 -3.693
13454 	 -3.94
13464 	 -3.872
13470 	 -4.271
13488 	 -4.269
13492 	 -4.257
13493 	 -4.541
13508 	 -4.856
13518 	 -4.992
13536 	 -4.215
13554 	 -4.132
13558 	 -3.977
13560 	 -4.013
13564 	 -3.838
13574 	 -3.637
13582 	 -3.573
13586 	 -3.493
13600 	 -3.182
13602 	 -3.116
13608 	 -3.013
13610 	 -3.048
13620 	 -2.602
13624 	 -2.599
13636 	 -2.598
13646 	 -2.666
13654 	 -2.681
13656 	 -2.825
13658 	 -2.924
13660 	 -2.904
13666 	 -2.806
13672 	 -2.687
13676 	 -2.489
13688 	 -2.533
13692 	 -2.296
13698 	 -2.257
13706 	 -2.208
13708 	 -2.033
13726 	 -2.138
13744 	 -1.906
13746 	 -1.755
13752 	 -1.75
13768 	 -1.746
13774 	 -1.755
13780 	 -1.807
13782 	 -1.764
13798 	 -1.678
13800 	 -2.308
13814 	 -2.563
13822 	 -2.239
13828 	 -2.189
13836 	 -2.109
13838 	 -2.022
13850 	 -2.183
13852 	 -2.069
13854 	 -1.992
13856 	 -1.715
13862 	 -2.087
13868 	 -1.956
13870 	 -1.974
13872 	 -1.965
13880 	 -1.915
13884 	 -2.063
13894 	 -2.036
13898 	 -1.92
13902 	 -1.902
13906 	 -1.817
13916 	 -1.935
13930 	 -1.672
13938 	 -1.269
13940 	 -1.253
13942 	 -1.102
13944 	 -1.091
13946 	 -1.061
13952 	 -1.051
13960 	 -1.162
13968 	 -1.147
13970 	 -1.13
13974 	 -1.123
13978 	 -1.117
13982 	 -1.11
13986 	 -1.08
13988 	 -1.062
13994 	 -0.861
14012 	 -1.05
14014 	 -1.043
14032 	 -1.457
14034 	 -1.358
14044 	 -1.34
14048 	 -1.611
14054 	 -1.954
14080 	 -1.945
14092 	 -1.914
14096 	 -1.552
14108 	 -1.48
14110 	 -1.477
14114 	 -1.472
14120 	 -1.464
14122 	 -1.459
14126 	 -1.396
14134 	 -1.143
14138 	 -1.15
14162 	 -0.823
14176 	 -0.81
14178 	 -0.748
14192 	 -0.599
14196 	 -0.546
14208 	 -0.542
14212 	 -0.527
14214 	 -0.609
14234 	 -0.683
14248 	 -0.613
14250 	 -0.518
14260 	 -0.65
14268 	 -0.649
14272 	 -0.768
14298 	 -0.836
14310 	 -0.834
14316 	 -0.906
14336 	 -0.976
14374 	 -0.916
14392 	 -0.849
14410 	 -0.535
14414 	 -0.531
14432 	 -0.521
14436 	 -0.426
14454 	 -0.303
14462 	 -0.302
14464 	 -0.223
14482 	 -0.215
14496 	 -0.182
14510 	 -0.15
14548 	 -0.142
14558 	 -0.137
14598 	 -0.109
14616 	 -0.093
14618 	 -0.083
14636 	 -0.073
14682 	 -0.066
14796 	 -0.061
15000 	 -1.385
15024 	 -1.504
15050 	 -2.175
15078 	 -2.617
15112 	 -2.837
15158 	 -2.856
15162 	 -2.898
15174 	 -2.85
15186 	 -2.311
15216 	 -2.529
15232 	 -2.353
15238 	 -2.483
15262 	 -1.857
15268 	 -1.685
15282 	 -1.421
15298 	 -1.074
15308 	 -1.108
15334 	 -1.406
15346 	 -1.354
15354 	 -1.529
15372 	 -1.331
15374 	 -1.116
15400 	 -0.69
15422 	 -0.514
15460 	 -0.221
15492 	 -0.08
15574 	 -0.022
15660 	 -0.016
15730 	 -0.015
15904 	 -0.007
15916 	 -0.001
18000 	 -2.128
18020 	 -2.236
18042 	 -2.716
18064 	 -2.81
18088 	 -2.232
18120 	 -1.658
18154 	 -2.416
18180 	 -2.152
18190 	 -2.608
18234 	 -3.44
18252 	 -3.424
18262 	 -3.236
18270 	 -2.59
18278 	 -2.548
18286 	 -2.454
18296 	 -3.002
18316 	 -3.032
18328 	 -3.276
18336 	 -3.042
18342 	 -3.068
18348 	 -2.674
18360 	 -2.166
18368 	 -1.86
18384 	 -1.874
18402 	 -1.364
18420 	 -0.73
18426 	 -0.642
18434 	 -0.524
18448 	 -0.184
18472 	 -0.154
18552 	 -0.016
18864 	 -0.008
19002 	 0
21000 	 -1.44
21001 	 -1.44
