0 	 0
3000 	 -1.376
3024 	 -1.496
3050 	 -1.88
3062 	 -2.472
3078 	 -3.176
3112 	 -3.62
3158 	 -3.808
3164 	 -3.728
3186 	 -2.828
3198 	 -2.688
3216 	 -1.912
3232 	 -1.736
3238 	 -1.364
3262 	 -0.608
3296 	 -0.264
3400 	 -0.024
3636 	 -0.008
3904 	 0
6000 	 -2.478
6020 	 -2.638
6042 	 -3.286
6064 	 -3.582
6088 	 -3.11
6120 	 -2.686
6138 	 -2.872
6154 	 -3.312
6180 	 -3.048
6190 	 -3.516
6198 	 -3.5
6234 	 -3.9
6284 	 -4.203
6296 	 -4.179
6346 	 -4.159
6360 	 -2.871
6374 	 -2.271
6376 	 -1.719
6424 	 -1.319
6444 	 -0.761
6504 	 -0.637
6506 	 -0.613
6552 	 -0.501
6634 	 -0.359
6704 	 -0.331
6710 	 -0.307
6726 	 -0.295
6728 	 -0.267
6782 	 -0.263
6894 	 -0.165
6990 	 -0.145
6994 	 -0.125
7002 	 -0.093
7272 	 -0.089
7278 	 -0.085
7290 	 -0.073
7324 	 -0.025
9000 	 -1.433
9024 	 -1.537
9050 	 -2.497
9078 	 -3.177
9112 	 -3.761
9158 	 -3.713
9162 	 -3.797
9174 	 -3.705
9186 	 -2.857
9216 	 -3.589
9232 	 -3.413
9238 	 -3.801
9262 	 -1.973
9268 	 -1.305
9298 	 -0.417
9304 	 -0.413
9306 	 -0.409
9334 	 -0.277
9400 	 -0.025
9660 	 -0.009
9904 	 -0.001
12000 	 -2.554
12002 	 -2.49
12004 	 -3.012
12006 	 -3.136
12008 	 -4.491
12012 	 -5.121
12016 	 -4.989
12020 	 -5.429
12032 	 -5.236
12040 	 -5.36
12042 	 -5.836
12048 	 -5.601
12064 	 -5.701
12070 	 -5.681
12086 	 -5.906
12088 	 -5.294
12100 	 -5.441
12102 	 -5.316
12120 	 -4.788
12130 	 -4.582
12132 	 -4.918
12152 	 -5.055
12154 	 -6.091
12160 	 -6.449
12162 	 -6.422
12178 	 -6.5
12180 	 -6.158
12182 	 -6.502
12188 	 -6.63
12190 	 -6.946
12198 	 -6.894
12200 	 -7.02
12206 	 -7.141
12208 	 -7.355
12212 	 -8.399
12230 	 -8.614
12234 	 -9.962
12236 	 -9.707
12246 	 -10.044
12252 	 -9.328
12254 	 -9.227
12256 	 -9.21
12266 	 -9.604
12272 	 -9.603
12274 	 -8.351
12276 	 -8.217
12282 	 -8.06
12290 	 -7.788
12296 	 -7.885
12304 	 -7.841
12310 	 -8.152
12314 	 -8.107
12322 	 -8.027
12324 	 -7.423
12328 	 -7.517
12332 	 -7.549
12334 	 -7.714
12338 	 -7.462
12344 	 -6.666
12350 	 -6.657
12352 	 -6.965
12354 	 -6.953
12358 	 -6.886
12360 	 -5.934
12376 	 -5.833
12380 	 -5.836
12382 	 -5.965
12386 	 -5.591
12392 	 -5.549
12398 	 -5.788
12404 	 -5.438
12408 	 -5.428
12412 	 -5.372
12438 	 -5.094
12440 	 -5.236
12454 	 -5.336
12456 	 -5.472
12464 	 -5.423
12472 	 -5.242
12476 	 -5.507
12480 	 -5.363
12488 	 -5.233
12502 	 -5.509
12508 	 -5.12
12516 	 -5.07
12526 	 -4.992
12536 	 -5.441
12538 	 -5.427
12544 	 -5.366
12550 	 -5.155
12552 	 -5.035
12562 	 -5.12
12566 	 -4.972
12570 	 -5.161
12572 	 -5.606
12576 	 -5.602
12578 	 -5.575
12590 	 -5.435
12598 	 -5.63
12604 	 -5.615
12608 	 -5.702
12614 	 -5.633
12618 	 -5.417
12624 	 -5.404
12630 	 -5.401
12632 	 -5.395
12638 	 -5.414
12648 	 -5.369
12656 	 -5.138
12668 	 -5.278
12676 	 -5.269
12682 	 -5.259
12712 	 -4.493
12736 	 -4.387
12740 	 -4.463
12742 	 -4.577
12744 	 -4.572
12748 	 -4.555
12750 	 -4.631
12752 	 -4.258
12766 	 -4.246
12776 	 -4.071
12778 	 -4.016
12780 	 -3.961
12790 	 -3.731
12794 	 -3.737
12802 	 -3.689
12804 	 -3.669
12820 	 -3.917
12826 	 -3.857
12832 	 -4.508
12842 	 -4.041
12848 	 -4.024
12856 	 -3.966
12858 	 -4.109
12866 	 -4.385
12870 	 -4.242
12874 	 -4.758
12878 	 -4.742
12890 	 -4.793
12896 	 -4.867
12900 	 -4.882
12904 	 -4.861
12908 	 -4.588
12912 	 -4.561
12914 	 -4.473
12918 	 -4.4
12922 	 -4.352
12934 	 -4.246
12940 	 -3.921
12942 	 -3.918
12946 	 -3.522
12954 	 -3.525
12964 	 -3.159
12970 	 -3.15
12978 	 -2.988
12984 	 -2.165
12986 	 -2.265
12990 	 -2.262
12992 	 -2.321
12996 	 -2.305
13004 	 -2.346
13014 	 -2.248
13018 	 -2.149
13024 	 -2.275
13036 	 -2.268
13054 	 -2.288
13058 	 -2.245
13060 	 -2.259
13064 	 -2.249
13068 	 -2.251
13076 	 -2.234
13078 	 -2.214
13080 	 -2.208
13082 	 -2.158
13092 	 -2.001
13114 	 -2.352
13116 	 -2.479
13122 	 -2.661
13136 	 -2.731
13140 	 -2.835
13150 	 -2.767
13154 	 -2.933
13156 	 -2.923
13162 	 -2.922
13166 	 -3.019
13168 	 -2.948
13172 	 -2.749
13174 	 -2.738
13182 	 -2.752
13190 	 -2.725
13194 	 -2.53
13196 	 -2.5
13198 	 -2.499
13202 	 -2.452
13206 	 -2.462
13210 	 -2.455
13214 	 -2.243
13218 	 -2.224
13220 	 -2.2
13224 	 -2.198
13230 	 -1.86
13234 	 -1.858
13250 	 -1.839
13256 	 -1.813
13258 	 -1.811
13274 	 -1.649
13280 	 -1.558
13290 	 -1.529
13296 	 -1.435
13304 	 -1.433
13306 	 -1.461
13318 	 -1.566
13328 	 -1.505
13336 	 -1.485
13342 	 -1.622
13352 	 -1.619
13354 	 -1.67
13356 	 -1.794
13360 	 -1.761
13378 	 -1.748
13384 	 -1.741
13390 	 -1.715
13400 	 -1.66
13416 	 -1.619
13418 	 -1.525
13424 	 -1.568
13426 	 -1.566
13428 	 -1.565
13432 	 -1.554
13438 	 -1.607
13444 	 -1.592
13446 	 -1.624
13454 	 -1.623
13456 	 -1.62
13458 	 -1.63
13464 	 -1.622
13466 	 -1.516
13474 	 -1.503
13480 	 -1.393
13484 	 -1.166
13488 	 -1.013
13502 	 -0.982
13506 	 -1.055
13512 	 -1.054
13520 	 -0.98
13534 	 -0.858
13546 	 -0.793
13566 	 -0.789
13580 	 -0.69
13590 	 -0.681
13592 	 -0.676
13596 	 -0.658
13620 	 -0.435
13636 	 -0.414
13648 	 -0.404
13652 	 -0.354
13670 	 -0.242
13672 	 -0.239
13684 	 -0.228
13686 	 -0.19
13702 	 -0.158
13704 	 -0.138
13720 	 -0.115
13724 	 -0.114
13726 	 -0.113
13798 	 -0.108
13824 	 -0.053
13840 	 -0.049
13854 	 -0.042
14024 	 -0.041
14046 	 -0.032
14074 	 -0.031
14200 	 -0.025
14238 	 -0.022
14244 	 -0.02
14358 	 -0.019
14388 	 -0.018
15000 	 -1.38
15024 	 -1.5
15050 	 -2.028
15078 	 -2.345
15112 	 -2.388
15158 	 -2.35
15162 	 -2.371
15174 	 -2.347
15186 	 -1.96
15216 	 -1.771
15232 	 -1.595
15238 	 -1.66
15262 	 -1.399
15268 	 -1.313
15282 	 -1.181
15298 	 -1.007
15310 	 -1.048
15336 	 -1.346
15346 	 -1.32
15356 	 -1.49
15374 	 -1.11
15400 	 -0.703
15422 	 -0.543
15456 	 -0.281
15486 	 -0.091
15504 	 -0.09
15558 	 -0.02
15660 	 -0.017
15696 	 -0.016
15864 	 -0.008
15904 	 0
18000 	 -2.128
18020 	 -2.227
18042 	 -2.675
18064 	 -2.726
18088 	 -2.125
18120 	 -1.552
18154 	 -1.968
18180 	 -1.704
18190 	 -1.963
18234 	 -2.362
18252 	 -2.354
18262 	 -2.168
18270 	 -1.845
18278 	 -1.824
18286 	 -1.777
18296 	 -2.335
18316 	 -2.35
18328 	 -2.594
18336 	 -2.477
18342 	 -2.52
18348 	 -2.323
18360 	 -2.064
18368 	 -1.758
18384 	 -1.772
18402 	 -1.338
18420 	 -0.704
18426 	 -0.616
18434 	 -0.498
18448 	 -0.158
18472 	 -0.128
18552 	 -0.012
18864 	 -0.004
19002 	 0
21000 	 -1.44
21001 	 -1.44
