0 	 0
3000 	 -1.376
3024 	 -1.496
3050 	 -1.88
3062 	 -2.472
3078 	 -3.176
3112 	 -3.62
3158 	 -3.808
3164 	 -3.728
3186 	 -2.828
3198 	 -2.688
3216 	 -1.912
3232 	 -1.736
3238 	 -1.364
3262 	 -0.608
3296 	 -0.264
3400 	 -0.024
3636 	 -0.008
3904 	 0
6000 	 -2.478
6020 	 -2.638
6042 	 -3.286
6064 	 -3.582
6088 	 -3.11
6120 	 -2.686
6138 	 -2.872
6154 	 -3.312
6180 	 -3.048
6190 	 -3.516
6198 	 -3.5
6234 	 -3.9
6284 	 -4.203
6296 	 -4.179
6346 	 -4.159
6360 	 -2.871
6374 	 -2.271
6376 	 -1.719
6424 	 -1.319
6444 	 -0.761
6504 	 -0.637
6506 	 -0.613
6552 	 -0.501
6634 	 -0.359
6704 	 -0.331
6710 	 -0.307
6726 	 -0.295
6728 	 -0.267
6782 	 -0.263
6894 	 -0.165
6990 	 -0.145
6994 	 -0.125
7002 	 -0.093
7272 	 -0.089
7278 	 -0.085
7290 	 -0.073
7324 	 -0.025
9000 	 -1.433
9024 	 -1.537
9050 	 -2.497
9078 	 -3.177
9112 	 -3.761
9158 	 -3.713
9162 	 -3.797
9174 	 -3.705
9186 	 -2.857
9216 	 -3.589
9232 	 -3.413
9238 	 -3.801
9262 	 -1.973
9268 	 -1.305
9298 	 -0.417
9304 	 -0.413
9306 	 -0.409
9334 	 -0.277
9400 	 -0.025
9660 	 -0.009
9904 	 -0.001
12000 	 -2.54
12002 	 -2.421
12004 	 -2.583
12006 	 -2.496
12008 	 -4.168
12010 	 -4.6
12012 	 -5.454
12018 	 -5.5
12020 	 -6.053
12032 	 -6.019
12034 	 -6.071
12040 	 -6.293
12042 	 -6.769
12062 	 -6.961
12064 	 -7.037
12070 	 -7.411
12086 	 -7.636
12088 	 -7.024
12090 	 -7.071
12100 	 -7.166
12120 	 -6.621
12130 	 -6.538
12132 	 -6.828
12152 	 -6.965
12154 	 -8.001
12156 	 -8.03
12176 	 -7.973
12178 	 -8.383
12180 	 -8.003
12182 	 -8.347
12186 	 -8.411
12188 	 -8.534
12190 	 -8.85
12200 	 -8.732
12204 	 -8.78
12206 	 -8.805
12208 	 -9.019
12210 	 -8.983
12212 	 -10.027
12222 	 -9.92
12230 	 -10.273
12234 	 -11.621
12236 	 -11.434
12250 	 -11.456
12252 	 -10.704
12254 	 -10.502
12256 	 -10.494
12264 	 -10.784
12266 	 -11.058
12272 	 -11.101
12274 	 -9.849
12282 	 -9.756
12286 	 -9.426
12290 	 -9.193
12296 	 -9.29
12298 	 -9.349
12302 	 -9.332
12304 	 -9.102
12306 	 -9.065
12308 	 -9.05
12310 	 -8.67
12312 	 -8.923
12322 	 -8.843
12324 	 -8.165
12328 	 -8.177
12332 	 -8.209
12338 	 -7.957
12340 	 -7.894
12344 	 -7.181
12350 	 -7.177
12354 	 -6.884
12360 	 -5.932
12366 	 -5.862
12372 	 -5.661
12382 	 -5.653
12384 	 -5.637
12386 	 -5.23
12394 	 -4.88
12404 	 -4.608
12408 	 -4.533
12412 	 -4.477
12432 	 -4.474
12438 	 -3.911
12440 	 -4.053
12456 	 -3.621
12464 	 -3.559
12472 	 -3.486
12476 	 -3.612
12480 	 -3.468
12498 	 -3.296
12502 	 -3.277
12508 	 -3.268
12510 	 -3.12
12514 	 -3.638
12516 	 -3.588
12522 	 -3.756
12526 	 -3.678
12532 	 -3.567
12536 	 -3.563
12540 	 -3.722
12544 	 -3.661
12552 	 -3.541
12562 	 -3.261
12564 	 -3.255
12566 	 -3.213
12570 	 -3.268
12576 	 -3.248
12578 	 -3.149
12582 	 -2.949
12590 	 -2.809
12600 	 -2.64
12604 	 -2.625
12614 	 -2.534
12616 	 -2.726
12618 	 -2.671
12632 	 -2.528
12672 	 -2.558
12712 	 -1.976
12742 	 -2.053
12748 	 -2.056
12764 	 -2.06
12768 	 -1.975
12776 	 -2.4
12780 	 -2.345
12790 	 -3.03
12794 	 -3.206
12802 	 -3.172
12804 	 -3.421
12812 	 -3.779
12828 	 -3.742
12844 	 -4.228
12846 	 -3.917
12856 	 -4.026
12858 	 -3.963
12870 	 -3.843
12874 	 -2.867
12878 	 -3.226
12888 	 -3.092
12890 	 -3.072
12894 	 -3.023
12898 	 -2.826
12902 	 -2.825
12908 	 -2.945
12910 	 -2.798
12916 	 -2.655
12918 	 -2.495
12922 	 -2.564
12934 	 -2.672
12940 	 -2.769
12942 	 -2.732
12944 	 -2.736
12948 	 -2.622
12954 	 -2.616
12960 	 -2.692
12964 	 -2.685
12970 	 -2.547
12982 	 -2.424
12984 	 -2.427
12986 	 -2.27
12990 	 -2.264
12996 	 -2.158
13004 	 -2.182
13008 	 -2.543
13022 	 -2.522
13024 	 -2.493
13026 	 -2.472
13028 	 -2.811
13040 	 -2.748
13042 	 -2.916
13054 	 -3.245
13058 	 -3.48
13062 	 -3.479
13066 	 -3.369
13070 	 -3.597
13078 	 -3.595
13080 	 -3.589
13082 	 -3.619
13088 	 -3.799
13094 	 -3.819
13096 	 -4.214
13100 	 -4.04
13106 	 -4.076
13114 	 -4.074
13124 	 -3.877
13132 	 -3.842
13136 	 -3.641
13138 	 -3.637
13140 	 -3.498
13148 	 -3.585
13150 	 -3.517
13158 	 -3.197
13160 	 -3.075
13170 	 -2.945
13174 	 -2.75
13176 	 -2.764
13182 	 -2.826
13186 	 -2.795
13188 	 -2.791
13202 	 -2.778
13206 	 -2.824
13216 	 -2.923
13220 	 -2.914
13234 	 -2.912
13236 	 -1.959
13250 	 -1.942
13256 	 -1.998
13258 	 -1.996
13274 	 -2.158
13276 	 -2.196
13278 	 -2.344
13280 	 -2.342
13284 	 -2.311
13288 	 -2.432
13298 	 -2.475
13308 	 -2.436
13316 	 -2.485
13318 	 -2.466
13324 	 -2.5
13328 	 -2.493
13330 	 -2.501
13336 	 -2.556
13350 	 -2.661
13374 	 -2.59
13378 	 -2.651
13388 	 -2.503
13406 	 -2.687
13408 	 -2.525
13410 	 -2.372
13424 	 -2.5
13426 	 -2.494
13428 	 -2.464
13430 	 -2.314
13432 	 -2.276
13440 	 -2.383
13446 	 -2.506
13448 	 -2.469
13452 	 -2.437
13464 	 -2.436
13466 	 -2.428
13474 	 -2.455
13480 	 -2.358
13488 	 -2.356
13492 	 -2.288
13502 	 -2.214
13508 	 -2.172
13514 	 -2.159
13522 	 -2.332
13528 	 -2.328
13530 	 -2.213
13532 	 -2.157
13536 	 -2.153
13556 	 -2.116
13560 	 -2.115
13562 	 -2.095
13568 	 -2.074
13576 	 -1.991
13602 	 -2.045
13612 	 -2.039
13628 	 -2.03
13648 	 -1.573
13668 	 -1.562
13672 	 -1.645
13680 	 -1.638
13684 	 -1.63
13686 	 -1.666
13692 	 -1.662
13702 	 -1.659
13708 	 -1.725
13716 	 -1.663
13718 	 -1.662
13726 	 -1.661
13730 	 -1.606
13736 	 -1.744
13738 	 -1.737
13746 	 -1.761
13752 	 -1.932
13766 	 -1.925
13768 	 -1.959
13782 	 -1.925
13790 	 -1.863
13814 	 -1.902
13820 	 -2.061
13822 	 -1.964
13836 	 -2.057
13838 	 -2.007
13840 	 -2
13848 	 -1.999
13850 	 -1.812
13852 	 -1.639
13866 	 -1.617
13868 	 -1.442
13872 	 -1.441
13874 	 -1.274
13884 	 -1.128
13894 	 -1.128
13896 	 -0.988
13898 	 -0.958
13900 	 -0.895
13902 	 -0.891
13906 	 -0.863
13910 	 -0.859
13914 	 -0.851
13916 	 -0.845
13918 	 -0.693
13922 	 -0.635
13924 	 -0.634
13932 	 -0.489
13938 	 -0.418
13946 	 -0.401
13960 	 -0.386
13964 	 -0.367
13968 	 -0.321
13972 	 -0.305
13974 	 -0.282
13978 	 -0.269
13984 	 -0.211
13986 	 -0.182
13994 	 -0.166
13996 	 -0.165
14004 	 -0.157
14024 	 -0.148
14028 	 -0.146
14030 	 -0.119
14060 	 -0.108
14064 	 -0.105
14074 	 -0.104
14112 	 -0.1
14122 	 -0.093
14144 	 -0.078
14162 	 -0.077
14172 	 -0.065
14204 	 -0.061
14256 	 -0.057
14258 	 -0.053
14308 	 -0.052
14332 	 -0.041
14522 	 -0.039
15000 	 -1.385
15024 	 -1.536
15050 	 -2.3
15078 	 -2.883
15112 	 -3.333
15158 	 -3.433
15162 	 -3.495
15174 	 -3.423
15186 	 -2.847
15216 	 -3.443
15232 	 -3.267
15238 	 -3.459
15262 	 -2.713
15268 	 -2.454
15282 	 -2.057
15298 	 -1.537
15310 	 -1.6
15336 	 -2.047
15346 	 -1.969
15356 	 -2.224
15374 	 -1.654
15400 	 -1.054
15422 	 -0.814
15456 	 -0.421
15486 	 -0.136
15558 	 -0.031
15660 	 -0.022
15864 	 -0.01
15904 	 -0.002
18000 	 -2.128
18020 	 -2.254
18042 	 -2.798
18064 	 -2.975
18088 	 -2.46
18120 	 -1.931
18154 	 -3.112
18180 	 -2.848
18190 	 -3.636
18234 	 -5
18252 	 -4.976
18262 	 -4.697
18270 	 -3.728
18278 	 -3.665
18286 	 -3.524
18296 	 -4.415
18316 	 -4.46
18328 	 -4.826
18336 	 -4.475
18342 	 -4.514
18348 	 -3.923
18360 	 -3.233
18368 	 -2.774
18384 	 -2.795
18402 	 -2.03
18420 	 -1.079
18426 	 -0.947
18434 	 -0.77
18448 	 -0.26
18472 	 -0.215
18552 	 -0.024
18864 	 -0.012
19002 	 0
21000 	 -1.44
21001 	 -1.44
