0 	 0
3000 	 -1.376
3024 	 -1.496
3050 	 -1.88
3062 	 -2.472
3078 	 -3.176
3112 	 -3.62
3158 	 -3.808
3164 	 -3.728
3186 	 -2.828
3198 	 -2.688
3216 	 -1.912
3232 	 -1.736
3238 	 -1.364
3262 	 -0.608
3296 	 -0.264
3400 	 -0.024
3636 	 -0.008
3904 	 0
6000 	 -2.478
6020 	 -2.638
6042 	 -3.286
6064 	 -3.582
6088 	 -3.11
6120 	 -2.686
6138 	 -2.872
6154 	 -3.312
6180 	 -3.048
6190 	 -3.516
6198 	 -3.5
6234 	 -3.9
6284 	 -4.203
6296 	 -4.179
6346 	 -4.159
6360 	 -2.871
6374 	 -2.271
6376 	 -1.719
6424 	 -1.319
6444 	 -0.761
6504 	 -0.637
6506 	 -0.613
6552 	 -0.501
6634 	 -0.359
6704 	 -0.331
6710 	 -0.307
6726 	 -0.295
6728 	 -0.267
6782 	 -0.263
6894 	 -0.165
6990 	 -0.145
6994 	 -0.125
7002 	 -0.093
7272 	 -0.089
7278 	 -0.085
7290 	 -0.073
7324 	 -0.025
9000 	 -1.433
9024 	 -1.537
9050 	 -2.497
9078 	 -3.177
9112 	 -3.761
9158 	 -3.713
9162 	 -3.797
9174 	 -3.705
9186 	 -2.857
9216 	 -3.589
9232 	 -3.413
9238 	 -3.801
9262 	 -1.973
9268 	 -1.305
9298 	 -0.417
9304 	 -0.413
9306 	 -0.409
9334 	 -0.277
9400 	 -0.025
9660 	 -0.009
9904 	 -0.001
12000 	 -2.554
12002 	 -2.49
12004 	 -3.052
12006 	 -3.176
12008 	 -4.936
12012 	 -5.785
12016 	 -5.653
12020 	 -6.212
12032 	 -6.02
12040 	 -6.283
12042 	 -6.759
12048 	 -6.556
12064 	 -6.656
12070 	 -6.985
12088 	 -6.373
12100 	 -6.309
12102 	 -6.208
12108 	 -6.257
12114 	 -6.398
12120 	 -5.87
12130 	 -5.616
12154 	 -6.652
12162 	 -6.625
12178 	 -6.753
12180 	 -6.489
12182 	 -6.955
12184 	 -6.807
12186 	 -6.856
12190 	 -7.172
12192 	 -7.115
12198 	 -7.087
12200 	 -6.916
12204 	 -6.906
12208 	 -7.298
12210 	 -7.416
12212 	 -8.46
12226 	 -8.451
12230 	 -8.407
12234 	 -9.755
12248 	 -9.739
12252 	 -8.984
12254 	 -8.681
12256 	 -8.708
12262 	 -9.553
12264 	 -9.488
12266 	 -9.848
12274 	 -8.596
12276 	 -8.674
12282 	 -8.348
12286 	 -8.255
12290 	 -7.983
12296 	 -8.08
12304 	 -7.651
12306 	 -7.518
12320 	 -7.52
12322 	 -7.44
12324 	 -6.836
12330 	 -7.035
12332 	 -7.067
12334 	 -6.627
12338 	 -6.375
12344 	 -5.579
12346 	 -5.531
12354 	 -5.598
12358 	 -5.48
12360 	 -4.528
12366 	 -4.617
12380 	 -4.405
12382 	 -4.397
12386 	 -3.995
12400 	 -3.737
12402 	 -3.77
12404 	 -3.498
12406 	 -3.468
12412 	 -3.412
12437 	 -3.632
12438 	 -3.029
12440 	 -3.171
12452 	 -3.31
12466 	 -3.372
12470 	 -3.218
12472 	 -3.145
12476 	 -3.377
12480 	 -3.233
12482 	 -3.286
12498 	 -3.11
12502 	 -3.08
12508 	 -3.071
12516 	 -3.244
12526 	 -3.166
12532 	 -3.147
12540 	 -3.174
12544 	 -3.113
12550 	 -2.897
12552 	 -2.777
12562 	 -2.868
12566 	 -2.826
12578 	 -2.806
12580 	 -2.806
12582 	 -2.344
12590 	 -2.234
12594 	 -2.508
12602 	 -2.491
12604 	 -2.481
12614 	 -2.438
12618 	 -2.446
12648 	 -3.125
12658 	 -3.424
12664 	 -3.304
12674 	 -3.255
12692 	 -3.215
12712 	 -2.431
12722 	 -2.247
12742 	 -2.243
12746 	 -2.232
12748 	 -2.215
12772 	 -2.108
12782 	 -2.205
12798 	 -2.341
12806 	 -2.234
12814 	 -2.232
12826 	 -2.61
12840 	 -2.639
12874 	 -2.955
12882 	 -2.928
12908 	 -3.994
12916 	 -3.992
12924 	 -4.194
12936 	 -4.348
12948 	 -4.264
12958 	 -4.481
12964 	 -4.73
12966 	 -4.863
12972 	 -5.144
12976 	 -4.679
12982 	 -4.724
12990 	 -4.905
12994 	 -4.823
12996 	 -5.145
12998 	 -5.169
13000 	 -5.027
13002 	 -5.096
13008 	 -5.083
13010 	 -5.054
13016 	 -4.953
13018 	 -4.799
13020 	 -4.977
13026 	 -5.062
13030 	 -5.208
13038 	 -4.915
13042 	 -4.77
13044 	 -4.531
13052 	 -4.414
13054 	 -4.42
13056 	 -4.497
13058 	 -4.341
13060 	 -4.508
13062 	 -4.376
13064 	 -4.531
13078 	 -4.529
13080 	 -4.58
13082 	 -4.044
13090 	 -3.823
13094 	 -3.821
13098 	 -3.863
13102 	 -3.883
13106 	 -3.683
13112 	 -3.679
13114 	 -3.664
13124 	 -3.749
13134 	 -3.727
13138 	 -3.836
13140 	 -3.72
13148 	 -4.453
13150 	 -3.806
13154 	 -3.805
13156 	 -3.609
13160 	 -3.714
13162 	 -4.028
13168 	 -3.962
13172 	 -3.937
13174 	 -3.878
13182 	 -3.887
13186 	 -3.883
13188 	 -3.903
13194 	 -3.86
13200 	 -3.905
13206 	 -3.833
13210 	 -4.005
13212 	 -4.081
13216 	 -3.809
13220 	 -3.8
13222 	 -3.711
13224 	 -3.752
13226 	 -3.699
13230 	 -3.694
13232 	 -3.797
13234 	 -3.783
13244 	 -3.734
13248 	 -3.763
13252 	 -3.825
13256 	 -3.584
13258 	 -3.558
13266 	 -3.464
13274 	 -3.428
13278 	 -3.374
13280 	 -3.036
13282 	 -3.154
13284 	 -3.112
13286 	 -2.975
13288 	 -3.038
13294 	 -2.978
13300 	 -3.074
13312 	 -3.161
13316 	 -2.714
13332 	 -2.746
13338 	 -2.742
13340 	 -2.665
13350 	 -2.624
13352 	 -2.702
13354 	 -2.647
13360 	 -2.602
13362 	 -2.731
13380 	 -2.684
13382 	 -2.669
13384 	 -2.768
13386 	 -2.72
13390 	 -2.786
13414 	 -2.773
13416 	 -2.701
13418 	 -2.672
13420 	 -2.702
13438 	 -2.747
13440 	 -2.701
13456 	 -2.781
13458 	 -2.762
13460 	 -2.722
13466 	 -2.695
13470 	 -2.66
13478 	 -2.708
13480 	 -2.791
13498 	 -2.814
13502 	 -2.798
13504 	 -2.648
13508 	 -2.624
13514 	 -2.317
13516 	 -2.198
13518 	 -2.178
13530 	 -2.117
13538 	 -1.973
13540 	 -2.04
13550 	 -2.065
13556 	 -1.76
13562 	 -1.73
13576 	 -1.693
13580 	 -1.766
13608 	 -1.685
13630 	 -1.454
13654 	 -1.452
13682 	 -1.628
13696 	 -1.667
13702 	 -1.731
13710 	 -1.68
13724 	 -1.613
13732 	 -1.572
13742 	 -1.494
13746 	 -1.491
13756 	 -1.448
13768 	 -1.429
13772 	 -1.354
13776 	 -1.358
13790 	 -1.238
13806 	 -1.229
13808 	 -1.208
13818 	 -1.175
13822 	 -1.129
13824 	 -0.96
13842 	 -0.945
13848 	 -0.993
13860 	 -0.924
13880 	 -0.9
13882 	 -0.75
13884 	 -0.725
13900 	 -0.706
13914 	 -0.676
13926 	 -0.52
13936 	 -0.514
13940 	 -0.431
13946 	 -0.418
13958 	 -0.342
13966 	 -0.34
13968 	 -0.317
13978 	 -0.316
13984 	 -0.266
13986 	 -0.25
13994 	 -0.179
14006 	 -0.162
14036 	 -0.147
14038 	 -0.14
14052 	 -0.131
14056 	 -0.108
14058 	 -0.098
14084 	 -0.097
14090 	 -0.091
14110 	 -0.089
14122 	 -0.088
14148 	 -0.083
14198 	 -0.071
14202 	 -0.07
14248 	 -0.067
14250 	 -0.064
14330 	 -0.056
14360 	 -0.053
14362 	 -0.047
14420 	 -0.04
14456 	 -0.037
15000 	 -1.385
15024 	 -1.536
15050 	 -2.297
15078 	 -2.884
15112 	 -3.32
15158 	 -3.433
15162 	 -3.494
15174 	 -3.422
15186 	 -2.847
15216 	 -3.443
15232 	 -3.267
15238 	 -3.46
15262 	 -2.714
15268 	 -2.455
15282 	 -2.059
15298 	 -1.538
15310 	 -1.6
15336 	 -2.047
15346 	 -1.969
15356 	 -2.223
15374 	 -1.654
15400 	 -1.054
15422 	 -0.814
15456 	 -0.421
15486 	 -0.136
15558 	 -0.031
15660 	 -0.022
15864 	 -0.01
15904 	 -0.002
18000 	 -2.128
18020 	 -2.254
18042 	 -2.798
18064 	 -2.975
18088 	 -2.46
18120 	 -1.931
18154 	 -3.112
18180 	 -2.848
18190 	 -3.636
18234 	 -5
18252 	 -4.976
18262 	 -4.697
18270 	 -3.728
18278 	 -3.665
18286 	 -3.524
18296 	 -4.415
18316 	 -4.46
18328 	 -4.826
18336 	 -4.475
18342 	 -4.514
18348 	 -3.923
18360 	 -3.233
18368 	 -2.774
18384 	 -2.795
18402 	 -2.03
18420 	 -1.079
18426 	 -0.947
18434 	 -0.77
18448 	 -0.26
18472 	 -0.215
18552 	 -0.024
18864 	 -0.012
19002 	 0
21000 	 -1.44
21001 	 -1.44
