0 	 0
3000 	 -1.376
3024 	 -1.496
3050 	 -1.88
3062 	 -2.472
3078 	 -3.176
3112 	 -3.62
3158 	 -3.808
3164 	 -3.728
3186 	 -2.828
3198 	 -2.688
3216 	 -1.912
3232 	 -1.736
3238 	 -1.364
3262 	 -0.608
3296 	 -0.264
3400 	 -0.024
3636 	 -0.008
3904 	 0
6000 	 -2.478
6020 	 -2.638
6042 	 -3.286
6064 	 -3.582
6088 	 -3.11
6120 	 -2.686
6138 	 -2.872
6154 	 -3.312
6180 	 -3.048
6190 	 -3.516
6198 	 -3.5
6234 	 -3.9
6284 	 -4.203
6296 	 -4.179
6346 	 -4.159
6360 	 -2.871
6374 	 -2.271
6376 	 -1.719
6424 	 -1.319
6444 	 -0.761
6504 	 -0.637
6506 	 -0.613
6552 	 -0.501
6634 	 -0.359
6704 	 -0.331
6710 	 -0.307
6726 	 -0.295
6728 	 -0.267
6782 	 -0.263
6894 	 -0.165
6990 	 -0.145
6994 	 -0.125
7002 	 -0.093
7272 	 -0.089
7278 	 -0.085
7290 	 -0.073
7324 	 -0.025
9000 	 -1.433
9024 	 -1.537
9050 	 -2.497
9078 	 -3.177
9112 	 -3.761
9158 	 -3.713
9162 	 -3.797
9174 	 -3.705
9186 	 -2.857
9216 	 -3.589
9232 	 -3.413
9238 	 -3.801
9262 	 -1.973
9268 	 -1.305
9298 	 -0.417
9304 	 -0.413
9306 	 -0.409
9334 	 -0.277
9400 	 -0.025
9660 	 -0.009
9904 	 -0.001
12000 	 -2.554
12002 	 -2.49
12004 	 -3.012
12006 	 -3.136
12008 	 -4.485
12012 	 -5.119
12016 	 -4.987
12020 	 -5.433
12032 	 -5.241
12040 	 -5.416
12042 	 -5.892
12048 	 -5.689
12064 	 -5.789
12070 	 -5.942
12088 	 -5.33
12100 	 -5.339
12102 	 -5.238
12108 	 -5.287
12120 	 -4.759
12130 	 -4.672
12154 	 -5.708
12162 	 -5.681
12178 	 -5.938
12180 	 -5.674
12182 	 -6.14
12186 	 -6.241
12190 	 -6.557
12198 	 -6.529
12200 	 -6.648
12204 	 -6.638
12206 	 -6.628
12208 	 -7.02
12212 	 -8.064
12230 	 -8.437
12234 	 -9.785
12252 	 -9.069
12254 	 -8.867
12256 	 -8.983
12262 	 -9.398
12264 	 -9.593
12266 	 -9.99
12270 	 -10.057
12274 	 -8.805
12282 	 -8.619
12286 	 -8.608
12288 	 -8.7
12290 	 -8.428
12296 	 -8.525
12300 	 -8.588
12304 	 -8.358
12306 	 -8.225
12312 	 -8.19
12318 	 -8.181
12322 	 -8.172
12324 	 -7.553
12332 	 -7.585
12334 	 -7.473
12338 	 -7.221
12344 	 -6.394
12350 	 -6.398
12354 	 -6.188
12356 	 -6.212
12358 	 -6.215
12360 	 -5.263
12364 	 -5.221
12372 	 -5.206
12378 	 -4.811
12380 	 -4.681
12382 	 -4.614
12384 	 -4.523
12386 	 -4.106
12394 	 -3.956
12400 	 -3.794
12404 	 -3.661
12406 	 -3.631
12412 	 -3.575
12437 	 -3.795
12438 	 -3.512
12440 	 -3.654
12448 	 -3.671
12454 	 -3.542
12466 	 -3.64
12472 	 -3.567
12476 	 -3.79
12480 	 -3.646
12488 	 -3.63
12494 	 -3.773
12496 	 -3.715
12504 	 -3.671
12508 	 -3.662
12516 	 -3.835
12526 	 -3.757
12530 	 -3.727
12532 	 -3.717
12540 	 -4.043
12544 	 -3.982
12552 	 -3.862
12558 	 -3.803
12562 	 -3.799
12564 	 -3.793
12566 	 -3.751
12574 	 -3.846
12576 	 -3.826
12578 	 -3.97
12590 	 -3.86
12594 	 -4.013
12600 	 -4.094
12602 	 -4.077
12604 	 -4.067
12618 	 -4.826
12622 	 -4.822
12636 	 -4.143
12638 	 -4.119
12648 	 -4.153
12656 	 -4.295
12658 	 -4.281
12664 	 -4.161
12672 	 -4.149
12686 	 -4.402
12698 	 -4.702
12712 	 -3.924
12714 	 -3.885
12722 	 -3.856
12736 	 -3.824
12738 	 -3.734
12742 	 -3.536
12744 	 -3.485
12748 	 -3.468
12752 	 -3.398
12754 	 -3.316
12768 	 -3.274
12770 	 -3.051
12778 	 -3.043
12782 	 -2.96
12790 	 -3.113
12794 	 -3.086
12802 	 -3.03
12816 	 -3.024
12818 	 -3.246
12840 	 -3.095
12870 	 -3.078
12874 	 -2.999
12894 	 -2.931
12908 	 -3.03
12924 	 -2.726
12950 	 -2.703
12964 	 -2.959
12968 	 -3.141
12988 	 -3.113
12990 	 -3.107
12996 	 -3.091
13016 	 -2.84
13042 	 -2.821
13058 	 -3.04
13060 	 -2.842
13076 	 -2.623
13078 	 -2.621
13080 	 -2.775
13088 	 -2.774
13094 	 -2.772
13102 	 -3.214
13104 	 -3.153
13114 	 -3.127
13140 	 -3.119
13150 	 -3.289
13168 	 -3.406
13180 	 -3.522
13188 	 -3.406
13202 	 -3.646
13210 	 -3.548
13214 	 -3.288
13220 	 -3.279
13234 	 -3.277
13236 	 -3.24
13240 	 -3.42
13242 	 -3.558
13252 	 -3.476
13258 	 -3.63
13272 	 -3.765
13274 	 -3.796
13278 	 -3.849
13280 	 -3.728
13284 	 -3.867
13286 	 -4.428
13306 	 -4.505
13308 	 -4.771
13310 	 -4.876
13314 	 -4.715
13360 	 -4.67
13374 	 -4.263
13382 	 -4.524
13394 	 -4.442
13402 	 -4.565
13404 	 -4.598
13406 	 -4.728
13410 	 -5.048
13412 	 -5.129
13416 	 -5.13
13424 	 -5.248
13428 	 -5.382
13434 	 -5.14
13442 	 -4.586
13444 	 -4.398
13448 	 -4.606
13454 	 -4.559
13466 	 -4.436
13472 	 -4.362
13478 	 -3.929
13480 	 -3.904
13494 	 -3.878
13500 	 -3.893
13508 	 -3.164
13510 	 -3.026
13520 	 -3.161
13522 	 -3.205
13524 	 -3.311
13526 	 -2.988
13536 	 -3.308
13538 	 -2.919
13550 	 -2.888
13556 	 -3.179
13558 	 -3.2
13562 	 -3.12
13574 	 -3.105
13580 	 -3.071
13582 	 -3.147
13584 	 -3.093
13588 	 -3.048
13598 	 -3.106
13602 	 -3.067
13604 	 -2.882
13614 	 -2.852
13616 	 -2.816
13620 	 -2.777
13622 	 -2.735
13626 	 -2.703
13636 	 -2.765
13646 	 -2.776
13650 	 -2.753
13656 	 -2.65
13662 	 -2.631
13666 	 -2.597
13672 	 -2.421
13674 	 -2.568
13684 	 -2.727
13688 	 -2.71
13698 	 -2.915
13704 	 -2.955
13706 	 -3.013
13712 	 -3.065
13742 	 -3.141
13746 	 -3.133
13756 	 -3.571
13762 	 -3.264
13768 	 -3.253
13772 	 -3.237
13774 	 -3.246
13782 	 -3.31
13788 	 -3.278
13792 	 -3.333
13794 	 -3.349
13804 	 -3.321
13812 	 -3.228
13820 	 -2.983
13822 	 -2.585
13828 	 -2.833
13838 	 -3.401
13846 	 -3.207
13848 	 -3.16
13852 	 -3.363
13854 	 -3.327
13874 	 -3.197
13876 	 -2.921
13880 	 -2.981
13890 	 -3.391
13892 	 -3.098
13900 	 -3.385
13904 	 -3.261
13922 	 -3.234
13924 	 -3.222
13932 	 -2.733
13938 	 -2.68
13954 	 -2.444
13962 	 -2.43
13972 	 -2.441
13974 	 -2.308
13976 	 -2.243
13978 	 -2.235
13980 	 -2.069
13984 	 -2.063
13986 	 -1.929
13988 	 -1.92
13992 	 -2.002
13996 	 -2.127
14018 	 -1.966
14026 	 -1.942
14028 	 -1.871
14038 	 -1.87
14042 	 -2.208
14046 	 -2.23
14056 	 -2.227
14068 	 -2.214
14072 	 -2.432
14076 	 -2.43
14078 	 -2.356
14084 	 -2.677
14086 	 -2.674
14090 	 -2.574
14104 	 -2.723
14120 	 -2.783
14124 	 -2.862
14128 	 -2.697
14134 	 -2.641
14138 	 -2.636
14140 	 -2.633
14146 	 -2.39
14156 	 -2.373
14158 	 -2.208
14160 	 -2.233
14176 	 -2.231
14184 	 -2.23
14194 	 -2.232
14208 	 -1.888
14212 	 -1.69
14214 	 -1.487
14220 	 -1.446
14226 	 -1.433
14228 	 -1.34
14232 	 -1.249
14238 	 -1.148
14240 	 -0.98
14242 	 -0.979
14256 	 -0.966
14258 	 -0.952
14260 	 -0.996
14270 	 -0.975
14276 	 -0.913
14278 	 -0.906
14286 	 -0.904
14288 	 -0.812
14292 	 -0.765
14296 	 -0.606
14302 	 -0.603
14328 	 -0.668
14350 	 -0.667
14352 	 -0.621
14354 	 -0.61
14356 	 -0.582
14360 	 -0.579
14380 	 -0.594
14396 	 -0.584
14404 	 -0.588
14412 	 -0.587
14414 	 -0.575
14424 	 -0.597
14428 	 -0.588
14440 	 -0.572
14444 	 -0.417
14458 	 -0.415
14468 	 -0.39
14476 	 -0.191
14502 	 -0.147
14532 	 -0.143
14596 	 -0.101
14600 	 -0.1
14610 	 -0.089
14640 	 -0.086
14708 	 -0.074
15000 	 -1.396
15024 	 -1.562
15050 	 -2.294
15078 	 -2.89
15112 	 -3.319
15158 	 -3.245
15162 	 -3.31
15174 	 -3.24
15186 	 -2.599
15216 	 -3.128
15232 	 -2.952
15238 	 -3.147
15262 	 -1.82
15266 	 -1.762
15268 	 -1.675
15276 	 -1.365
15282 	 -1.233
15298 	 -1.06
15300 	 -0.72
15308 	 -0.738
15334 	 -0.886
15346 	 -0.86
15350 	 -0.816
15354 	 -0.902
15372 	 -0.703
15400 	 -0.363
15422 	 -0.274
15460 	 -0.128
15492 	 -0.057
15574 	 -0.028
15658 	 -0.022
15660 	 -0.019
15904 	 -0.011
15916 	 -0.008
15952 	 -0.007
16048 	 -0.006
16170 	 -0.005
16428 	 -0.004
18000 	 -2.128
18020 	 -2.236
18042 	 -2.716
18064 	 -2.813
18088 	 -2.218
18120 	 -1.597
18154 	 -2.616
18180 	 -2.352
18190 	 -2.87
18234 	 -4.036
18252 	 -4.012
18262 	 -3.918
18270 	 -2.949
18278 	 -2.886
18286 	 -2.745
18296 	 -2.923
18316 	 -2.968
18328 	 -3.09
18336 	 -2.739
18342 	 -2.718
18348 	 -2.127
18360 	 -1.303
18368 	 -1.15
18384 	 -1.157
18402 	 -0.75
18420 	 -0.433
18426 	 -0.389
18434 	 -0.33
18448 	 -0.16
18472 	 -0.145
18552 	 -0.016
18864 	 -0.012
19002 	 0
21000 	 -1.44
21001 	 -1.44
