0 	 0
3000 	 -1.376
3024 	 -1.496
3050 	 -1.88
3062 	 -2.472
3078 	 -3.176
3112 	 -3.62
3158 	 -3.808
3164 	 -3.728
3186 	 -2.828
3198 	 -2.688
3216 	 -1.912
3232 	 -1.736
3238 	 -1.364
3262 	 -0.608
3296 	 -0.264
3400 	 -0.024
3636 	 -0.008
3904 	 0
6000 	 -2.478
6020 	 -2.638
6042 	 -3.286
6064 	 -3.582
6088 	 -3.11
6120 	 -2.686
6138 	 -2.872
6154 	 -3.312
6180 	 -3.048
6190 	 -3.516
6198 	 -3.5
6234 	 -3.9
6284 	 -4.203
6296 	 -4.179
6346 	 -4.159
6360 	 -2.871
6374 	 -2.271
6376 	 -1.719
6424 	 -1.319
6444 	 -0.761
6504 	 -0.637
6506 	 -0.613
6552 	 -0.501
6634 	 -0.359
6704 	 -0.331
6710 	 -0.307
6726 	 -0.295
6728 	 -0.267
6782 	 -0.263
6894 	 -0.165
6990 	 -0.145
6994 	 -0.125
7002 	 -0.093
7272 	 -0.089
7278 	 -0.085
7290 	 -0.073
7324 	 -0.025
9000 	 -1.433
9024 	 -1.537
9050 	 -2.497
9078 	 -3.177
9112 	 -3.761
9158 	 -3.713
9162 	 -3.797
9174 	 -3.705
9186 	 -2.857
9216 	 -3.589
9232 	 -3.413
9238 	 -3.801
9262 	 -1.973
9268 	 -1.305
9298 	 -0.417
9304 	 -0.413
9306 	 -0.409
9334 	 -0.277
9400 	 -0.025
9660 	 -0.009
9904 	 -0.001
12000 	 -2.554
12002 	 -2.49
12004 	 -3.09
12006 	 -3.767
12008 	 -4.272
12010 	 -4.779
12012 	 -4.985
12016 	 -5.113
12020 	 -5.342
12030 	 -5.41
12032 	 -5.218
12040 	 -5.287
12042 	 -5.763
12048 	 -5.56
12064 	 -5.66
12070 	 -5.63
12072 	 -5.677
12088 	 -5.065
12100 	 -4.96
12102 	 -4.859
12108 	 -4.908
12120 	 -4.38
12130 	 -4.339
12148 	 -4.674
12154 	 -5.71
12162 	 -5.683
12178 	 -6.107
12180 	 -5.843
12186 	 -5.892
12190 	 -6.208
12198 	 -6.18
12200 	 -6.221
12204 	 -6.211
12212 	 -7.255
12226 	 -7.889
12230 	 -7.994
12234 	 -9.342
12252 	 -8.626
12254 	 -8.525
12256 	 -8.677
12260 	 -8.36
12262 	 -8.764
12274 	 -7.512
12282 	 -7.355
12286 	 -7.617
12290 	 -7.345
12296 	 -7.585
12304 	 -7.541
12306 	 -7.408
12324 	 -6.804
12332 	 -6.836
12334 	 -6.896
12338 	 -6.644
12344 	 -5.817
12354 	 -5.694
12358 	 -5.42
12360 	 -4.468
12376 	 -4.438
12378 	 -4.6
12380 	 -4.47
12382 	 -4.462
12386 	 -4.434
12398 	 -4.558
12400 	 -4.396
12404 	 -4.106
12412 	 -3.898
12438 	 -3.684
12454 	 -3.762
12460 	 -3.802
12468 	 -3.842
12470 	 -3.841
12486 	 -3.82
12488 	 -3.804
12498 	 -3.709
12512 	 -3.485
12520 	 -3.455
12522 	 -3.46
12532 	 -3.45
12542 	 -3.384
12552 	 -3.264
12562 	 -3.257
12564 	 -3.16
12568 	 -3.07
12574 	 -4.159
12578 	 -4.139
12592 	 -4.023
12594 	 -4.007
12598 	 -3.988
12602 	 -3.971
12604 	 -4.046
12606 	 -3.975
12608 	 -4.185
12616 	 -4.084
12630 	 -4.037
12632 	 -4.055
12634 	 -3.931
12638 	 -3.814
12640 	 -3.757
12654 	 -3.834
12656 	 -3.987
12658 	 -3.966
12666 	 -3.924
12672 	 -3.894
12688 	 -3.772
12708 	 -3.735
12722 	 -3.847
12732 	 -3.841
12742 	 -3.837
12768 	 -4.141
12770 	 -4.231
12776 	 -4.221
12786 	 -4.242
12802 	 -4.204
12804 	 -4.207
12806 	 -3.999
12828 	 -3.964
12844 	 -3.982
12864 	 -3.976
12868 	 -3.942
12870 	 -4.407
12882 	 -4.673
12888 	 -4.866
12896 	 -4.863
12902 	 -4.888
12908 	 -4.936
12916 	 -4.862
12926 	 -4.626
12938 	 -4.427
12942 	 -4.187
12966 	 -4.296
12982 	 -3.965
12984 	 -3.96
12990 	 -3.997
12996 	 -3.981
13002 	 -3.967
13004 	 -3.924
13012 	 -3.906
13014 	 -3.794
13016 	 -3.838
13022 	 -4.018
13028 	 -4.037
13036 	 -4.036
13042 	 -3.996
13048 	 -3.838
13064 	 -3.598
13068 	 -3.644
13088 	 -3.753
13094 	 -3.751
13104 	 -3.784
13108 	 -3.686
13120 	 -3.663
13122 	 -3.653
13128 	 -3.632
13134 	 -4.087
13148 	 -4.716
13156 	 -4.703
13162 	 -4.834
13164 	 -5.074
13166 	 -5.045
13174 	 -5.062
13186 	 -5.02
13192 	 -5.063
13196 	 -5.326
13204 	 -5.029
13210 	 -5.383
13216 	 -5.245
13226 	 -5.58
13250 	 -3.664
13254 	 -3.97
13266 	 -3.963
13272 	 -3.706
13274 	 -3.583
13280 	 -3.572
13284 	 -3.429
13288 	 -3.554
13290 	 -3.453
13296 	 -3.597
13302 	 -3.517
13312 	 -3.501
13328 	 -3.467
13336 	 -3.327
13338 	 -3.494
13346 	 -3.489
13350 	 -3.468
13352 	 -3.443
13366 	 -3.279
13382 	 -3.581
13386 	 -3.556
13394 	 -3.809
13396 	 -4.291
13400 	 -4.167
13408 	 -4.271
13424 	 -3.873
13432 	 -3.868
13434 	 -3.897
13442 	 -3.827
13450 	 -3.872
13452 	 -3.424
13456 	 -3.39
13460 	 -3.386
13464 	 -3.432
13474 	 -3.413
13476 	 -3.46
13484 	 -3.286
13488 	 -3.329
13518 	 -2.762
13524 	 -2.985
13532 	 -2.885
13540 	 -2.851
13546 	 -2.892
13556 	 -2.992
13568 	 -3.031
13574 	 -2.939
13576 	 -2.854
13580 	 -2.876
13634 	 -2.874
13638 	 -2.787
13648 	 -2.792
13650 	 -2.787
13662 	 -2.771
13678 	 -2.754
13686 	 -2.789
13700 	 -2.787
13702 	 -2.496
13706 	 -2.467
13710 	 -2.525
13712 	 -2.57
13726 	 -2.628
13734 	 -2.667
13742 	 -2.597
13748 	 -2.583
13756 	 -2.445
13760 	 -2.425
13762 	 -2.336
13764 	 -2.335
13768 	 -2.299
13778 	 -2.173
13780 	 -2.014
13782 	 -1.975
13790 	 -1.948
13794 	 -1.909
13798 	 -1.852
13800 	 -1.869
13802 	 -1.828
13810 	 -1.805
13824 	 -1.766
13842 	 -1.93
13844 	 -1.877
13846 	 -1.924
13848 	 -2.067
13854 	 -1.949
13864 	 -1.914
13872 	 -1.851
13874 	 -1.745
13876 	 -1.753
13904 	 -1.653
13906 	 -1.46
13920 	 -1.411
13922 	 -1.395
13940 	 -0.954
13942 	 -0.945
13952 	 -0.927
13960 	 -0.868
13964 	 -0.813
13970 	 -0.968
13984 	 -0.95
13988 	 -0.949
14006 	 -0.891
14016 	 -0.89
14022 	 -0.848
14030 	 -0.806
14036 	 -0.619
14038 	 -0.586
14048 	 -0.581
14052 	 -0.552
14058 	 -0.547
14062 	 -0.54
14080 	 -0.401
14092 	 -0.377
14106 	 -0.339
14122 	 -0.324
14134 	 -0.304
14146 	 -0.194
14158 	 -0.179
14164 	 -0.175
14176 	 -0.159
14184 	 -0.158
14224 	 -0.155
14236 	 -0.152
14316 	 -0.148
14372 	 -0.13
14378 	 -0.127
14434 	 -0.121
14510 	 -0.118
15000 	 -1.396
15024 	 -1.527
15050 	 -2.037
15078 	 -2.359
15112 	 -2.404
15158 	 -2.366
15162 	 -2.387
15174 	 -2.363
15186 	 -1.975
15216 	 -1.787
15232 	 -1.611
15238 	 -1.675
15262 	 -1.415
15268 	 -1.329
15282 	 -1.196
15298 	 -1.023
15310 	 -1.063
15336 	 -1.361
15346 	 -1.335
15352 	 -1.334
15356 	 -1.502
15374 	 -1.124
15400 	 -0.717
15422 	 -0.557
15456 	 -0.295
15470 	 -0.29
15486 	 -0.1
15558 	 -0.03
15568 	 -0.027
15660 	 -0.024
15864 	 -0.016
15904 	 -0.008
18000 	 -2.128
18020 	 -2.227
18042 	 -2.675
18064 	 -2.726
18088 	 -2.125
18120 	 -1.552
18154 	 -1.968
18180 	 -1.704
18190 	 -1.963
18234 	 -2.362
18252 	 -2.354
18262 	 -2.168
18270 	 -1.845
18278 	 -1.824
18286 	 -1.777
18296 	 -2.335
18316 	 -2.35
18328 	 -2.594
18336 	 -2.477
18342 	 -2.52
18348 	 -2.323
18360 	 -2.064
18368 	 -1.758
18384 	 -1.772
18402 	 -1.338
18420 	 -0.704
18426 	 -0.616
18434 	 -0.498
18448 	 -0.158
18472 	 -0.128
18552 	 -0.012
18864 	 -0.004
19002 	 0
21000 	 -1.44
21001 	 -1.44
