0 	 0
3000 	 -1.376
3024 	 -1.496
3050 	 -1.88
3062 	 -2.472
3078 	 -3.176
3112 	 -3.62
3158 	 -3.808
3164 	 -3.728
3186 	 -2.828
3198 	 -2.688
3216 	 -1.912
3232 	 -1.736
3238 	 -1.364
3262 	 -0.608
3296 	 -0.264
3400 	 -0.024
3636 	 -0.008
3904 	 0
6000 	 -2.478
6020 	 -2.638
6042 	 -3.286
6064 	 -3.582
6088 	 -3.11
6120 	 -2.686
6138 	 -2.872
6154 	 -3.312
6180 	 -3.048
6190 	 -3.516
6198 	 -3.5
6234 	 -3.9
6284 	 -4.203
6296 	 -4.179
6346 	 -4.159
6360 	 -2.871
6374 	 -2.271
6376 	 -1.719
6424 	 -1.319
6444 	 -0.761
6504 	 -0.637
6506 	 -0.613
6552 	 -0.501
6634 	 -0.359
6704 	 -0.331
6710 	 -0.307
6726 	 -0.295
6728 	 -0.267
6782 	 -0.263
6894 	 -0.165
6990 	 -0.145
6994 	 -0.125
7002 	 -0.093
7272 	 -0.089
7278 	 -0.085
7290 	 -0.073
7324 	 -0.025
9000 	 -1.433
9024 	 -1.537
9050 	 -2.497
9078 	 -3.177
9112 	 -3.761
9158 	 -3.713
9162 	 -3.797
9174 	 -3.705
9186 	 -2.857
9216 	 -3.589
9232 	 -3.413
9238 	 -3.801
9262 	 -1.973
9268 	 -1.305
9298 	 -0.417
9304 	 -0.413
9306 	 -0.409
9334 	 -0.277
9400 	 -0.025
9660 	 -0.009
9904 	 -0.001
12000 	 -2.54
12002 	 -2.421
12004 	 -2.621
12006 	 -3.087
12008 	 -3.498
12010 	 -4.437
12012 	 -4.652
12016 	 -4.912
12018 	 -4.958
12020 	 -5.187
12030 	 -5.255
12032 	 -5.221
12034 	 -5.28
12040 	 -5.368
12042 	 -5.844
12062 	 -6.062
12064 	 -6.138
12070 	 -6.321
12072 	 -6.368
12088 	 -5.756
12090 	 -5.851
12100 	 -5.828
12120 	 -5.119
12130 	 -5.073
12148 	 -5.408
12154 	 -6.444
12156 	 -6.436
12164 	 -6.721
12176 	 -6.916
12178 	 -7.334
12180 	 -7.07
12186 	 -7.122
12190 	 -7.438
12200 	 -7.551
12206 	 -7.541
12212 	 -8.585
12222 	 -8.478
12226 	 -9.112
12228 	 -9.506
12230 	 -9.636
12234 	 -10.984
12236 	 -11.034
12252 	 -10.318
12254 	 -10.217
12256 	 -10.347
12260 	 -10.03
12262 	 -9.858
12264 	 -10.149
12270 	 -10.187
12274 	 -9.151
12282 	 -8.994
12286 	 -8.977
12290 	 -8.799
12296 	 -9.039
12302 	 -9.026
12304 	 -8.796
12308 	 -8.781
12310 	 -8.754
12312 	 -8.719
12324 	 -8.212
12332 	 -8.244
12338 	 -7.992
12340 	 -7.871
12344 	 -7.075
12350 	 -7.079
12352 	 -7.033
12354 	 -6.915
12358 	 -6.638
12360 	 -5.5
12368 	 -5.4
12372 	 -5.385
12376 	 -5.355
12378 	 -5.249
12382 	 -5.178
12384 	 -4.85
12386 	 -4.822
12392 	 -4.905
12394 	 -4.735
12402 	 -4.634
12404 	 -4.362
12408 	 -4.385
12410 	 -4.46
12412 	 -4.252
12432 	 -3.912
12438 	 -3.559
12454 	 -3.637
12456 	 -3.837
12470 	 -3.836
12484 	 -3.808
12494 	 -3.798
12498 	 -3.703
12510 	 -3.912
12522 	 -3.917
12542 	 -3.851
12546 	 -3.638
12548 	 -3.577
12552 	 -3.457
12562 	 -3.318
12564 	 -3.312
12574 	 -4.233
12576 	 -4.213
12578 	 -4.208
12592 	 -4.017
12598 	 -3.998
12606 	 -3.927
12608 	 -4.137
12610 	 -4.026
12614 	 -3.986
12624 	 -4.189
12628 	 -4.479
12630 	 -4.458
12632 	 -4.476
12638 	 -4.316
12640 	 -4.259
12644 	 -4.254
12656 	 -4.375
12658 	 -4.354
12664 	 -4.556
12672 	 -4.512
12674 	 -4.461
12688 	 -4.394
12696 	 -4.758
12708 	 -4.748
12714 	 -4.692
12726 	 -4.621
12732 	 -4.615
12740 	 -4.844
12750 	 -5.189
12768 	 -5.568
12770 	 -5.629
12772 	 -5.758
12782 	 -5.691
12788 	 -5.682
12790 	 -5.617
12802 	 -5.429
12804 	 -5.509
12808 	 -5.309
12812 	 -5.219
12822 	 -5.066
12824 	 -5.06
12828 	 -5.025
12830 	 -5.108
12844 	 -5.471
12850 	 -5.287
12864 	 -5.281
12868 	 -5.247
12870 	 -5.292
12882 	 -5.508
12886 	 -5.506
12888 	 -5.727
12894 	 -5.758
12896 	 -5.755
12902 	 -5.783
12912 	 -5.777
12916 	 -5.703
12926 	 -5.613
12938 	 -5.642
12942 	 -5.401
12946 	 -5.396
12950 	 -5.576
12966 	 -5.82
12982 	 -5.798
12984 	 -5.786
12990 	 -5.783
12996 	 -6.208
13002 	 -6.194
13004 	 -6.151
13012 	 -6.133
13028 	 -6.054
13030 	 -6.131
13034 	 -6.236
13036 	 -6.235
13042 	 -6.195
13048 	 -6.444
13058 	 -6.59
13062 	 -6.589
13064 	 -6.35
13070 	 -6.621
13086 	 -6.872
13090 	 -6.576
13096 	 -6.699
13098 	 -6.948
13100 	 -6.927
13104 	 -6.694
13112 	 -6.558
13120 	 -6.535
13128 	 -6.514
13136 	 -6.229
13142 	 -5.681
13148 	 -5.853
13150 	 -5.869
13172 	 -5.865
13174 	 -5.741
13176 	 -5.99
13182 	 -6.09
13194 	 -5.993
13206 	 -5.88
13212 	 -6.113
13250 	 -5.068
13268 	 -4.703
13272 	 -4.69
13302 	 -4.852
13304 	 -5.07
13306 	 -4.783
13310 	 -4.838
13328 	 -5.01
13336 	 -5.006
13344 	 -4.992
13346 	 -4.987
13352 	 -4.962
13374 	 -4.929
13390 	 -4.936
13396 	 -5.099
13412 	 -5.018
13424 	 -4.394
13428 	 -4.611
13436 	 -4.599
13444 	 -4.762
13452 	 -4.69
13462 	 -4.646
13472 	 -4.401
13478 	 -5.027
13480 	 -4.937
13482 	 -4.916
13486 	 -4.738
13494 	 -5.055
13500 	 -5.026
13508 	 -5.025
13536 	 -4.265
13546 	 -4.219
13552 	 -4.272
13556 	 -4.292
13560 	 -4.11
13582 	 -3.954
13588 	 -3.964
13592 	 -3.758
13594 	 -3.618
13612 	 -3.568
13616 	 -3.626
13626 	 -3.579
13630 	 -3.669
13634 	 -3.668
13638 	 -3.52
13648 	 -2.766
13650 	 -2.761
13666 	 -2.79
13670 	 -2.665
13674 	 -2.647
13678 	 -2.687
13684 	 -2.657
13692 	 -2.626
13696 	 -2.597
13700 	 -2.579
13714 	 -2.575
13716 	 -2.523
13734 	 -2.494
13742 	 -2.882
13748 	 -2.858
13754 	 -2.929
13758 	 -2.928
13760 	 -2.908
13762 	 -3.145
13766 	 -3.168
13780 	 -3.009
13784 	 -3.142
13798 	 -2.976
13802 	 -2.947
13816 	 -2.911
13824 	 -1.476
13828 	 -2.013
13834 	 -1.944
13840 	 -1.897
13842 	 -1.893
13848 	 -1.892
13854 	 -1.774
13856 	 -1.606
13860 	 -1.553
13864 	 -1.505
13870 	 -1.355
13874 	 -1.322
13880 	 -1.249
13890 	 -1.222
13896 	 -1.305
13904 	 -1.393
13910 	 -1.385
13922 	 -1.283
13932 	 -1.212
13942 	 -1.203
13950 	 -1.032
13954 	 -0.97
13970 	 -0.944
13972 	 -1.074
13984 	 -1.068
14004 	 -0.904
14012 	 -0.944
14016 	 -0.925
14028 	 -0.856
14044 	 -0.903
14050 	 -0.859
14058 	 -0.854
14070 	 -0.887
14078 	 -0.847
14082 	 -0.798
14096 	 -0.794
14100 	 -0.786
14106 	 -0.555
14122 	 -0.53
14132 	 -0.519
14136 	 -0.438
14146 	 -0.328
14150 	 -0.302
14202 	 -0.249
14210 	 -0.207
14236 	 -0.204
14268 	 -0.183
14284 	 -0.181
14312 	 -0.173
14338 	 -0.165
14382 	 -0.157
14400 	 -0.156
14408 	 -0.15
14436 	 -0.142
14462 	 -0.137
14476 	 -0.131
14594 	 -0.127
14618 	 -0.126
15000 	 -1.398
15024 	 -1.528
15050 	 -2.183
15078 	 -2.631
15112 	 -2.873
15158 	 -2.87
15162 	 -2.91
15174 	 -2.862
15186 	 -2.331
15216 	 -2.544
15232 	 -2.368
15238 	 -2.496
15262 	 -1.872
15268 	 -1.7
15282 	 -1.436
15298 	 -1.088
15308 	 -1.104
15310 	 -1.124
15334 	 -1.273
15336 	 -1.422
15346 	 -1.37
15352 	 -1.369
15354 	 -1.46
15356 	 -1.545
15374 	 -1.14
15400 	 -0.713
15422 	 -0.545
15456 	 -0.414
15460 	 -0.268
15470 	 -0.263
15486 	 -0.168
15492 	 -0.097
15558 	 -0.062
15568 	 -0.059
15574 	 -0.03
15660 	 -0.024
15728 	 -0.023
15864 	 -0.019
15904 	 -0.011
15916 	 -0.008
16218 	 -0.007
18000 	 -2.128
18020 	 -2.236
18042 	 -2.716
18064 	 -2.81
18088 	 -2.232
18120 	 -1.658
18154 	 -2.416
18180 	 -2.152
18190 	 -2.608
18234 	 -3.44
18252 	 -3.424
18262 	 -3.237
18270 	 -2.591
18278 	 -2.549
18286 	 -2.455
18296 	 -3.002
18316 	 -3.032
18328 	 -3.276
18336 	 -3.042
18342 	 -3.068
18348 	 -2.674
18360 	 -2.166
18368 	 -1.86
18384 	 -1.874
18402 	 -1.364
18420 	 -0.73
18426 	 -0.642
18434 	 -0.524
18448 	 -0.184
18472 	 -0.154
18552 	 -0.016
18864 	 -0.008
19002 	 0
21000 	 -1.44
21001 	 -1.44
