0 	 0
3000 	 -1.376
3024 	 -1.496
3050 	 -1.88
3062 	 -2.472
3078 	 -3.176
3112 	 -3.62
3158 	 -3.808
3164 	 -3.728
3186 	 -2.828
3198 	 -2.688
3216 	 -1.912
3232 	 -1.736
3238 	 -1.364
3262 	 -0.608
3296 	 -0.264
3400 	 -0.024
3636 	 -0.008
3904 	 0
6000 	 -2.478
6020 	 -2.638
6042 	 -3.286
6064 	 -3.582
6088 	 -3.11
6120 	 -2.686
6138 	 -2.872
6154 	 -3.312
6180 	 -3.048
6190 	 -3.516
6198 	 -3.5
6234 	 -3.9
6284 	 -4.203
6296 	 -4.179
6346 	 -4.159
6360 	 -2.871
6374 	 -2.271
6376 	 -1.719
6424 	 -1.319
6444 	 -0.761
6504 	 -0.637
6506 	 -0.613
6552 	 -0.501
6634 	 -0.359
6704 	 -0.331
6710 	 -0.307
6726 	 -0.295
6728 	 -0.267
6782 	 -0.263
6894 	 -0.165
6990 	 -0.145
6994 	 -0.125
7002 	 -0.093
7272 	 -0.089
7278 	 -0.085
7290 	 -0.073
7324 	 -0.025
9000 	 -1.433
9024 	 -1.537
9050 	 -2.497
9078 	 -3.177
9112 	 -3.761
9158 	 -3.713
9162 	 -3.797
9174 	 -3.705
9186 	 -2.857
9216 	 -3.589
9232 	 -3.413
9238 	 -3.801
9262 	 -1.973
9268 	 -1.305
9298 	 -0.417
9304 	 -0.413
9306 	 -0.409
9334 	 -0.277
9400 	 -0.025
9660 	 -0.009
9904 	 -0.001
12000 	 -2.54
12002 	 -2.421
12004 	 -2.621
12006 	 -3.087
12008 	 -3.498
12010 	 -4.437
12012 	 -4.652
12016 	 -4.912
12018 	 -4.958
12020 	 -5.187
12030 	 -5.255
12032 	 -5.221
12034 	 -5.273
12040 	 -5.371
12042 	 -5.847
12062 	 -6.039
12064 	 -6.115
12070 	 -6.306
12072 	 -6.353
12088 	 -5.741
12090 	 -5.788
12100 	 -5.742
12120 	 -5.197
12130 	 -5.16
12148 	 -5.495
12154 	 -6.531
12156 	 -6.515
12176 	 -6.458
12178 	 -6.857
12180 	 -6.593
12190 	 -6.909
12200 	 -6.732
12210 	 -6.806
12212 	 -7.85
12222 	 -7.743
12226 	 -8.377
12230 	 -8.505
12234 	 -9.853
12236 	 -9.797
12248 	 -9.909
12250 	 -9.935
12252 	 -9.183
12254 	 -9.082
12260 	 -8.765
12266 	 -8.655
12274 	 -7.403
12282 	 -7.352
12286 	 -7.387
12290 	 -7.115
12296 	 -7.355
12302 	 -7.338
12304 	 -7.294
12306 	 -7.239
12308 	 -7.289
12310 	 -7.292
12324 	 -6.688
12332 	 -6.72
12338 	 -6.468
12344 	 -5.825
12346 	 -5.714
12358 	 -5.437
12360 	 -4.485
12376 	 -4.455
12378 	 -4.429
12382 	 -4.421
12384 	 -4.397
12386 	 -4.369
12404 	 -4.097
12412 	 -3.889
12432 	 -3.555
12438 	 -3.333
12454 	 -3.411
12456 	 -3.311
12468 	 -3.56
12470 	 -3.559
12494 	 -3.663
12498 	 -3.568
12510 	 -3.504
12516 	 -3.594
12522 	 -3.599
12542 	 -3.435
12552 	 -3.315
12574 	 -4.333
12578 	 -4.299
12588 	 -4.493
12592 	 -4.314
12598 	 -4.295
12606 	 -4.224
12608 	 -4.434
12624 	 -4.599
12630 	 -4.578
12632 	 -4.596
12638 	 -4.485
12640 	 -4.428
12642 	 -4.544
12656 	 -4.697
12658 	 -4.676
12672 	 -4.805
12680 	 -4.767
12688 	 -4.774
12702 	 -4.669
12704 	 -4.515
12708 	 -4.535
12714 	 -4.502
12718 	 -4.484
12728 	 -4.495
12730 	 -4.584
12732 	 -4.578
12752 	 -4.523
12754 	 -4.757
12768 	 -5.101
12770 	 -5.173
12776 	 -5.017
12784 	 -5.189
12790 	 -5.177
12794 	 -5.182
12802 	 -5.139
12804 	 -5.219
12808 	 -5.098
12810 	 -5.032
12828 	 -4.803
12832 	 -4.816
12836 	 -4.782
12840 	 -4.77
12844 	 -4.587
12848 	 -4.501
12864 	 -4.495
12868 	 -4.461
12876 	 -4.435
12880 	 -4.535
12888 	 -4.71
12896 	 -4.707
12902 	 -4.732
12904 	 -4.717
12908 	 -4.834
12914 	 -4.702
12916 	 -4.628
12936 	 -4.691
12942 	 -4.471
12948 	 -4.371
12966 	 -4.607
12982 	 -4.579
12984 	 -4.385
12990 	 -4.331
12996 	 -4.315
13000 	 -4.305
13002 	 -4.291
13004 	 -4.248
13008 	 -4.2
13012 	 -4.182
13020 	 -4.211
13024 	 -4.719
13028 	 -4.64
13030 	 -5.232
13036 	 -5.231
13042 	 -5.408
13062 	 -5.455
13064 	 -5.215
13068 	 -5.212
13080 	 -4.919
13082 	 -4.859
13084 	 -4.794
13088 	 -4.924
13090 	 -5.377
13092 	 -5.244
13098 	 -5.264
13104 	 -5.213
13116 	 -5.378
13120 	 -5.169
13126 	 -4.999
13128 	 -5.084
13134 	 -5.043
13138 	 -5.037
13146 	 -5.119
13152 	 -4.918
13156 	 -4.607
13158 	 -4.458
13176 	 -4.23
13178 	 -4.371
13180 	 -4.453
13188 	 -4.451
13192 	 -4.446
13194 	 -4.356
13206 	 -4.386
13208 	 -4.411
13212 	 -4.454
13218 	 -4.452
13250 	 -3.469
13258 	 -3.957
13270 	 -4.116
13282 	 -4.318
13300 	 -4.278
13308 	 -4.201
13314 	 -4.149
13320 	 -4.183
13328 	 -4.149
13336 	 -4.208
13338 	 -4.501
13346 	 -4.496
13348 	 -4.55
13352 	 -4.525
13354 	 -3.65
13356 	 -3.665
13360 	 -3.792
13378 	 -3.655
13380 	 -3.622
13398 	 -3.479
13404 	 -3.055
13414 	 -3.02
13420 	 -3.141
13424 	 -2.804
13428 	 -2.888
13432 	 -2.883
13444 	 -2.774
13454 	 -2.809
13460 	 -2.896
13468 	 -2.891
13470 	 -3.017
13472 	 -2.94
13476 	 -3.06
13504 	 -3.154
13510 	 -3.09
13512 	 -3.182
13528 	 -3.236
13540 	 -3.22
13544 	 -3.218
13550 	 -3.304
13552 	 -3.324
13558 	 -3.107
13562 	 -3.14
13576 	 -3.191
13584 	 -3.166
13586 	 -3.043
13588 	 -3.087
13598 	 -3.108
13610 	 -3.148
13614 	 -3.128
13616 	 -3
13618 	 -2.714
13626 	 -2.617
13634 	 -2.616
13638 	 -2.077
13640 	 -2.066
13644 	 -2.121
13646 	 -2.143
13648 	 -2.098
13650 	 -2.093
13656 	 -2.113
13664 	 -2.126
13666 	 -2.034
13686 	 -1.964
13694 	 -1.989
13700 	 -1.995
13712 	 -2.012
13732 	 -2.054
13752 	 -2.006
13760 	 -1.948
13780 	 -1.789
13802 	 -1.838
13824 	 -1.822
13842 	 -1.94
13854 	 -1.822
13864 	 -1.787
13868 	 -1.874
13870 	 -1.965
13884 	 -1.831
13890 	 -1.823
13894 	 -1.805
13906 	 -1.805
13908 	 -1.581
13910 	 -1.556
13926 	 -1.548
13928 	 -1.403
13942 	 -1.394
13946 	 -1.296
13952 	 -0.954
13954 	 -0.951
13968 	 -0.914
13972 	 -0.812
13986 	 -0.7
13994 	 -0.683
13996 	 -0.667
14004 	 -0.501
14018 	 -0.482
14024 	 -0.463
14026 	 -0.419
14036 	 -0.4
14040 	 -0.374
14042 	 -0.366
14058 	 -0.361
14066 	 -0.354
14072 	 -0.345
14126 	 -0.309
14144 	 -0.272
14146 	 -0.162
14224 	 -0.155
14236 	 -0.152
14240 	 -0.146
14282 	 -0.141
14374 	 -0.132
14464 	 -0.13
14466 	 -0.126
14474 	 -0.125
14546 	 -0.124
14564 	 -0.122
14582 	 -0.121
15000 	 -1.398
15024 	 -1.529
15050 	 -2.183
15078 	 -2.631
15112 	 -2.873
15158 	 -2.954
15162 	 -2.995
15174 	 -2.947
15186 	 -2.504
15216 	 -2.703
15232 	 -2.527
15238 	 -2.655
15262 	 -2.277
15268 	 -2.105
15282 	 -1.84
15298 	 -1.494
15310 	 -1.554
15336 	 -2.002
15346 	 -1.95
15352 	 -1.949
15356 	 -2.204
15374 	 -1.629
15400 	 -1.067
15422 	 -0.828
15456 	 -0.433
15470 	 -0.428
15486 	 -0.144
15558 	 -0.042
15568 	 -0.039
15660 	 -0.033
15708 	 -0.027
15756 	 -0.025
15864 	 -0.016
15904 	 -0.008
18000 	 -2.128
18020 	 -2.245
18042 	 -2.757
18064 	 -2.891
18088 	 -2.353
18120 	 -1.825
18154 	 -2.664
18180 	 -2.4
18190 	 -2.991
18234 	 -3.922
18252 	 -3.906
18262 	 -3.627
18270 	 -2.981
18278 	 -2.939
18286 	 -2.845
18296 	 -3.748
18316 	 -3.778
18328 	 -4.144
18336 	 -3.91
18342 	 -3.966
18348 	 -3.572
18360 	 -3.131
18368 	 -2.672
18384 	 -2.693
18402 	 -2.004
18420 	 -1.053
18426 	 -0.921
18434 	 -0.744
18448 	 -0.234
18472 	 -0.189
18552 	 -0.02
18864 	 -0.008
19002 	 0
21000 	 -1.44
21001 	 -1.44
