0 	 0
3000 	 -1.376
3024 	 -1.496
3050 	 -1.88
3062 	 -2.472
3078 	 -3.176
3112 	 -3.62
3158 	 -3.808
3164 	 -3.728
3186 	 -2.828
3198 	 -2.688
3216 	 -1.912
3232 	 -1.736
3238 	 -1.364
3262 	 -0.608
3296 	 -0.264
3400 	 -0.024
3636 	 -0.008
3904 	 0
6000 	 -2.478
6020 	 -2.638
6042 	 -3.286
6064 	 -3.582
6088 	 -3.11
6120 	 -2.686
6138 	 -2.872
6154 	 -3.312
6180 	 -3.048
6190 	 -3.516
6198 	 -3.5
6234 	 -3.9
6284 	 -4.203
6296 	 -4.179
6346 	 -4.159
6360 	 -2.871
6374 	 -2.271
6376 	 -1.719
6424 	 -1.319
6444 	 -0.761
6504 	 -0.637
6506 	 -0.613
6552 	 -0.501
6634 	 -0.359
6704 	 -0.331
6710 	 -0.307
6726 	 -0.295
6728 	 -0.267
6782 	 -0.263
6894 	 -0.165
6990 	 -0.145
6994 	 -0.125
7002 	 -0.093
7272 	 -0.089
7278 	 -0.085
7290 	 -0.073
7324 	 -0.025
9000 	 -1.433
9024 	 -1.537
9050 	 -2.497
9078 	 -3.177
9112 	 -3.761
9158 	 -3.713
9162 	 -3.797
9174 	 -3.705
9186 	 -2.857
9216 	 -3.589
9232 	 -3.413
9238 	 -3.801
9262 	 -1.973
9268 	 -1.305
9298 	 -0.417
9304 	 -0.413
9306 	 -0.409
9334 	 -0.277
9400 	 -0.025
9660 	 -0.009
9904 	 -0.001
12000 	 -2.54
12002 	 -2.421
12004 	 -2.621
12006 	 -3.087
12008 	 -3.498
12010 	 -4.437
12012 	 -4.652
12016 	 -4.912
12018 	 -4.958
12020 	 -5.187
12030 	 -5.255
12032 	 -5.221
12034 	 -5.28
12040 	 -5.368
12042 	 -5.844
12062 	 -6.062
12064 	 -6.138
12070 	 -6.322
12072 	 -6.369
12088 	 -5.757
12090 	 -5.852
12100 	 -5.835
12120 	 -5.126
12130 	 -4.92
12148 	 -5.255
12154 	 -6.291
12156 	 -6.278
12160 	 -6.636
12164 	 -6.921
12176 	 -7.116
12178 	 -7.495
12180 	 -7.231
12190 	 -7.547
12198 	 -7.525
12200 	 -7.687
12212 	 -8.731
12222 	 -8.624
12226 	 -9.258
12228 	 -9.601
12230 	 -9.672
12234 	 -11.02
12236 	 -11.071
12246 	 -11.351
12252 	 -10.635
12254 	 -10.534
12256 	 -10.511
12260 	 -10.194
12262 	 -10.022
12274 	 -8.885
12276 	 -8.959
12282 	 -8.802
12286 	 -8.921
12290 	 -8.777
12296 	 -9.017
12304 	 -8.973
12308 	 -8.958
12310 	 -9.072
12314 	 -8.738
12324 	 -8.134
12332 	 -8.166
12334 	 -8.101
12338 	 -7.849
12340 	 -7.901
12344 	 -7.105
12350 	 -7.096
12352 	 -7.05
12358 	 -6.706
12360 	 -5.688
12368 	 -5.588
12376 	 -5.457
12380 	 -5.46
12382 	 -5.448
12384 	 -5.122
12386 	 -5.094
12392 	 -5.052
12394 	 -5.032
12402 	 -4.931
12404 	 -4.581
12412 	 -4.373
12432 	 -4.369
12438 	 -3.752
12454 	 -3.83
12456 	 -3.676
12470 	 -3.675
12484 	 -3.647
12494 	 -3.637
12498 	 -3.542
12510 	 -3.614
12522 	 -3.619
12538 	 -3.738
12542 	 -3.672
12546 	 -3.627
12548 	 -3.6
12550 	 -3.559
12552 	 -3.439
12556 	 -3.449
12574 	 -4.415
12576 	 -4.411
12592 	 -4.22
12598 	 -4.201
12606 	 -4.13
12608 	 -3.771
12612 	 -3.83
12624 	 -3.763
12628 	 -3.923
12630 	 -3.902
12632 	 -3.92
12634 	 -3.949
12638 	 -3.838
12640 	 -3.781
12656 	 -3.934
12658 	 -3.913
12660 	 -3.855
12672 	 -3.825
12678 	 -3.797
12680 	 -4.021
12688 	 -4.028
12690 	 -3.949
12708 	 -3.939
12712 	 -4.161
12728 	 -4.128
12732 	 -4.122
12738 	 -4.112
12746 	 -4.118
12754 	 -4.671
12768 	 -4.843
12770 	 -4.867
12772 	 -4.912
12776 	 -4.902
12778 	 -5.068
12788 	 -5.031
12792 	 -5.022
12796 	 -5.256
12802 	 -5.245
12804 	 -5.325
12828 	 -5.29
12832 	 -5.289
12836 	 -5.165
12850 	 -5.343
12864 	 -5.337
12868 	 -5.201
12876 	 -5.324
12884 	 -5.267
12886 	 -5.265
12888 	 -5.475
12894 	 -5.461
12896 	 -5.458
12902 	 -5.483
12906 	 -5.47
12912 	 -5.421
12916 	 -5.347
12920 	 -5.049
12942 	 -4.778
12946 	 -4.824
12950 	 -4.826
12966 	 -5.017
12982 	 -4.726
12984 	 -4.762
12990 	 -4.741
12996 	 -4.725
13002 	 -4.711
13004 	 -4.668
13006 	 -4.756
13008 	 -4.689
13012 	 -4.671
13022 	 -4.667
13026 	 -5.415
13028 	 -5.336
13030 	 -5.386
13032 	 -5.501
13036 	 -5.5
13042 	 -5.46
13050 	 -5.547
13062 	 -5.546
13064 	 -5.308
13078 	 -4.891
13084 	 -4.926
13092 	 -4.705
13102 	 -4.553
13104 	 -4.505
13106 	 -4.513
13114 	 -4.477
13116 	 -4.395
13120 	 -4.372
13124 	 -4.348
13132 	 -4.458
13138 	 -4.25
13140 	 -4.35
13154 	 -4.394
13158 	 -4.269
13164 	 -4.264
13168 	 -4.405
13182 	 -4.404
13190 	 -4.401
13194 	 -4.395
13200 	 -4.317
13204 	 -4.36
13250 	 -4.237
13264 	 -4.544
13268 	 -4.753
13284 	 -4.99
13286 	 -4.98
13310 	 -5.552
13316 	 -5.596
13324 	 -5.044
13328 	 -5.01
13330 	 -5.102
13346 	 -5.097
13348 	 -4.947
13352 	 -4.922
13354 	 -4.914
13376 	 -4.742
13380 	 -4.587
13392 	 -4.13
13402 	 -3.875
13416 	 -3.838
13418 	 -3.76
13422 	 -3.725
13424 	 -3.476
13438 	 -3.318
13448 	 -3.44
13452 	 -3.416
13454 	 -3.491
13456 	 -3.477
13468 	 -3.682
13470 	 -3.941
13472 	 -3.895
13478 	 -3.893
13490 	 -3.857
13494 	 -4
13502 	 -3.907
13508 	 -3.906
13524 	 -3.905
13536 	 -4.179
13546 	 -4.065
13570 	 -4.059
13576 	 -4.051
13580 	 -4.08
13588 	 -3.855
13590 	 -3.694
13594 	 -3.726
13608 	 -3.802
13612 	 -3.781
13622 	 -3.857
13628 	 -3.704
13630 	 -3.553
13634 	 -3.552
13638 	 -3.415
13648 	 -3.038
13650 	 -3.011
13656 	 -2.995
13670 	 -2.991
13674 	 -2.968
13682 	 -2.946
13684 	 -2.856
13686 	 -2.703
13690 	 -2.682
13698 	 -2.744
13720 	 -2.664
13722 	 -2.62
13728 	 -2.59
13746 	 -2.532
13754 	 -2.497
13756 	 -2.595
13760 	 -2.575
13766 	 -2.561
13768 	 -2.527
13772 	 -2.521
13774 	 -2.452
13776 	 -2.445
13780 	 -2.286
13802 	 -2.276
13816 	 -2.389
13822 	 -2.371
13828 	 -2.408
13834 	 -2.324
13842 	 -2.299
13844 	 -2.29
13854 	 -2.172
13860 	 -2.159
13864 	 -2.124
13870 	 -2.123
13874 	 -1.983
13876 	 -1.98
13882 	 -1.977
13889 	 -2.204
13890 	 -2.055
13892 	 -2.068
13902 	 -2.06
13906 	 -2.037
13924 	 -2.019
13942 	 -4.594
13946 	 -3.678
13948 	 -3.646
13954 	 -3.214
13958 	 -3.126
13962 	 -3.11
13970 	 -3.108
13972 	 -3.278
13976 	 -3.461
13990 	 -3.26
14016 	 -3.244
14028 	 -2.719
14034 	 -3.077
14038 	 -3.14
14040 	 -3.116
14048 	 -3.216
14050 	 -3.337
14052 	 -3.325
14058 	 -3.32
14060 	 -3.191
14068 	 -3.337
14082 	 -3.05
14086 	 -3.041
14088 	 -2.899
14094 	 -2.647
14096 	 -2.602
14098 	 -2.729
14102 	 -2.6
14116 	 -2.599
14122 	 -2.503
14128 	 -2.489
14146 	 -2.039
14164 	 -2.022
14172 	 -2.032
14176 	 -2.433
14188 	 -2.756
14200 	 -2.761
14206 	 -2.749
14210 	 -2.739
14212 	 -3.147
14216 	 -3.106
14224 	 -3.291
14228 	 -3.272
14236 	 -3.269
14238 	 -3.268
14244 	 -3.157
14246 	 -2.881
14258 	 -2.794
14276 	 -2.435
14282 	 -2.578
14294 	 -2.567
14296 	 -2.456
14298 	 -2.433
14300 	 -2.181
14312 	 -1.999
14318 	 -1.887
14324 	 -1.632
14326 	 -1.589
14338 	 -1.588
14344 	 -1.708
14350 	 -1.7
14366 	 -1.696
14376 	 -1.51
14378 	 -1.254
14380 	 -1.253
14414 	 -1.239
14416 	 -1.144
14430 	 -1.166
14436 	 -1.093
14442 	 -1.091
14444 	 -1.034
14450 	 -1.07
14452 	 -1.041
14468 	 -0.976
14488 	 -0.82
14520 	 -0.667
14530 	 -0.564
14538 	 -0.44
14540 	 -0.439
14554 	 -0.41
14562 	 -0.391
14612 	 -0.344
14636 	 -0.282
14656 	 -0.271
14710 	 -0.24
14746 	 -0.231
15000 	 -1.42
15024 	 -1.568
15050 	 -2.334
15078 	 -2.915
15112 	 -3.358
15158 	 -3.368
15162 	 -3.432
15174 	 -3.362
15186 	 -2.783
15216 	 -3.279
15232 	 -3.103
15238 	 -3.333
15262 	 -2.296
15266 	 -2.267
15268 	 -2.095
15276 	 -1.94
15282 	 -1.675
15298 	 -1.329
15300 	 -1.159
15308 	 -1.176
15310 	 -1.196
15334 	 -1.344
15336 	 -1.495
15346 	 -1.443
15350 	 -1.421
15352 	 -1.42
15354 	 -1.511
15356 	 -1.594
15374 	 -1.189
15400 	 -0.731
15422 	 -0.563
15456 	 -0.432
15460 	 -0.286
15470 	 -0.281
15486 	 -0.186
15492 	 -0.115
15558 	 -0.08
15568 	 -0.077
15574 	 -0.048
15658 	 -0.045
15660 	 -0.039
15864 	 -0.035
15904 	 -0.027
15916 	 -0.024
16224 	 -0.021
16280 	 -0.016
16314 	 -0.015
16474 	 -0.014
18000 	 -2.129
18020 	 -2.246
18042 	 -2.758
18064 	 -2.895
18088 	 -2.34
18120 	 -1.765
18154 	 -2.865
18180 	 -2.601
18190 	 -3.254
18234 	 -4.519
18252 	 -4.495
18262 	 -4.308
18270 	 -3.339
18278 	 -3.276
18286 	 -3.135
18296 	 -3.67
18316 	 -3.715
18328 	 -3.959
18336 	 -3.608
18342 	 -3.617
18348 	 -3.026
18360 	 -2.269
18368 	 -1.963
18384 	 -1.977
18402 	 -1.391
18420 	 -0.757
18426 	 -0.669
18434 	 -0.551
18448 	 -0.211
18472 	 -0.181
18552 	 -0.021
18864 	 -0.013
19002 	 -0.001
21000 	 -1.441
21001 	 -1.441
