0 	 0
3000 	 -1.376
3024 	 -1.496
3050 	 -1.88
3062 	 -2.472
3078 	 -3.176
3112 	 -3.62
3158 	 -3.808
3164 	 -3.728
3186 	 -2.828
3198 	 -2.688
3216 	 -1.912
3232 	 -1.736
3238 	 -1.364
3262 	 -0.608
3296 	 -0.264
3400 	 -0.024
3636 	 -0.008
3904 	 0
6000 	 -2.478
6020 	 -2.638
6042 	 -3.286
6064 	 -3.582
6088 	 -3.11
6120 	 -2.686
6138 	 -2.872
6154 	 -3.312
6180 	 -3.048
6190 	 -3.516
6198 	 -3.5
6234 	 -3.9
6284 	 -4.203
6296 	 -4.179
6346 	 -4.159
6360 	 -2.871
6374 	 -2.271
6376 	 -1.719
6424 	 -1.319
6444 	 -0.761
6504 	 -0.637
6506 	 -0.613
6552 	 -0.501
6634 	 -0.359
6704 	 -0.331
6710 	 -0.307
6726 	 -0.295
6728 	 -0.267
6782 	 -0.263
6894 	 -0.165
6990 	 -0.145
6994 	 -0.125
7002 	 -0.093
7272 	 -0.089
7278 	 -0.085
7290 	 -0.073
7324 	 -0.025
9000 	 -1.433
9024 	 -1.537
9050 	 -2.497
9078 	 -3.177
9112 	 -3.761
9158 	 -3.713
9162 	 -3.797
9174 	 -3.705
9186 	 -2.857
9216 	 -3.589
9232 	 -3.413
9238 	 -3.801
9262 	 -1.973
9268 	 -1.305
9298 	 -0.417
9304 	 -0.413
9306 	 -0.409
9334 	 -0.277
9400 	 -0.025
9660 	 -0.009
9904 	 -0.001
12000 	 -2.54
12002 	 -2.421
12004 	 -2.661
12006 	 -3.127
12008 	 -3.955
12010 	 -4.894
12012 	 -5.32
12016 	 -5.58
12018 	 -5.626
12020 	 -5.962
12030 	 -6.03
12032 	 -5.996
12034 	 -6.048
12040 	 -6.164
12042 	 -6.64
12062 	 -6.832
12064 	 -6.908
12070 	 -7.099
12072 	 -7.146
12086 	 -7.411
12088 	 -6.799
12090 	 -6.846
12100 	 -6.8
12120 	 -6.255
12130 	 -6.218
12132 	 -6.492
12148 	 -6.827
12154 	 -7.995
12156 	 -8.017
12176 	 -7.96
12178 	 -8.345
12180 	 -8.064
12186 	 -8.082
12190 	 -8.398
12200 	 -8.221
12210 	 -8.246
12212 	 -9.29
12222 	 -9.183
12226 	 -9.824
12230 	 -9.952
12234 	 -11.3
12236 	 -10.921
12248 	 -11.033
12250 	 -11.026
12252 	 -10.274
12254 	 -10.173
12260 	 -9.838
12266 	 -9.728
12272 	 -9.727
12274 	 -8.475
12282 	 -8.414
12286 	 -8.449
12290 	 -8.177
12296 	 -8.417
12302 	 -8.4
12304 	 -8.356
12306 	 -8.301
12308 	 -8.351
12310 	 -8.322
12324 	 -7.718
12328 	 -8.059
12332 	 -8.091
12338 	 -7.839
12344 	 -7.067
12346 	 -6.756
12354 	 -6.744
12358 	 -6.486
12360 	 -5.534
12376 	 -5.504
12378 	 -5.406
12382 	 -5.398
12384 	 -5.374
12386 	 -5.203
12388 	 -5.319
12404 	 -5.047
12406 	 -5.121
12412 	 -4.905
12432 	 -4.647
12438 	 -4.386
12454 	 -4.464
12456 	 -4.171
12464 	 -4.052
12470 	 -4.051
12492 	 -4.021
12496 	 -3.998
12498 	 -3.903
12500 	 -3.98
12502 	 -3.961
12510 	 -3.798
12512 	 -3.735
12516 	 -3.685
12522 	 -3.69
12530 	 -3.973
12542 	 -4.232
12552 	 -4.112
12556 	 -4.298
12574 	 -5.336
12590 	 -5.306
12592 	 -4.916
12598 	 -4.897
12604 	 -4.759
12606 	 -4.695
12608 	 -4.905
12614 	 -4.882
12628 	 -4.659
12630 	 -4.638
12632 	 -4.656
12638 	 -4.545
12640 	 -4.552
12656 	 -4.705
12658 	 -4.684
12672 	 -4.664
12688 	 -4.671
12694 	 -4.854
12700 	 -4.827
12704 	 -4.839
12714 	 -4.691
12732 	 -4.685
12736 	 -4.526
12768 	 -4.789
12770 	 -4.85
12786 	 -4.75
12790 	 -4.738
12796 	 -4.748
12800 	 -5.183
12802 	 -5.144
12804 	 -5.345
12810 	 -5.389
12820 	 -5.555
12822 	 -6.152
12826 	 -6.2
12828 	 -6.265
12842 	 -6.489
12862 	 -6.429
12864 	 -6.423
12866 	 -7.203
12868 	 -7.18
12870 	 -7.229
12874 	 -7.175
12876 	 -7.19
12880 	 -6.918
12886 	 -6.89
12888 	 -7.126
12892 	 -7.558
12894 	 -7.419
12896 	 -7.321
12902 	 -7.528
12906 	 -7.673
12910 	 -7.461
12912 	 -7.597
12916 	 -7.523
12924 	 -7.312
12928 	 -7.398
12932 	 -7.505
12938 	 -7.465
12942 	 -7.241
12952 	 -6.905
12956 	 -6.802
12960 	 -7.501
12964 	 -7.473
12966 	 -7.582
12970 	 -7.577
12982 	 -6.994
12984 	 -7.931
12990 	 -7.928
12992 	 -7.909
12996 	 -7.915
13002 	 -7.906
13004 	 -7.89
13012 	 -7.927
13014 	 -7.714
13024 	 -7.759
13028 	 -7.68
13036 	 -7.679
13042 	 -7.639
13044 	 -7.245
13050 	 -7.392
13052 	 -7.696
13054 	 -7.658
13056 	 -7.593
13060 	 -7.562
13062 	 -7.561
13064 	 -7.184
13066 	 -7.478
13068 	 -7.743
13076 	 -7.982
13080 	 -8.167
13084 	 -8.094
13086 	 -8.195
13088 	 -8.12
13092 	 -8.141
13096 	 -8.196
13100 	 -8.139
13104 	 -8.143
13108 	 -8.193
13112 	 -8.257
13114 	 -8.39
13118 	 -8.128
13120 	 -8.105
13122 	 -8.103
13126 	 -8.099
13128 	 -8.07
13130 	 -8.082
13134 	 -8.132
13138 	 -8.126
13142 	 -8.165
13144 	 -8.186
13146 	 -8.255
13150 	 -8.046
13152 	 -7.989
13156 	 -7.961
13158 	 -7.94
13166 	 -7.957
13172 	 -7.919
13182 	 -7.729
13186 	 -7.531
13190 	 -7.203
13192 	 -7.055
13210 	 -6.773
13214 	 -6.682
13216 	 -6.79
13224 	 -6.533
13250 	 -6.547
13258 	 -6.51
13266 	 -6.426
13272 	 -6.373
13276 	 -6.365
13284 	 -6.3
13286 	 -6.171
13288 	 -6.217
13296 	 -6.422
13298 	 -6.462
13304 	 -6.448
13306 	 -6.723
13312 	 -6.862
13314 	 -7.062
13318 	 -7.065
13320 	 -7.024
13322 	 -7.012
13326 	 -6.983
13328 	 -6.949
13338 	 -6.942
13344 	 -7.24
13346 	 -7.235
13350 	 -7.141
13352 	 -7.124
13368 	 -7.172
13374 	 -7.165
13408 	 -6.422
13424 	 -6.112
13426 	 -6.04
13430 	 -6.016
13438 	 -5.951
13444 	 -5.947
13448 	 -6.004
13454 	 -5.862
13456 	 -5.87
13464 	 -5.814
13466 	 -5.954
13472 	 -5.944
13474 	 -6.004
13478 	 -5.997
13480 	 -5.848
13488 	 -5.948
13494 	 -5.855
13496 	 -5.864
13498 	 -5.843
13502 	 -5.814
13504 	 -5.786
13508 	 -5.78
13510 	 -5.761
13518 	 -5.748
13522 	 -5.803
13526 	 -5.916
13530 	 -5.943
13538 	 -5.986
13544 	 -6.153
13548 	 -6.063
13558 	 -5.868
13562 	 -5.862
13568 	 -5.863
13574 	 -5.878
13576 	 -5.934
13578 	 -5.899
13580 	 -5.864
13586 	 -5.934
13614 	 -5.977
13616 	 -5.732
13622 	 -5.242
13634 	 -5.241
13638 	 -4.469
13646 	 -4.507
13648 	 -4.439
13650 	 -4.436
13652 	 -4.418
13660 	 -4.367
13662 	 -4.337
13668 	 -4.106
13678 	 -4.015
13680 	 -3.847
13682 	 -3.696
13684 	 -3.623
13688 	 -3.721
13700 	 -3.851
13706 	 -3.88
13708 	 -3.836
13726 	 -3.941
13732 	 -3.851
13736 	 -3.862
13748 	 -3.811
13760 	 -3.778
13766 	 -3.411
13770 	 -3.367
13778 	 -3.396
13780 	 -3.202
13788 	 -2.959
13792 	 -3.147
13802 	 -3.139
13804 	 -3.084
13808 	 -3.066
13812 	 -3.026
13816 	 -2.849
13824 	 -2.806
13832 	 -2.78
13850 	 -2.672
13854 	 -3.399
13860 	 -3.549
13862 	 -3.418
13864 	 -3.383
13866 	 -3.595
13872 	 -3.567
13874 	 -3.482
13876 	 -3.477
13878 	 -3.741
13884 	 -3.903
13888 	 -3.851
13890 	 -3.831
13922 	 -3.885
13936 	 -3.851
13938 	 -3.899
13942 	 -3.89
13944 	 -4.028
13956 	 -3.856
13960 	 -3.64
13964 	 -3.202
13966 	 -3.191
13988 	 -2.95
13994 	 -2.911
13998 	 -2.91
14008 	 -2.796
14015 	 -2.929
14020 	 -3.161
14022 	 -3.045
14024 	 -3.041
14026 	 -3.133
14030 	 -3.022
14032 	 -3.019
14040 	 -3.017
14050 	 -2.961
14054 	 -3.227
14056 	 -3.116
14058 	 -3.111
14060 	 -3.371
14062 	 -3.366
14064 	 -3.317
14066 	 -3.414
14074 	 -3.534
14082 	 -3.363
14086 	 -3.326
14088 	 -3.32
14092 	 -3.328
14094 	 -3.253
14096 	 -3.072
14100 	 -3.052
14102 	 -3.223
14108 	 -3.498
14114 	 -3.258
14118 	 -3.021
14122 	 -3.371
14126 	 -3.37
14146 	 -2.793
14154 	 -3.123
14164 	 -3.005
14166 	 -2.834
14174 	 -2.83
14178 	 -2.893
14184 	 -2.644
14186 	 -2.493
14192 	 -2.476
14194 	 -2.441
14200 	 -2.293
14202 	 -2.347
14204 	 -2.233
14206 	 -2.04
14228 	 -1.808
14236 	 -1.806
14238 	 -1.824
14240 	 -1.633
14248 	 -1.632
14252 	 -1.519
14256 	 -1.382
14260 	 -1.257
14270 	 -1.226
14294 	 -1.027
14300 	 -0.832
14302 	 -0.823
14306 	 -0.822
14330 	 -0.82
14354 	 -0.819
14356 	 -0.811
14364 	 -0.846
14370 	 -0.843
14378 	 -0.837
14382 	 -0.825
14386 	 -0.765
14388 	 -0.763
14412 	 -0.765
14424 	 -0.763
14434 	 -0.735
14444 	 -0.734
14446 	 -0.667
14448 	 -0.614
14466 	 -0.468
14484 	 -0.449
14494 	 -0.336
14512 	 -0.326
14538 	 -0.245
14586 	 -0.242
14616 	 -0.213
14670 	 -0.211
14702 	 -0.203
14708 	 -0.182
15000 	 -1.41
15024 	 -1.54
15050 	 -2.335
15078 	 -2.911
15112 	 -3.34
15158 	 -3.318
15162 	 -3.359
15164 	 -3.345
15174 	 -3.297
15186 	 -2.545
15196 	 -2.538
15216 	 -3.137
15220 	 -3.135
15232 	 -2.959
15238 	 -3.166
15262 	 -1.95
15268 	 -1.6
15282 	 -1.336
15298 	 -0.751
15310 	 -0.772
15336 	 -0.921
15338 	 -0.889
15346 	 -0.837
15352 	 -0.836
15356 	 -0.921
15374 	 -0.731
15400 	 -0.385
15422 	 -0.305
15456 	 -0.174
15470 	 -0.169
15486 	 -0.074
15558 	 -0.039
15568 	 -0.037
15656 	 -0.033
15660 	 -0.027
15784 	 -0.026
15864 	 -0.022
15872 	 -0.021
15904 	 -0.013
16152 	 -0.012
16386 	 -0.011
18000 	 -2.128
18020 	 -2.236
18042 	 -2.716
18064 	 -2.813
18088 	 -2.218
18120 	 -1.597
18154 	 -2.616
18180 	 -2.352
18190 	 -2.87
18234 	 -4.036
18252 	 -4.012
18262 	 -3.919
18270 	 -2.95
18278 	 -2.887
18286 	 -2.746
18296 	 -2.923
18316 	 -2.968
18328 	 -3.09
18336 	 -2.739
18342 	 -2.718
18348 	 -2.127
18360 	 -1.303
18368 	 -1.15
18384 	 -1.157
18402 	 -0.75
18420 	 -0.433
18426 	 -0.389
18434 	 -0.33
18448 	 -0.16
18472 	 -0.145
18552 	 -0.016
18864 	 -0.012
19002 	 0
21000 	 -1.44
21001 	 -1.44
