0 	 0
3000 	 -1.376
3024 	 -1.496
3050 	 -1.88
3062 	 -2.472
3078 	 -3.176
3112 	 -3.62
3158 	 -3.808
3164 	 -3.728
3186 	 -2.828
3198 	 -2.688
3216 	 -1.912
3232 	 -1.736
3238 	 -1.364
3262 	 -0.608
3296 	 -0.264
3400 	 -0.024
3636 	 -0.008
3904 	 0
6000 	 -2.478
6020 	 -2.638
6042 	 -3.286
6064 	 -3.582
6088 	 -3.11
6120 	 -2.686
6138 	 -2.872
6154 	 -3.312
6180 	 -3.048
6190 	 -3.516
6198 	 -3.5
6234 	 -3.9
6284 	 -4.203
6296 	 -4.179
6346 	 -4.159
6360 	 -2.871
6374 	 -2.271
6376 	 -1.719
6424 	 -1.319
6444 	 -0.761
6504 	 -0.637
6506 	 -0.613
6552 	 -0.501
6634 	 -0.359
6704 	 -0.331
6710 	 -0.307
6726 	 -0.295
6728 	 -0.267
6782 	 -0.263
6894 	 -0.165
6990 	 -0.145
6994 	 -0.125
7002 	 -0.093
7272 	 -0.089
7278 	 -0.085
7290 	 -0.073
7324 	 -0.025
9000 	 -1.433
9024 	 -1.537
9050 	 -2.497
9078 	 -3.177
9112 	 -3.761
9158 	 -3.713
9162 	 -3.797
9174 	 -3.705
9186 	 -2.857
9216 	 -3.589
9232 	 -3.413
9238 	 -3.801
9262 	 -1.973
9268 	 -1.305
9298 	 -0.417
9304 	 -0.413
9306 	 -0.409
9334 	 -0.277
9400 	 -0.025
9660 	 -0.009
9904 	 -0.001
12000 	 -2.54
12002 	 -2.421
12004 	 -2.701
12006 	 -3.167
12008 	 -4.406
12010 	 -5.345
12012 	 -5.986
12016 	 -6.246
12018 	 -6.292
12020 	 -6.741
12030 	 -6.809
12032 	 -6.775
12034 	 -6.827
12040 	 -7.031
12042 	 -7.507
12062 	 -7.699
12064 	 -7.775
12070 	 -8.149
12072 	 -8.196
12086 	 -8.461
12088 	 -7.849
12090 	 -7.896
12100 	 -7.827
12120 	 -7.282
12130 	 -7.199
12132 	 -7.473
12148 	 -7.808
12154 	 -8.976
12156 	 -9.005
12176 	 -8.948
12178 	 -9.64
12180 	 -9.359
12186 	 -9.423
12190 	 -9.739
12200 	 -9.621
12204 	 -9.584
12206 	 -9.574
12210 	 -9.538
12212 	 -10.582
12222 	 -10.475
12226 	 -11.119
12230 	 -11.472
12234 	 -12.82
12236 	 -12.44
12250 	 -12.434
12252 	 -11.682
12254 	 -11.48
12256 	 -11.472
12260 	 -11.137
12264 	 -11.477
12266 	 -11.367
12272 	 -11.366
12274 	 -10.114
12282 	 -10.021
12286 	 -9.81
12290 	 -9.538
12296 	 -9.778
12298 	 -9.837
12302 	 -9.82
12304 	 -9.59
12306 	 -9.553
12308 	 -9.538
12310 	 -9.213
12312 	 -9.466
12324 	 -8.804
12328 	 -8.905
12332 	 -8.937
12338 	 -8.685
12340 	 -8.666
12344 	 -7.953
12350 	 -7.949
12354 	 -7.656
12358 	 -7.421
12360 	 -6.469
12366 	 -6.39
12372 	 -6.189
12376 	 -6.159
12382 	 -6.151
12384 	 -6.135
12386 	 -6.017
12390 	 -6.141
12394 	 -5.791
12404 	 -5.519
12406 	 -5.593
12408 	 -5.518
12412 	 -5.347
12432 	 -5.345
12438 	 -4.802
12454 	 -4.88
12456 	 -4.47
12464 	 -4.408
12470 	 -4.407
12472 	 -4.466
12496 	 -4.438
12498 	 -4.255
12500 	 -4.248
12502 	 -4.229
12504 	 -4.233
12506 	 -4.25
12510 	 -4.114
12516 	 -4.064
12518 	 -4.489
12522 	 -4.479
12524 	 -4.537
12532 	 -4.426
12538 	 -4.679
12540 	 -4.695
12542 	 -4.629
12552 	 -4.509
12554 	 -4.642
12564 	 -4.636
12574 	 -5.391
12576 	 -5.371
12578 	 -5.324
12588 	 -5.168
12590 	 -5.113
12592 	 -4.968
12598 	 -4.949
12600 	 -4.945
12604 	 -4.94
12606 	 -4.876
12608 	 -5.086
12610 	 -4.834
12614 	 -4.784
12616 	 -4.99
12630 	 -4.969
12632 	 -4.987
12638 	 -4.876
12640 	 -4.865
12656 	 -5.018
12658 	 -4.997
12672 	 -4.896
12688 	 -4.903
12700 	 -4.876
12704 	 -4.748
12712 	 -4.776
12714 	 -4.719
12726 	 -4.776
12728 	 -4.88
12732 	 -4.874
12734 	 -4.95
12762 	 -5.074
12768 	 -5.174
12770 	 -5.374
12780 	 -5.862
12786 	 -5.782
12790 	 -6.368
12802 	 -6.576
12804 	 -6.688
12810 	 -6.722
12820 	 -6.737
12824 	 -6.867
12828 	 -6.892
12834 	 -6.969
12838 	 -6.692
12846 	 -7.126
12848 	 -7.261
12852 	 -7.052
12856 	 -7.075
12860 	 -7.523
12864 	 -7.517
12866 	 -7.525
12868 	 -7.502
12874 	 -7.456
12880 	 -7.608
12888 	 -7.817
12894 	 -7.484
12896 	 -7.386
12898 	 -7.379
12902 	 -7.415
12912 	 -7.473
12916 	 -7.154
12918 	 -7.009
12926 	 -6.738
12928 	 -6.626
12934 	 -6.712
12936 	 -6.514
12942 	 -6.443
12946 	 -6.36
12948 	 -6.361
12952 	 -6.277
12954 	 -6.356
12956 	 -6.405
12966 	 -6.556
12970 	 -6.551
12976 	 -6.778
12982 	 -6.043
12984 	 -6.3
12988 	 -6.294
12990 	 -6.283
12996 	 -6.295
13000 	 -6.23
13002 	 -6.221
13004 	 -6.218
13010 	 -6.343
13012 	 -6.325
13014 	 -6.313
13016 	 -6.425
13028 	 -6.346
13030 	 -6.862
13032 	 -6.723
13034 	 -6.703
13036 	 -6.924
13042 	 -6.892
13046 	 -6.638
13052 	 -6.745
13054 	 -6.57
13062 	 -6.538
13064 	 -6.299
13068 	 -6.246
13070 	 -6.23
13078 	 -6.111
13080 	 -6.105
13084 	 -6.082
13090 	 -6.146
13092 	 -6.183
13094 	 -6.307
13098 	 -5.907
13104 	 -6.177
13106 	 -6.17
13110 	 -6.108
13114 	 -6.144
13118 	 -6.187
13120 	 -6.196
13128 	 -6.176
13130 	 -5.997
13132 	 -6.005
13138 	 -5.982
13150 	 -6.047
13154 	 -5.684
13158 	 -5.87
13166 	 -6.411
13172 	 -6.232
13174 	 -6.104
13178 	 -6.111
13192 	 -6.139
13198 	 -6.225
13200 	 -6.297
13206 	 -6.338
13214 	 -6.307
13220 	 -6.47
13246 	 -6.328
13250 	 -5.963
13258 	 -5.961
13262 	 -6.031
13272 	 -6.056
13274 	 -6.04
13278 	 -5.896
13280 	 -5.894
13296 	 -6.04
13298 	 -6.019
13320 	 -6.12
13324 	 -6.153
13328 	 -6.191
13336 	 -6.256
13346 	 -6.251
13352 	 -6.234
13374 	 -5.453
13390 	 -5.445
13408 	 -5.189
13424 	 -4.832
13432 	 -4.827
13438 	 -4.852
13442 	 -4.934
13448 	 -4.945
13452 	 -5.018
13454 	 -4.973
13470 	 -4.962
13472 	 -4.824
13506 	 -4.72
13510 	 -4.858
13524 	 -5.027
13550 	 -5.03
13560 	 -5.006
13562 	 -5.049
13564 	 -5.086
13572 	 -5.236
13576 	 -5.411
13578 	 -4.991
13590 	 -5.041
13600 	 -5.048
13602 	 -5.026
13610 	 -5.066
13618 	 -5.018
13620 	 -5.14
13622 	 -5.182
13624 	 -5.169
13626 	 -5.163
13628 	 -5.267
13634 	 -5.266
13638 	 -4.916
13648 	 -4.869
13650 	 -4.861
13658 	 -4.739
13662 	 -4.923
13664 	 -4.876
13672 	 -4.637
13678 	 -4.663
13682 	 -4.643
13690 	 -4.638
13696 	 -4.456
13702 	 -4.432
13704 	 -4.422
13706 	 -4.415
13708 	 -4.007
13712 	 -3.989
13720 	 -3.987
13724 	 -3.998
13726 	 -3.853
13728 	 -3.946
13730 	 -3.641
13734 	 -3.562
13738 	 -3.534
13742 	 -3.506
13748 	 -3.373
13750 	 -3.317
13752 	 -3.229
13754 	 -3.112
13760 	 -3.096
13766 	 -3.035
13768 	 -2.909
13776 	 -2.938
13780 	 -2.748
13784 	 -2.772
13786 	 -2.634
13802 	 -2.536
13804 	 -2.45
13808 	 -2.609
13816 	 -2.547
13818 	 -2.516
13822 	 -2.472
13830 	 -2.471
13832 	 -2.522
13848 	 -2.521
13854 	 -2.514
13864 	 -2.479
13870 	 -2.437
13878 	 -2.521
13886 	 -2.512
13890 	 -2.503
13894 	 -2.409
13904 	 -2.312
13928 	 -2.122
13942 	 -2.113
13948 	 -2.466
13950 	 -2.584
13953 	 -2.837
13956 	 -2.835
13992 	 -2.656
13996 	 -2.525
14000 	 -2.543
14012 	 -2.612
14018 	 -2.915
14022 	 -2.716
14024 	 -2.711
14030 	 -2.692
14032 	 -2.539
14038 	 -2.776
14044 	 -2.608
14048 	 -2.5
14058 	 -2.6
14066 	 -2.536
14074 	 -2.388
14080 	 -2.38
14084 	 -1.824
14088 	 -1.822
14090 	 -1.73
14092 	 -2.496
14104 	 -2.469
14106 	 -2.327
14108 	 -2.267
14112 	 -2.693
14114 	 -2.685
14122 	 -2.676
14126 	 -2.623
14146 	 -2.581
14166 	 -2.999
14174 	 -2.742
14182 	 -2.906
14190 	 -2.98
14192 	 -2.999
14200 	 -2.989
14204 	 -2.526
14206 	 -2.521
14220 	 -2.524
14222 	 -2.626
14224 	 -2.192
14228 	 -2.276
14230 	 -2.199
14236 	 -2.197
14242 	 -2.198
14256 	 -2.324
14258 	 -1.909
14264 	 -2.113
14278 	 -1.618
14280 	 -1.613
14282 	 -1.607
14298 	 -1.606
14308 	 -1.486
14314 	 -1.166
14328 	 -1.161
14332 	 -1.15
14340 	 -1.151
14342 	 -0.884
14354 	 -0.824
14358 	 -0.687
14370 	 -0.619
14372 	 -0.6
14376 	 -0.587
14382 	 -0.512
14394 	 -0.48
14418 	 -0.442
14426 	 -0.386
14476 	 -0.385
14484 	 -0.307
14492 	 -0.267
14526 	 -0.264
14538 	 -0.248
14540 	 -0.239
14584 	 -0.238
14594 	 -0.237
14598 	 -0.231
14606 	 -0.211
14610 	 -0.204
14618 	 -0.184
14648 	 -0.183
14734 	 -0.18
15000 	 -1.405
15024 	 -1.525
15050 	 -2.197
15078 	 -2.638
15112 	 -2.875
15158 	 -2.797
15162 	 -2.838
15174 	 -2.79
15186 	 -2.178
15216 	 -2.392
15232 	 -2.216
15238 	 -2.346
15262 	 -1.468
15268 	 -1.296
15282 	 -1.032
15298 	 -0.686
15310 	 -0.706
15334 	 -0.705
15336 	 -0.855
15346 	 -0.803
15352 	 -0.802
15356 	 -0.887
15374 	 -0.692
15400 	 -0.384
15422 	 -0.305
15456 	 -0.172
15470 	 -0.168
15486 	 -0.074
15558 	 -0.042
15568 	 -0.04
15578 	 -0.037
15612 	 -0.036
15660 	 -0.03
15708 	 -0.024
15864 	 -0.023
15904 	 -0.015
16026 	 -0.014
16248 	 -0.013
16304 	 -0.011
18000 	 -2.128
18020 	 -2.227
18042 	 -2.675
18064 	 -2.729
18088 	 -2.111
18120 	 -1.491
18154 	 -2.168
18180 	 -1.904
18190 	 -2.225
18234 	 -2.958
18252 	 -2.942
18262 	 -2.849
18270 	 -2.203
18278 	 -2.161
18286 	 -2.067
18296 	 -2.256
18316 	 -2.286
18328 	 -2.408
18336 	 -2.174
18342 	 -2.17
18348 	 -1.776
18360 	 -1.201
18368 	 -1.048
18384 	 -1.055
18402 	 -0.724
18420 	 -0.407
18426 	 -0.363
18434 	 -0.304
18448 	 -0.134
18472 	 -0.119
18552 	 -0.012
18864 	 -0.008
19002 	 0
21000 	 -1.44
21001 	 -1.44
