0 	 0
3000 	 -1.376
3024 	 -1.496
3050 	 -1.88
3062 	 -2.472
3078 	 -3.176
3112 	 -3.62
3158 	 -3.808
3164 	 -3.728
3186 	 -2.828
3198 	 -2.688
3216 	 -1.912
3232 	 -1.736
3238 	 -1.364
3262 	 -0.608
3296 	 -0.264
3400 	 -0.024
3636 	 -0.008
3904 	 0
6000 	 -2.478
6020 	 -2.638
6042 	 -3.286
6064 	 -3.582
6088 	 -3.11
6120 	 -2.686
6138 	 -2.872
6154 	 -3.312
6180 	 -3.048
6190 	 -3.516
6198 	 -3.5
6234 	 -3.9
6284 	 -4.203
6296 	 -4.179
6346 	 -4.159
6360 	 -2.871
6374 	 -2.271
6376 	 -1.719
6424 	 -1.319
6444 	 -0.761
6504 	 -0.637
6506 	 -0.613
6552 	 -0.501
6634 	 -0.359
6704 	 -0.331
6710 	 -0.307
6726 	 -0.295
6728 	 -0.267
6782 	 -0.263
6894 	 -0.165
6990 	 -0.145
6994 	 -0.125
7002 	 -0.093
7272 	 -0.089
7278 	 -0.085
7290 	 -0.073
7324 	 -0.025
9000 	 -1.433
9024 	 -1.537
9050 	 -2.497
9078 	 -3.177
9112 	 -3.761
9158 	 -3.713
9162 	 -3.797
9174 	 -3.705
9186 	 -2.857
9216 	 -3.589
9232 	 -3.413
9238 	 -3.801
9262 	 -1.973
9268 	 -1.305
9298 	 -0.417
9304 	 -0.413
9306 	 -0.409
9334 	 -0.277
9400 	 -0.025
9660 	 -0.009
9904 	 -0.001
12000 	 -2.54
12002 	 -2.421
12004 	 -2.701
12006 	 -3.167
12008 	 -4.4
12010 	 -5.339
12012 	 -5.984
12016 	 -6.244
12018 	 -6.29
12020 	 -6.745
12030 	 -6.813
12032 	 -6.779
12034 	 -6.831
12040 	 -7.105
12042 	 -7.581
12062 	 -7.773
12064 	 -7.849
12070 	 -8.399
12072 	 -8.446
12088 	 -7.834
12090 	 -7.881
12100 	 -7.739
12114 	 -7.88
12120 	 -7.342
12130 	 -7.109
12148 	 -7.444
12154 	 -8.48
12156 	 -8.507
12176 	 -8.45
12178 	 -8.773
12180 	 -8.509
12184 	 -8.361
12190 	 -8.677
12192 	 -8.62
12200 	 -8.231
12210 	 -8.409
12212 	 -9.453
12222 	 -9.346
12226 	 -10.061
12230 	 -9.982
12234 	 -11.33
12236 	 -11.274
12242 	 -11.388
12248 	 -11.42
12250 	 -11.326
12252 	 -10.535
12254 	 -10.232
12256 	 -10.14
12260 	 -9.823
12264 	 -9.722
12266 	 -9.612
12274 	 -8.087
12276 	 -8.128
12282 	 -7.679
12286 	 -7.711
12290 	 -7.439
12294 	 -7.392
12296 	 -7.632
12300 	 -7.714
12302 	 -7.697
12304 	 -7.401
12306 	 -7.364
12308 	 -7.349
12310 	 -7.208
12320 	 -7.21
12324 	 -6.606
12328 	 -6.569
12330 	 -6.512
12332 	 -6.544
12338 	 -6.292
12344 	 -5.437
12358 	 -5.184
12360 	 -4.232
12376 	 -4.202
12382 	 -4.194
12384 	 -4.178
12386 	 -4.198
12402 	 -4.348
12404 	 -4.076
12412 	 -3.868
12432 	 -3.876
12438 	 -3.616
12454 	 -3.694
12456 	 -3.393
12470 	 -3.392
12498 	 -3.297
12510 	 -3.337
12522 	 -3.342
12532 	 -3.333
12542 	 -3.34
12550 	 -3.572
12552 	 -3.452
12558 	 -3.392
12574 	 -4.513
12590 	 -4.665
12592 	 -4.528
12598 	 -4.46
12606 	 -4.389
12608 	 -5.009
12610 	 -5.015
12630 	 -4.994
12632 	 -5.012
12638 	 -4.901
12640 	 -4.857
12654 	 -5.419
12656 	 -5.572
12658 	 -5.551
12672 	 -6.053
12688 	 -6.06
12690 	 -6.11
12698 	 -6.333
12706 	 -6.313
12708 	 -6.082
12720 	 -5.957
12732 	 -5.822
12740 	 -5.847
12744 	 -5.679
12768 	 -5.92
12770 	 -5.637
12788 	 -5.703
12790 	 -5.695
12794 	 -5.751
12802 	 -5.822
12804 	 -6.05
12814 	 -6.048
12826 	 -6.061
12828 	 -6.033
12840 	 -5.817
12856 	 -5.84
12858 	 -5.812
12862 	 -5.833
12864 	 -5.827
12868 	 -5.793
12870 	 -5.786
12876 	 -5.859
12878 	 -5.984
12888 	 -6.154
12896 	 -6.151
12898 	 -6.112
12900 	 -6.278
12902 	 -6.303
12910 	 -6.553
12916 	 -6.905
12922 	 -6.712
12924 	 -6.702
12926 	 -7.097
12934 	 -7.461
12936 	 -7.533
12942 	 -7.312
12946 	 -7.844
12966 	 -7.953
12982 	 -7.835
12984 	 -7.931
12990 	 -7.922
12994 	 -8.139
12996 	 -8.123
12998 	 -8.09
13000 	 -8.47
13002 	 -8.456
13004 	 -8.413
13012 	 -8.414
13014 	 -8.268
13016 	 -8.143
13022 	 -8.238
13026 	 -8.234
13028 	 -8.155
13030 	 -7.995
13036 	 -7.994
13038 	 -7.895
13040 	 -7.686
13042 	 -7.635
13044 	 -7.638
13046 	 -7.572
13058 	 -7.586
13062 	 -7.585
13064 	 -7.303
13066 	 -7.276
13068 	 -7.173
13080 	 -7.121
13082 	 -6.938
13088 	 -6.904
13090 	 -6.887
13098 	 -6.886
13100 	 -7.024
13102 	 -6.714
13104 	 -6.527
13110 	 -6.305
13112 	 -6.128
13114 	 -6.105
13120 	 -6.082
13122 	 -6.057
13124 	 -5.831
13126 	 -5.868
13128 	 -5.847
13130 	 -5.898
13136 	 -5.869
13138 	 -5.865
13140 	 -5.853
13142 	 -5.896
13144 	 -5.849
13146 	 -5.718
13152 	 -5.69
13158 	 -5.635
13160 	 -5.741
13162 	 -5.636
13164 	 -5.77
13168 	 -5.665
13172 	 -6.165
13182 	 -6.006
13184 	 -5.986
13186 	 -6.287
13192 	 -6.38
13196 	 -6.57
13198 	 -6.759
13204 	 -6.727
13210 	 -6.726
13222 	 -6.73
13250 	 -4.734
13258 	 -4.724
13270 	 -4.747
13282 	 -4.537
13288 	 -4.509
13298 	 -4.348
13306 	 -4.222
13308 	 -4.29
13310 	 -4.262
13312 	 -4.279
13316 	 -4.351
13322 	 -4.075
13324 	 -3.932
13328 	 -3.896
13336 	 -3.783
13344 	 -3.768
13346 	 -3.763
13350 	 -3.574
13352 	 -3.549
13372 	 -3.607
13374 	 -3.542
13380 	 -3.605
13388 	 -3.601
13400 	 -3.464
13404 	 -3.205
13424 	 -2.739
13432 	 -2.734
13440 	 -2.735
13450 	 -2.697
13454 	 -2.746
13458 	 -2.767
13462 	 -2.682
13466 	 -2.667
13468 	 -2.66
13480 	 -2.653
13500 	 -2.473
13508 	 -2.337
13520 	 -2.315
13528 	 -2.307
13530 	 -2.438
13538 	 -2.333
13540 	 -2.311
13548 	 -2.239
13554 	 -2.087
13564 	 -2.056
13582 	 -2.004
13584 	 -1.993
13620 	 -1.806
13634 	 -1.805
13638 	 -1.676
13648 	 -1.437
13650 	 -1.432
13654 	 -1.43
13668 	 -1.422
13678 	 -1.416
13688 	 -1.354
13692 	 -1.443
13710 	 -1.38
13732 	 -1.179
13760 	 -1.156
13780 	 -0.997
13788 	 -0.971
13790 	 -0.969
13854 	 -1.2
13864 	 -1.165
13868 	 -1.157
13870 	 -1.113
13876 	 -1.434
13880 	 -1.387
13942 	 -1.378
13956 	 -1.84
13976 	 -2.103
13984 	 -2.09
14020 	 -1.943
14042 	 -1.803
14050 	 -1.891
14054 	 -1.86
14058 	 -1.856
14060 	 -2.026
14064 	 -1.887
14078 	 -1.855
14092 	 -2.084
14094 	 -2.207
14100 	 -2.34
14108 	 -2.337
14112 	 -2.498
14146 	 -1.958
14160 	 -2
14162 	 -1.813
14170 	 -1.847
14174 	 -2.072
14180 	 -2.071
14184 	 -1.889
14186 	 -2.279
14198 	 -2.33
14212 	 -2.747
14216 	 -2.913
14220 	 -3.037
14222 	 -2.661
14230 	 -2.619
14236 	 -2.384
14244 	 -2.372
14246 	 -2.213
14250 	 -2.381
14252 	 -2.467
14262 	 -2.475
14268 	 -2.345
14274 	 -2.38
14278 	 -2.366
14292 	 -2.293
14298 	 -2.301
14300 	 -2.3
14304 	 -2.276
14308 	 -2.218
14312 	 -1.755
14318 	 -1.875
14320 	 -1.925
14322 	 -1.922
14326 	 -1.966
14332 	 -2.099
14336 	 -2.017
14340 	 -1.884
14350 	 -1.881
14366 	 -1.831
14372 	 -1.578
14388 	 -1.53
14390 	 -1.486
14414 	 -1.48
14416 	 -1.293
14422 	 -1.259
14434 	 -1.243
14436 	 -1.277
14452 	 -1.359
14456 	 -1.271
14458 	 -1.218
14478 	 -1.07
14490 	 -1.025
14496 	 -0.984
14502 	 -0.968
14508 	 -0.923
14516 	 -0.866
14526 	 -0.77
14544 	 -0.674
14564 	 -0.548
14570 	 -0.521
14580 	 -0.503
14600 	 -0.451
14636 	 -0.231
14738 	 -0.199
14744 	 -0.197
14804 	 -0.187
15000 	 -1.428
15024 	 -1.556
15050 	 -2.206
15078 	 -2.657
15112 	 -2.9
15142 	 -2.884
15158 	 -3.047
15162 	 -3.067
15164 	 -3.053
15174 	 -3.03
15186 	 -2.668
15216 	 -2.898
15232 	 -2.722
15238 	 -2.821
15262 	 -2.667
15266 	 -2.641
15268 	 -2.555
15276 	 -2.399
15282 	 -2.267
15298 	 -1.913
15308 	 -1.946
15310 	 -1.988
15334 	 -2.285
15336 	 -2.583
15344 	 -2.556
15346 	 -2.53
15352 	 -2.529
15354 	 -2.711
15356 	 -2.881
15374 	 -2.071
15400 	 -1.403
15422 	 -1.067
15456 	 -0.805
15460 	 -0.513
15470 	 -0.509
15486 	 -0.319
15492 	 -0.177
15558 	 -0.107
15568 	 -0.101
15574 	 -0.043
15660 	 -0.04
15662 	 -0.037
15864 	 -0.029
15904 	 -0.021
15916 	 -0.015
16092 	 -0.009
18000 	 -2.128
18020 	 -2.254
18042 	 -2.798
18064 	 -2.972
18088 	 -2.474
18120 	 -1.992
18154 	 -2.912
18180 	 -2.648
18190 	 -3.374
18234 	 -4.404
18252 	 -4.388
18262 	 -4.014
18270 	 -3.368
18278 	 -3.326
18286 	 -3.232
18296 	 -4.494
18316 	 -4.524
18328 	 -5.012
18336 	 -4.778
18342 	 -4.864
18348 	 -4.47
18360 	 -4.096
18368 	 -3.484
18384 	 -3.512
18402 	 -2.644
18420 	 -1.376
18426 	 -1.2
18434 	 -0.964
18448 	 -0.284
18472 	 -0.224
18552 	 -0.024
18864 	 -0.008
19002 	 0
21000 	 -1.44
21001 	 -1.44
