0 	 0
3000 	 -1.376
3024 	 -1.496
3050 	 -1.88
3062 	 -2.472
3078 	 -3.176
3112 	 -3.62
3158 	 -3.808
3164 	 -3.728
3186 	 -2.828
3198 	 -2.688
3216 	 -1.912
3232 	 -1.736
3238 	 -1.364
3262 	 -0.608
3296 	 -0.264
3400 	 -0.024
3636 	 -0.008
3904 	 0
6000 	 -2.478
6020 	 -2.638
6042 	 -3.286
6064 	 -3.582
6088 	 -3.11
6120 	 -2.686
6138 	 -2.872
6154 	 -3.312
6180 	 -3.048
6190 	 -3.516
6198 	 -3.5
6234 	 -3.9
6284 	 -4.203
6296 	 -4.179
6346 	 -4.159
6360 	 -2.871
6374 	 -2.271
6376 	 -1.719
6424 	 -1.319
6444 	 -0.761
6504 	 -0.637
6506 	 -0.613
6552 	 -0.501
6634 	 -0.359
6704 	 -0.331
6710 	 -0.307
6726 	 -0.295
6728 	 -0.267
6782 	 -0.263
6894 	 -0.165
6990 	 -0.145
6994 	 -0.125
7002 	 -0.093
7272 	 -0.089
7278 	 -0.085
7290 	 -0.073
7324 	 -0.025
9000 	 -1.433
9024 	 -1.537
9050 	 -2.497
9078 	 -3.177
9112 	 -3.761
9158 	 -3.713
9162 	 -3.797
9174 	 -3.705
9186 	 -2.857
9216 	 -3.589
9232 	 -3.413
9238 	 -3.801
9262 	 -1.973
9268 	 -1.305
9298 	 -0.417
9304 	 -0.413
9306 	 -0.409
9334 	 -0.277
9400 	 -0.025
9660 	 -0.009
9904 	 -0.001
12000 	 -2.54
12002 	 -2.421
12004 	 -2.661
12006 	 -3.127
12008 	 -3.949
12010 	 -4.888
12012 	 -5.318
12016 	 -5.578
12018 	 -5.624
12020 	 -5.966
12030 	 -6.034
12032 	 -6
12034 	 -6.059
12040 	 -6.235
12042 	 -6.711
12062 	 -6.929
12064 	 -7.005
12070 	 -7.364
12072 	 -7.411
12088 	 -6.799
12090 	 -6.894
12100 	 -6.798
12114 	 -6.939
12120 	 -6.23
12130 	 -5.991
12148 	 -6.326
12154 	 -7.362
12156 	 -7.442
12164 	 -7.727
12176 	 -7.922
12178 	 -8.198
12180 	 -7.934
12184 	 -7.786
12190 	 -8.102
12192 	 -8.045
12200 	 -7.87
12210 	 -7.912
12212 	 -8.956
12222 	 -8.849
12226 	 -9.474
12228 	 -9.629
12230 	 -9.48
12234 	 -10.828
12236 	 -10.805
12248 	 -11.097
12252 	 -10.342
12254 	 -10.14
12260 	 -9.999
12262 	 -9.827
12264 	 -9.762
12274 	 -8.51
12276 	 -8.64
12282 	 -8.343
12286 	 -8.462
12290 	 -8.324
12296 	 -8.564
12304 	 -8.185
12308 	 -8.17
12310 	 -8.356
12320 	 -8.358
12324 	 -7.754
12330 	 -7.831
12332 	 -7.717
12338 	 -7.465
12340 	 -7.28
12344 	 -6.484
12358 	 -6.202
12360 	 -5.032
12366 	 -5.048
12368 	 -5.047
12376 	 -5.017
12382 	 -4.852
12384 	 -4.903
12386 	 -4.875
12396 	 -4.885
12402 	 -4.638
12404 	 -4.366
12412 	 -4.158
12432 	 -3.916
12438 	 -3.75
12454 	 -3.828
12456 	 -3.553
12470 	 -3.552
12484 	 -3.524
12498 	 -3.429
12522 	 -3.434
12532 	 -3.425
12542 	 -3.359
12548 	 -3.352
12550 	 -3.654
12552 	 -3.534
12556 	 -3.519
12562 	 -3.548
12574 	 -4.717
12592 	 -4.785
12598 	 -4.766
12606 	 -4.717
12608 	 -4.927
12628 	 -4.904
12630 	 -4.883
12632 	 -4.901
12638 	 -4.79
12640 	 -4.733
12646 	 -4.604
12654 	 -4.823
12656 	 -4.976
12658 	 -4.955
12672 	 -4.925
12676 	 -5.262
12680 	 -5.525
12682 	 -5.508
12688 	 -5.515
12692 	 -5.525
12694 	 -5.554
12700 	 -5.982
12706 	 -6.176
12708 	 -6.166
12712 	 -6.43
12732 	 -6.424
12736 	 -6.563
12738 	 -6.104
12752 	 -6.05
12754 	 -6.065
12768 	 -5.728
12770 	 -5.957
12772 	 -6.111
12784 	 -5.933
12788 	 -5.924
12794 	 -5.972
12798 	 -5.992
12802 	 -5.567
12804 	 -5.647
12814 	 -5.645
12826 	 -5.986
12828 	 -5.951
12840 	 -5.991
12852 	 -6.039
12862 	 -6.144
12864 	 -6.138
12868 	 -6.197
12872 	 -6.583
12882 	 -6.621
12888 	 -6.793
12892 	 -6.786
12896 	 -6.783
12898 	 -6.746
12902 	 -6.771
12908 	 -6.841
12910 	 -6.932
12914 	 -6.947
12916 	 -6.873
12922 	 -6.933
12924 	 -7.153
12942 	 -6.952
12944 	 -7.024
12948 	 -7.217
12964 	 -7.479
12966 	 -7.588
12968 	 -7.599
12982 	 -8.154
12984 	 -8.66
12986 	 -8.671
12990 	 -8.665
12996 	 -8.649
12998 	 -8.732
13002 	 -8.718
13004 	 -8.675
13012 	 -8.657
13016 	 -8.546
13020 	 -8.615
13026 	 -8.64
13028 	 -8.561
13032 	 -9.896
13034 	 -9.617
13036 	 -9.616
13042 	 -9.576
13046 	 -9.788
13054 	 -9.578
13058 	 -9.448
13062 	 -9.447
13064 	 -9.207
13072 	 -9.445
13076 	 -9.572
13078 	 -9.568
13082 	 -9.698
13086 	 -9.571
13088 	 -9.412
13094 	 -9.485
13102 	 -9.563
13104 	 -8.94
13106 	 -8.709
13110 	 -8.495
13116 	 -8.235
13120 	 -8.212
13122 	 -8.109
13128 	 -8.142
13130 	 -8.01
13134 	 -8.128
13138 	 -8.239
13140 	 -8.115
13144 	 -8.189
13146 	 -8.098
13154 	 -8.029
13164 	 -7.923
13168 	 -7.921
13178 	 -7.978
13180 	 -8.041
13182 	 -7.786
13194 	 -8.035
13196 	 -7.873
13200 	 -7.844
13206 	 -7.919
13212 	 -7.914
13222 	 -8.08
13250 	 -5.281
13270 	 -5.37
13274 	 -5.119
13280 	 -5.104
13290 	 -5.032
13298 	 -5.102
13302 	 -5.18
13304 	 -5.206
13310 	 -5.131
13312 	 -4.95
13314 	 -5.017
13318 	 -4.981
13326 	 -4.96
13328 	 -4.926
13336 	 -4.846
13338 	 -4.577
13346 	 -4.572
13348 	 -4.244
13352 	 -3.776
13358 	 -3.718
13362 	 -3.629
13364 	 -3.593
13366 	 -3.597
13378 	 -3.404
13380 	 -3.359
13382 	 -3.262
13384 	 -3.184
13390 	 -3.167
13392 	 -3.102
13396 	 -3.039
13400 	 -3.014
13402 	 -2.953
13408 	 -2.862
13412 	 -2.846
13416 	 -2.676
13418 	 -2.717
13420 	 -2.716
13422 	 -2.705
13424 	 -2.239
13436 	 -2.221
13450 	 -2.328
13452 	 -2.298
13454 	 -2.441
13456 	 -2.421
13460 	 -2.409
13466 	 -2.334
13478 	 -2.313
13480 	 -2.308
13486 	 -2.373
13490 	 -2.353
13508 	 -2.352
13522 	 -2.272
13536 	 -2.024
13546 	 -2.071
13562 	 -2.062
13566 	 -2.013
13584 	 -2.004
13592 	 -1.808
13594 	 -1.801
13604 	 -1.732
13612 	 -1.702
13620 	 -1.692
13634 	 -1.642
13638 	 -1.322
13648 	 -1.252
13650 	 -1.247
13654 	 -1.245
13662 	 -1.23
13674 	 -1.229
13708 	 -1.183
13714 	 -1.173
13718 	 -1.21
13760 	 -1.19
13767 	 -1.349
13778 	 -1.319
13780 	 -1.16
13782 	 -1.154
13788 	 -1.149
13800 	 -1.137
13812 	 -1.127
13854 	 -1.455
13864 	 -1.42
13872 	 -1.483
13878 	 -1.482
13896 	 -1.958
13920 	 -1.955
13940 	 -1.916
13942 	 -1.907
13944 	 -1.906
13956 	 -1.85
13962 	 -1.89
13974 	 -1.79
13976 	 -1.789
13996 	 -1.614
13998 	 -1.507
14010 	 -1.418
14022 	 -1.417
14028 	 -1.416
14054 	 -1.407
14058 	 -1.402
14070 	 -1.499
14082 	 -1.455
14100 	 -1.752
14132 	 -1.751
14136 	 -1.749
14146 	 -3.382
14150 	 -2.898
14162 	 -2.737
14164 	 -2.77
14170 	 -2.774
14182 	 -2.765
14184 	 -2.77
14196 	 -2.769
14202 	 -2.645
14204 	 -3.284
14206 	 -3.296
14212 	 -3.273
14220 	 -3.588
14224 	 -3.311
14234 	 -2.866
14236 	 -2.863
14238 	 -2.757
14244 	 -2.708
14248 	 -2.707
14264 	 -2.8
14274 	 -2.672
14280 	 -2.575
14286 	 -2.663
14306 	 -2.641
14324 	 -1.02
14330 	 -1.268
14332 	 -1.18
14338 	 -1.179
14344 	 -1.165
14348 	 -0.81
14352 	 -0.714
14354 	 -0.742
14434 	 -0.635
14454 	 -0.671
14478 	 -0.665
14488 	 -0.653
14504 	 -0.638
14522 	 -0.519
14532 	 -0.428
14534 	 -0.416
14536 	 -0.399
14544 	 -0.27
14556 	 -0.254
14600 	 -0.196
14612 	 -0.139
14762 	 -0.131
14768 	 -0.13
15000 	 -1.4
15024 	 -1.531
15050 	 -2.185
15078 	 -2.633
15112 	 -2.851
15158 	 -2.798
15162 	 -2.839
15174 	 -2.791
15186 	 -2.174
15216 	 -2.389
15232 	 -2.213
15238 	 -2.343
15262 	 -1.465
15268 	 -1.293
15282 	 -1.029
15298 	 -0.682
15310 	 -0.702
15336 	 -0.852
15346 	 -0.8
15352 	 -0.799
15356 	 -0.884
15374 	 -0.689
15400 	 -0.381
15422 	 -0.302
15456 	 -0.169
15470 	 -0.164
15486 	 -0.07
15558 	 -0.038
15568 	 -0.035
15660 	 -0.029
15708 	 -0.023
15714 	 -0.022
15864 	 -0.021
15904 	 -0.013
16164 	 -0.01
16332 	 -0.009
16392 	 -0.008
18000 	 -2.128
18020 	 -2.227
18042 	 -2.675
18064 	 -2.729
18088 	 -2.111
18120 	 -1.491
18154 	 -2.168
18180 	 -1.904
18190 	 -2.225
18234 	 -2.958
18252 	 -2.942
18262 	 -2.849
18270 	 -2.203
18278 	 -2.161
18286 	 -2.067
18296 	 -2.256
18316 	 -2.286
18328 	 -2.408
18336 	 -2.174
18342 	 -2.17
18348 	 -1.776
18360 	 -1.201
18368 	 -1.048
18384 	 -1.055
18402 	 -0.724
18420 	 -0.407
18426 	 -0.363
18434 	 -0.304
18448 	 -0.134
18472 	 -0.119
18552 	 -0.012
18864 	 -0.008
19002 	 0
21000 	 -1.44
21001 	 -1.44
