0 	 0
3000 	 -1.376
3024 	 -1.496
3050 	 -1.88
3062 	 -2.472
3078 	 -3.176
3112 	 -3.62
3158 	 -3.808
3164 	 -3.728
3186 	 -2.828
3198 	 -2.688
3216 	 -1.912
3232 	 -1.736
3238 	 -1.364
3262 	 -0.608
3296 	 -0.264
3400 	 -0.024
3636 	 -0.008
3904 	 0
6000 	 -2.478
6020 	 -2.638
6042 	 -3.286
6064 	 -3.582
6088 	 -3.11
6120 	 -2.686
6138 	 -2.872
6154 	 -3.312
6180 	 -3.048
6190 	 -3.516
6198 	 -3.5
6234 	 -3.9
6284 	 -4.203
6296 	 -4.179
6346 	 -4.159
6360 	 -2.871
6374 	 -2.271
6376 	 -1.719
6424 	 -1.319
6444 	 -0.761
6504 	 -0.637
6506 	 -0.613
6552 	 -0.501
6634 	 -0.359
6704 	 -0.331
6710 	 -0.307
6726 	 -0.295
6728 	 -0.267
6782 	 -0.263
6894 	 -0.165
6990 	 -0.145
6994 	 -0.125
7002 	 -0.093
7272 	 -0.089
7278 	 -0.085
7290 	 -0.073
7324 	 -0.025
9000 	 -1.433
9024 	 -1.537
9050 	 -2.497
9078 	 -3.177
9112 	 -3.761
9158 	 -3.713
9162 	 -3.797
9174 	 -3.705
9186 	 -2.857
9216 	 -3.589
9232 	 -3.413
9238 	 -3.801
9262 	 -1.973
9268 	 -1.305
9298 	 -0.417
9304 	 -0.413
9306 	 -0.409
9334 	 -0.277
9400 	 -0.025
9660 	 -0.009
9904 	 -0.001
12000 	 -2.54
12002 	 -2.421
12004 	 -2.661
12006 	 -3.127
12008 	 -3.955
12010 	 -4.894
12012 	 -5.32
12016 	 -5.58
12018 	 -5.626
12020 	 -5.962
12030 	 -6.03
12032 	 -5.996
12034 	 -6.055
12040 	 -6.161
12042 	 -6.637
12062 	 -6.855
12064 	 -6.931
12070 	 -7.114
12072 	 -7.161
12086 	 -7.426
12088 	 -6.814
12090 	 -6.909
12100 	 -6.886
12120 	 -6.177
12130 	 -6.131
12132 	 -6.451
12148 	 -6.786
12154 	 -7.954
12156 	 -7.946
12164 	 -8.231
12176 	 -8.426
12178 	 -8.844
12180 	 -8.587
12186 	 -8.639
12190 	 -8.955
12200 	 -9.068
12206 	 -9.058
12212 	 -10.102
12222 	 -9.995
12226 	 -10.629
12228 	 -10.927
12230 	 -11.057
12234 	 -12.405
12236 	 -12.146
12252 	 -11.43
12254 	 -11.329
12256 	 -11.459
12260 	 -11.124
12262 	 -10.952
12264 	 -11.261
12270 	 -11.299
12272 	 -11.315
12274 	 -10.279
12282 	 -10.122
12286 	 -10.111
12290 	 -9.974
12296 	 -10.214
12302 	 -10.193
12304 	 -9.963
12306 	 -10.041
12308 	 -10.026
12310 	 -9.999
12312 	 -9.964
12324 	 -9.418
12328 	 -9.565
12332 	 -9.597
12338 	 -9.345
12340 	 -9.275
12344 	 -8.479
12350 	 -8.483
12352 	 -8.437
12354 	 -8.477
12358 	 -8.213
12360 	 -6.884
12366 	 -6.903
12368 	 -6.803
12372 	 -6.788
12376 	 -6.758
12378 	 -6.654
12382 	 -6.583
12384 	 -6.249
12386 	 -6.298
12392 	 -6.461
12394 	 -6.291
12402 	 -6.19
12404 	 -5.918
12406 	 -6.069
12410 	 -6.153
12412 	 -5.978
12432 	 -5.878
12438 	 -5.733
12454 	 -5.811
12456 	 -5.582
12464 	 -5.697
12470 	 -5.696
12484 	 -5.668
12488 	 -5.583
12494 	 -5.573
12496 	 -5.801
12498 	 -5.706
12500 	 -5.684
12510 	 -5.679
12516 	 -5.629
12522 	 -5.634
12532 	 -5.435
12538 	 -5.424
12542 	 -5.358
12548 	 -5.623
12552 	 -5.503
12564 	 -5.497
12568 	 -5.408
12574 	 -6.644
12576 	 -6.624
12578 	 -6.545
12580 	 -6.46
12588 	 -6.539
12590 	 -6.509
12592 	 -6.318
12598 	 -6.377
12606 	 -6.1
12608 	 -6.31
12614 	 -6.262
12620 	 -6.156
12630 	 -6.135
12632 	 -6.89
12636 	 -6.8
12638 	 -6.689
12640 	 -6.574
12642 	 -6.455
12644 	 -6.389
12652 	 -6.585
12656 	 -6.738
12658 	 -6.717
12666 	 -6.584
12672 	 -6.54
12676 	 -6.667
12688 	 -6.674
12698 	 -6.939
12700 	 -7.122
12708 	 -7.112
12712 	 -7.052
12714 	 -6.902
12718 	 -7.033
12722 	 -7.307
12724 	 -7.37
12726 	 -7.356
12730 	 -7.454
12732 	 -7.448
12750 	 -7.454
12768 	 -7.736
12770 	 -8.284
12776 	 -8.344
12786 	 -8.196
12788 	 -8.187
12790 	 -8.175
12794 	 -8.248
12802 	 -8.481
12804 	 -8.407
12808 	 -8.376
12810 	 -8.869
12816 	 -8.881
12822 	 -8.905
12824 	 -8.899
12826 	 -9.584
12828 	 -9.549
12834 	 -9.525
12844 	 -10.312
12864 	 -10.306
12866 	 -10.164
12868 	 -10.13
12874 	 -9.945
12876 	 -9.953
12886 	 -9.951
12888 	 -10.141
12894 	 -10.311
12896 	 -10.713
12900 	 -10.791
12902 	 -10.809
12908 	 -10.758
12912 	 -10.619
12916 	 -10.545
12920 	 -10.486
12924 	 -10.616
12928 	 -10.631
12936 	 -10.528
12942 	 -10.291
12946 	 -10.286
12948 	 -9.876
12950 	 -10.001
12952 	 -9.917
12956 	 -9.918
12960 	 -9.827
12964 	 -9.768
12966 	 -10.164
12980 	 -10.179
12982 	 -10.24
12984 	 -9.991
12990 	 -9.963
12996 	 -9.965
13002 	 -9.951
13004 	 -9.908
13006 	 -9.848
13008 	 -9.823
13012 	 -10.314
13016 	 -10.119
13022 	 -10.173
13024 	 -10.281
13028 	 -10.202
13036 	 -10.201
13042 	 -10.322
13046 	 -10.312
13050 	 -10.414
13056 	 -10.238
13060 	 -10.249
13062 	 -10.248
13064 	 -10.01
13076 	 -10.074
13080 	 -10.068
13084 	 -10.301
13090 	 -10.352
13092 	 -10.337
13096 	 -10.461
13100 	 -10.466
13104 	 -10.132
13108 	 -10.248
13110 	 -10.336
13116 	 -10.318
13120 	 -10.295
13128 	 -10.275
13132 	 -10.63
13136 	 -10.142
13156 	 -10.115
13158 	 -10.145
13162 	 -10.194
13170 	 -10.329
13172 	 -10.249
13174 	 -9.462
13180 	 -9.386
13184 	 -9.258
13214 	 -7.719
13218 	 -8.061
13230 	 -8.079
13246 	 -7.856
13250 	 -6.588
13262 	 -6.343
13280 	 -6.416
13288 	 -6.335
13294 	 -6.21
13298 	 -6.215
13310 	 -6.258
13316 	 -6.315
13326 	 -6.351
13328 	 -6.317
13330 	 -6.417
13346 	 -6.412
13352 	 -6.387
13374 	 -5.951
13392 	 -6.013
13394 	 -5.975
13406 	 -5.886
13408 	 -5.862
13414 	 -5.689
13424 	 -4.798
13426 	 -4.698
13432 	 -4.744
13444 	 -4.269
13446 	 -4.395
13448 	 -4.466
13450 	 -4.417
13452 	 -4.397
13470 	 -4.268
13474 	 -4.221
13482 	 -4.162
13502 	 -4.136
13508 	 -4.135
13536 	 -3.155
13546 	 -3.127
13548 	 -3.101
13560 	 -3.037
13562 	 -2.991
13566 	 -2.984
13580 	 -2.936
13582 	 -2.92
13586 	 -3.083
13598 	 -2.996
13602 	 -2.975
13606 	 -3.003
13608 	 -2.976
13610 	 -2.938
13620 	 -2.929
13630 	 -2.922
13634 	 -2.921
13638 	 -2.31
13648 	 -2.266
13650 	 -2.254
13664 	 -2.204
13670 	 -2.198
13678 	 -2.08
13680 	 -2.029
13688 	 -2.11
13692 	 -2.105
13704 	 -2.064
13712 	 -1.938
13714 	 -1.905
13726 	 -1.904
13728 	 -1.901
13730 	 -1.726
13748 	 -1.708
13750 	 -1.626
13760 	 -1.606
13774 	 -1.579
13776 	 -1.432
13780 	 -1.232
13794 	 -1.158
13806 	 -1.156
13822 	 -1.109
13832 	 -1.096
13836 	 -1.069
13846 	 -1.011
13848 	 -1.01
13854 	 -0.817
13864 	 -0.782
13872 	 -0.776
13876 	 -1.478
13902 	 -1.472
13940 	 -1.471
13942 	 -1.953
13968 	 -2.097
13970 	 -2.348
13978 	 -2.319
14022 	 -2.289
14026 	 -2.348
14038 	 -2.467
14042 	 -2.633
14044 	 -2.622
14058 	 -2.617
14084 	 -2.188
14086 	 -2.181
14104 	 -2.055
14114 	 -2.243
14146 	 -1.891
14174 	 -1.57
14186 	 -1.568
14198 	 -2.129
14200 	 -2.348
14204 	 -2.558
14206 	 -2.878
14212 	 -3.046
14218 	 -3.246
14224 	 -3.512
14228 	 -3.76
14230 	 -3.754
14236 	 -3.737
14238 	 -3.947
14250 	 -3.775
14278 	 -2.628
14284 	 -2.829
14288 	 -2.764
14298 	 -2.311
14302 	 -2.168
14316 	 -2.058
14322 	 -2.032
14328 	 -1.931
14332 	 -1.902
14340 	 -1.96
14344 	 -1.419
14352 	 -1.37
14364 	 -1.405
14376 	 -1.327
14382 	 -1.286
14400 	 -1.243
14406 	 -1.253
14418 	 -1.255
14426 	 -1.229
14434 	 -1.175
14450 	 -0.853
14452 	 -0.624
14474 	 -0.386
14484 	 -0.328
14488 	 -0.294
14532 	 -0.281
14534 	 -0.271
14564 	 -0.254
14586 	 -0.247
14590 	 -0.247
14614 	 -0.226
14648 	 -0.211
14688 	 -0.199
14702 	 -0.175
14708 	 -0.169
14724 	 -0.165
14726 	 -0.158
15000 	 -1.404
15024 	 -1.534
15050 	 -2.186
15078 	 -2.635
15112 	 -2.873
15158 	 -2.879
15162 	 -2.92
15174 	 -2.872
15186 	 -2.332
15216 	 -2.549
15232 	 -2.373
15238 	 -2.501
15262 	 -1.877
15268 	 -1.705
15282 	 -1.441
15298 	 -1.094
15308 	 -1.129
15334 	 -1.426
15346 	 -1.374
15352 	 -1.373
15354 	 -1.544
15372 	 -1.149
15400 	 -0.713
15422 	 -0.538
15458 	 -0.404
15460 	 -0.258
15470 	 -0.253
15488 	 -0.168
15492 	 -0.097
15566 	 -0.066
15568 	 -0.063
15574 	 -0.034
15660 	 -0.028
15664 	 -0.027
15890 	 -0.025
15894 	 -0.024
15904 	 -0.016
15916 	 -0.013
15936 	 -0.012
16056 	 -0.01
16230 	 -0.009
18000 	 -2.128
18020 	 -2.236
18042 	 -2.716
18064 	 -2.81
18088 	 -2.232
18120 	 -1.658
18154 	 -2.416
18180 	 -2.152
18190 	 -2.608
18234 	 -3.44
18252 	 -3.424
18262 	 -3.236
18270 	 -2.59
18278 	 -2.548
18286 	 -2.454
18296 	 -3.002
18316 	 -3.032
18328 	 -3.276
18336 	 -3.042
18342 	 -3.068
18348 	 -2.674
18360 	 -2.166
18368 	 -1.86
18384 	 -1.874
18402 	 -1.364
18420 	 -0.73
18426 	 -0.642
18434 	 -0.524
18448 	 -0.184
18472 	 -0.154
18552 	 -0.016
18864 	 -0.008
19002 	 0
21000 	 -1.44
21001 	 -1.44
