0 	 0
3000 	 -1.376
3024 	 -1.496
3050 	 -1.88
3062 	 -2.472
3078 	 -3.176
3112 	 -3.62
3158 	 -3.808
3164 	 -3.728
3186 	 -2.828
3198 	 -2.688
3216 	 -1.912
3232 	 -1.736
3238 	 -1.364
3262 	 -0.608
3296 	 -0.264
3400 	 -0.024
3636 	 -0.008
3904 	 0
6000 	 -2.478
6020 	 -2.638
6042 	 -3.286
6064 	 -3.582
6088 	 -3.11
6120 	 -2.686
6138 	 -2.872
6154 	 -3.312
6180 	 -3.048
6190 	 -3.516
6198 	 -3.5
6234 	 -3.9
6284 	 -4.203
6296 	 -4.179
6346 	 -4.159
6360 	 -2.871
6374 	 -2.271
6376 	 -1.719
6424 	 -1.319
6444 	 -0.761
6504 	 -0.637
6506 	 -0.613
6552 	 -0.501
6634 	 -0.359
6704 	 -0.331
6710 	 -0.307
6726 	 -0.295
6728 	 -0.267
6782 	 -0.263
6894 	 -0.165
6990 	 -0.145
6994 	 -0.125
7002 	 -0.093
7272 	 -0.089
7278 	 -0.085
7290 	 -0.073
7324 	 -0.025
9000 	 -1.433
9024 	 -1.537
9050 	 -2.497
9078 	 -3.177
9112 	 -3.761
9158 	 -3.713
9162 	 -3.797
9174 	 -3.705
9186 	 -2.857
9216 	 -3.589
9232 	 -3.413
9238 	 -3.801
9262 	 -1.973
9268 	 -1.305
9298 	 -0.417
9304 	 -0.413
9306 	 -0.409
9334 	 -0.277
9400 	 -0.025
9660 	 -0.009
9904 	 -0.001
12000 	 -2.554
12002 	 -2.49
12004 	 -3.212
12006 	 -3.889
12008 	 -5.655
12010 	 -6.162
12012 	 -7.007
12016 	 -7.135
12020 	 -7.688
12030 	 -7.756
12032 	 -7.564
12040 	 -7.757
12042 	 -8.233
12048 	 -8.03
12064 	 -8.13
12070 	 -8.284
12072 	 -8.326
12086 	 -8.551
12088 	 -7.939
12100 	 -7.997
12102 	 -7.896
12108 	 -7.945
12120 	 -7.417
12130 	 -7.17
12132 	 -7.506
12148 	 -7.821
12152 	 -7.958
12154 	 -8.994
12160 	 -9.352
12162 	 -9.325
12178 	 -9.794
12180 	 -9.452
12182 	 -9.86
12186 	 -9.909
12188 	 -10.037
12190 	 -10.353
12198 	 -10.303
12200 	 -10.473
12204 	 -10.463
12206 	 -10.584
12212 	 -11.628
12226 	 -12.518
12230 	 -12.846
12234 	 -14.194
12236 	 -13.939
12246 	 -14.307
12252 	 -13.591
12254 	 -13.389
12256 	 -13.382
12260 	 -13.065
12262 	 -13.432
12266 	 -13.858
12272 	 -13.857
12274 	 -12.605
12276 	 -12.485
12278 	 -12.547
12282 	 -12.361
12286 	 -12.651
12290 	 -12.379
12296 	 -12.476
12300 	 -12.62
12304 	 -12.576
12306 	 -12.443
12310 	 -12.614
12314 	 -12.337
12324 	 -11.733
12328 	 -11.887
12332 	 -11.919
12334 	 -11.727
12338 	 -11.475
12344 	 -10.648
12350 	 -10.639
12352 	 -10.764
12354 	 -10.629
12358 	 -10.004
12360 	 -8.88
12366 	 -8.905
12368 	 -8.808
12376 	 -8.707
12380 	 -8.58
12382 	 -8.572
12384 	 -8.105
12386 	 -8.051
12392 	 -8.021
12398 	 -8.058
12400 	 -7.784
12404 	 -7.547
12410 	 -7.528
12412 	 -7.215
12416 	 -7.282
12418 	 -7.375
12420 	 -7.28
12426 	 -7.256
12430 	 -7.189
12438 	 -6.468
12448 	 -6.361
12456 	 -6.395
12464 	 -6.346
12466 	 -6.25
12470 	 -6.249
12476 	 -6.433
12480 	 -6.267
12488 	 -6.251
12492 	 -6.17
12498 	 -6.374
12502 	 -6.355
12508 	 -6.318
12516 	 -6.194
12526 	 -6.176
12532 	 -6.166
12536 	 -6.206
12550 	 -6.709
12552 	 -6.589
12554 	 -6.603
12558 	 -6.534
12562 	 -6.637
12570 	 -6.776
12574 	 -8.083
12576 	 -8.079
12578 	 -8.032
12582 	 -8.004
12590 	 -7.974
12592 	 -7.638
12598 	 -7.619
12602 	 -7.602
12604 	 -7.587
12606 	 -7.516
12610 	 -7.407
12614 	 -7.223
12616 	 -7.202
12618 	 -7.32
12624 	 -7.307
12630 	 -7.132
12632 	 -7.15
12638 	 -7.033
12640 	 -7.011
12650 	 -6.925
12656 	 -7.098
12662 	 -6.944
12664 	 -7.084
12672 	 -7.054
12688 	 -7.061
12692 	 -7.174
12712 	 -5.831
12716 	 -5.898
12724 	 -5.86
12728 	 -5.794
12730 	 -5.808
12732 	 -5.802
12734 	 -5.714
12736 	 -5.898
12742 	 -5.894
12748 	 -5.877
12762 	 -5.819
12764 	 -5.737
12768 	 -5.791
12770 	 -5.803
12776 	 -5.793
12780 	 -5.76
12784 	 -5.757
12788 	 -5.684
12794 	 -5.69
12802 	 -5.726
12804 	 -6.17
12812 	 -6.563
12816 	 -6.599
12820 	 -6.722
12822 	 -7.113
12828 	 -7.078
12840 	 -7.265
12856 	 -7.207
12858 	 -7.319
12868 	 -7.285
12870 	 -7.142
12872 	 -7.173
12874 	 -6.538
12878 	 -6.717
12880 	 -6.802
12886 	 -6.801
12890 	 -6.712
12894 	 -6.641
12896 	 -6.638
12898 	 -6.743
12902 	 -6.751
12908 	 -6.782
12910 	 -6.568
12916 	 -6.494
12924 	 -6.315
12926 	 -6.404
12928 	 -5.995
12936 	 -6.014
12942 	 -5.89
12950 	 -5.781
12952 	 -5.838
12958 	 -5.841
12964 	 -5.722
12966 	 -5.917
12970 	 -5.912
12978 	 -5.85
12982 	 -5.612
12984 	 -5.42
12986 	 -5.452
12990 	 -5.419
12992 	 -5.283
12996 	 -5.282
13002 	 -5.268
13008 	 -5.212
13010 	 -5.227
13012 	 -5.209
13018 	 -5.428
13020 	 -5.346
13024 	 -5.341
13026 	 -5.285
13036 	 -5.284
13042 	 -5.277
13048 	 -5.818
13052 	 -5.586
13058 	 -5.503
13060 	 -5.58
13068 	 -5.661
13070 	 -5.844
13076 	 -5.713
13080 	 -5.707
13088 	 -5.811
13092 	 -5.801
13094 	 -5.776
13096 	 -5.639
13100 	 -5.525
13104 	 -5.605
13112 	 -5.627
13114 	 -5.599
13116 	 -5.326
13126 	 -5.253
13128 	 -5.277
13132 	 -5.284
13150 	 -5.155
13152 	 -5.179
13156 	 -5.005
13168 	 -4.804
13172 	 -4.774
13174 	 -4.763
13176 	 -4.758
13182 	 -4.757
13192 	 -3.692
13198 	 -3.835
13202 	 -3.817
13210 	 -3.851
13214 	 -4.048
13216 	 -3.945
13220 	 -3.936
13222 	 -3.893
13234 	 -3.891
13248 	 -3.976
13250 	 -2.869
13256 	 -2.981
13258 	 -2.979
13262 	 -2.917
13284 	 -3.099
13294 	 -3.193
13298 	 -3.165
13302 	 -3.18
13306 	 -3.196
13320 	 -3.16
13324 	 -3.148
13326 	 -3.385
13328 	 -3.351
13334 	 -3.343
13336 	 -3.328
13342 	 -3.358
13346 	 -3.353
13352 	 -3.328
13358 	 -3.482
13362 	 -3.545
13368 	 -3.54
13390 	 -3.573
13404 	 -3.423
13412 	 -3.254
13424 	 -3.353
13428 	 -3.237
13436 	 -3.119
13442 	 -3.109
13452 	 -3.078
13454 	 -3.077
13456 	 -3.295
13462 	 -3.264
13474 	 -3.251
13478 	 -3.165
13480 	 -3.121
13484 	 -3.232
13490 	 -3.195
13496 	 -3.168
13500 	 -2.808
13510 	 -2.786
13514 	 -2.784
13518 	 -2.745
13520 	 -2.831
13540 	 -2.817
13548 	 -2.816
13552 	 -2.816
13554 	 -2.766
13562 	 -2.755
13564 	 -2.828
13568 	 -2.817
13578 	 -2.713
13582 	 -2.708
13584 	 -2.757
13586 	 -2.767
13594 	 -2.804
13620 	 -2.827
13622 	 -2.959
13624 	 -2.917
13632 	 -2.915
13634 	 -2.914
13638 	 -2.794
13640 	 -2.67
13642 	 -2.649
13648 	 -2.594
13650 	 -2.589
13652 	 -2.587
13660 	 -2.688
13662 	 -2.652
13670 	 -2.732
13672 	 -2.696
13698 	 -2.667
13702 	 -2.544
13710 	 -2.542
13722 	 -2.665
13726 	 -2.575
13728 	 -2.6
13730 	 -2.619
13734 	 -2.611
13758 	 -2.601
13760 	 -2.783
13762 	 -2.93
13772 	 -2.98
13780 	 -2.821
13788 	 -2.856
13802 	 -2.72
13806 	 -2.765
13808 	 -2.762
13812 	 -2.757
13828 	 -2.68
13836 	 -2.552
13852 	 -2.498
13854 	 -2.38
13864 	 -2.345
13872 	 -2.295
13876 	 -2.293
13884 	 -2.154
13886 	 -2.126
13892 	 -2.083
13902 	 -2.048
13906 	 -2.01
13940 	 -2.062
13942 	 -2.053
13944 	 -2.158
13950 	 -2.257
13954 	 -2.225
13964 	 -2.215
13972 	 -2.213
13980 	 -2.208
13984 	 -2.141
13990 	 -2.061
14010 	 -1.972
14022 	 -1.961
14026 	 -1.761
14028 	 -1.729
14034 	 -1.59
14038 	 -1.572
14042 	 -1.514
14044 	 -1.496
14050 	 -1.413
14058 	 -1.408
14064 	 -1.39
14070 	 -1.28
14074 	 -1.279
14076 	 -1.113
14088 	 -0.985
14098 	 -1.021
14108 	 -1.002
14114 	 -0.978
14132 	 -0.899
14136 	 -0.883
14146 	 -0.773
14156 	 -0.763
14170 	 -0.84
14174 	 -0.835
14176 	 -0.833
14210 	 -0.645
14228 	 -0.654
14236 	 -0.617
14244 	 -0.581
14248 	 -0.58
14256 	 -0.579
14262 	 -0.386
14272 	 -0.359
14280 	 -0.332
14286 	 -0.278
14306 	 -0.259
14312 	 -0.258
14328 	 -0.236
14332 	 -0.232
14346 	 -0.2
14352 	 -0.191
14354 	 -0.179
14402 	 -0.174
14484 	 -0.165
14516 	 -0.145
14618 	 -0.14
15000 	 -1.403
15024 	 -1.554
15050 	 -2.316
15078 	 -2.901
15112 	 -3.342
15158 	 -3.372
15162 	 -3.433
15174 	 -3.362
15186 	 -2.733
15216 	 -3.267
15232 	 -3.091
15238 	 -3.319
15262 	 -2.325
15268 	 -2.064
15282 	 -1.668
15298 	 -1.149
15310 	 -1.19
15336 	 -1.488
15346 	 -1.41
15352 	 -1.409
15356 	 -1.579
15374 	 -1.199
15400 	 -0.726
15422 	 -0.566
15456 	 -0.304
15470 	 -0.299
15486 	 -0.109
15558 	 -0.039
15568 	 -0.036
15660 	 -0.027
15666 	 -0.026
15716 	 -0.025
15864 	 -0.017
15904 	 -0.009
16452 	 -0.008
18000 	 -2.128
18020 	 -2.245
18042 	 -2.757
18064 	 -2.894
18088 	 -2.339
18120 	 -1.764
18154 	 -2.864
18180 	 -2.6
18190 	 -3.253
18234 	 -4.518
18252 	 -4.494
18262 	 -4.308
18270 	 -3.339
18278 	 -3.276
18286 	 -3.135
18296 	 -3.669
18316 	 -3.714
18328 	 -3.958
18336 	 -3.607
18342 	 -3.616
18348 	 -3.025
18360 	 -2.268
18368 	 -1.962
18384 	 -1.976
18402 	 -1.39
18420 	 -0.756
18426 	 -0.668
18434 	 -0.55
18448 	 -0.21
18472 	 -0.18
18552 	 -0.02
18864 	 -0.012
19002 	 0
21000 	 -1.44
21001 	 -1.44
