0 	 0
3000 	 -1.376
3024 	 -1.496
3050 	 -1.88
3062 	 -2.472
3078 	 -3.176
3112 	 -3.62
3158 	 -3.808
3164 	 -3.728
3186 	 -2.828
3198 	 -2.688
3216 	 -1.912
3232 	 -1.736
3238 	 -1.364
3262 	 -0.608
3296 	 -0.264
3400 	 -0.024
3636 	 -0.008
3904 	 0
6000 	 -2.478
6020 	 -2.638
6042 	 -3.286
6064 	 -3.582
6088 	 -3.11
6120 	 -2.686
6138 	 -2.872
6154 	 -3.312
6180 	 -3.048
6190 	 -3.516
6198 	 -3.5
6234 	 -3.9
6284 	 -4.203
6296 	 -4.179
6346 	 -4.159
6360 	 -2.871
6374 	 -2.271
6376 	 -1.719
6424 	 -1.319
6444 	 -0.761
6504 	 -0.637
6506 	 -0.613
6552 	 -0.501
6634 	 -0.359
6704 	 -0.331
6710 	 -0.307
6726 	 -0.295
6728 	 -0.267
6782 	 -0.263
6894 	 -0.165
6990 	 -0.145
6994 	 -0.125
7002 	 -0.093
7272 	 -0.089
7278 	 -0.085
7290 	 -0.073
7324 	 -0.025
9000 	 -1.433
9024 	 -1.537
9050 	 -2.497
9078 	 -3.177
9112 	 -3.761
9158 	 -3.713
9162 	 -3.797
9174 	 -3.705
9186 	 -2.857
9216 	 -3.589
9232 	 -3.413
9238 	 -3.801
9262 	 -1.973
9268 	 -1.305
9298 	 -0.417
9304 	 -0.413
9306 	 -0.409
9334 	 -0.277
9400 	 -0.025
9660 	 -0.009
9904 	 -0.001
12000 	 -2.554
12002 	 -2.49
12004 	 -3.212
12006 	 -3.889
12008 	 -5.655
12010 	 -6.162
12012 	 -7.007
12016 	 -7.135
12020 	 -7.688
12030 	 -7.756
12032 	 -7.564
12040 	 -7.757
12042 	 -8.233
12048 	 -8.03
12064 	 -8.13
12070 	 -8.283
12072 	 -8.325
12086 	 -8.55
12088 	 -7.938
12100 	 -7.99
12102 	 -7.889
12108 	 -7.938
12120 	 -7.41
12130 	 -7.323
12132 	 -7.659
12148 	 -7.974
12152 	 -8.111
12154 	 -9.147
12162 	 -9.12
12178 	 -9.663
12180 	 -9.321
12182 	 -9.729
12186 	 -9.83
12188 	 -9.958
12190 	 -10.274
12198 	 -10.246
12200 	 -10.365
12204 	 -10.355
12206 	 -10.466
12212 	 -11.51
12226 	 -12.4
12230 	 -12.773
12234 	 -14.121
12236 	 -13.912
12252 	 -13.196
12254 	 -12.994
12256 	 -13.11
12260 	 -12.793
12262 	 -13.208
12264 	 -13.406
12266 	 -13.812
12270 	 -13.906
12272 	 -13.905
12274 	 -12.653
12282 	 -12.538
12286 	 -12.646
12288 	 -12.736
12290 	 -12.464
12296 	 -12.561
12300 	 -12.768
12304 	 -12.538
12306 	 -12.405
12312 	 -12.37
12318 	 -12.361
12324 	 -11.85
12328 	 -11.878
12332 	 -11.91
12334 	 -11.791
12338 	 -11.539
12344 	 -10.712
12350 	 -10.716
12354 	 -10.487
12356 	 -10.293
12358 	 -9.726
12360 	 -8.774
12364 	 -8.754
12372 	 -8.739
12378 	 -8.27
12380 	 -8.14
12382 	 -8.073
12384 	 -7.982
12386 	 -7.956
12392 	 -7.987
12394 	 -7.837
12400 	 -7.563
12404 	 -7.291
12410 	 -7.357
12412 	 -7.046
12420 	 -6.951
12426 	 -6.927
12430 	 -6.86
12438 	 -6.415
12448 	 -6.308
12454 	 -6.26
12456 	 -6.324
12464 	 -6.275
12466 	 -6.179
12470 	 -6.178
12476 	 -6.355
12480 	 -6.189
12488 	 -6.173
12492 	 -6.145
12496 	 -6.385
12502 	 -6.366
12504 	 -6.322
12508 	 -6.313
12510 	 -6.296
12516 	 -6.172
12522 	 -6.12
12530 	 -6.109
12532 	 -6.099
12536 	 -6.156
12542 	 -6.626
12552 	 -6.506
12562 	 -6.726
12564 	 -6.72
12570 	 -6.841
12574 	 -8.341
12576 	 -8.321
12578 	 -8.141
12590 	 -8.133
12592 	 -7.954
12594 	 -7.882
12598 	 -7.863
12602 	 -8.022
12604 	 -8.007
12606 	 -7.986
12610 	 -7.419
12614 	 -7.422
12618 	 -7.287
12622 	 -7.283
12626 	 -7.168
12632 	 -7.186
12638 	 -7.046
12640 	 -7.093
12654 	 -7.184
12656 	 -7.028
12658 	 -7.014
12666 	 -7.135
12672 	 -7.302
12680 	 -7.334
12688 	 -7.341
12712 	 -6.261
12714 	 -6.222
12718 	 -6.221
12732 	 -6.215
12734 	 -6.188
12736 	 -6.263
12738 	 -6.206
12742 	 -6.202
12748 	 -6.185
12758 	 -6.145
12768 	 -6.198
12770 	 -6.138
12778 	 -6.153
12780 	 -6.098
12790 	 -6.16
12794 	 -6.166
12796 	 -6.114
12802 	 -6.342
12812 	 -6.748
12816 	 -7.7
12822 	 -8.093
12828 	 -7.984
12838 	 -8.478
12840 	 -8.652
12850 	 -8.772
12856 	 -8.714
12864 	 -8.766
12868 	 -8.755
12870 	 -8.612
12874 	 -7.003
12878 	 -7.194
12888 	 -7.218
12890 	 -7.104
12892 	 -7.664
12894 	 -7.656
12896 	 -8.181
12900 	 -8.189
12908 	 -8.178
12910 	 -8.477
12916 	 -8.175
12918 	 -8.338
12922 	 -8.718
12924 	 -8.628
12930 	 -8.503
12934 	 -8.481
12936 	 -8.418
12938 	 -8.504
12942 	 -8.38
12946 	 -8.03
12948 	 -7.93
12950 	 -7.96
12964 	 -7.182
12966 	 -7.354
12968 	 -7.577
12970 	 -7.572
12978 	 -7.74
12980 	 -7.641
12982 	 -7.45
12984 	 -6.474
12990 	 -6.468
12992 	 -6.447
12996 	 -6.445
12998 	 -6.479
13002 	 -6.476
13004 	 -6.535
13008 	 -6.598
13010 	 -6.732
13012 	 -6.714
13016 	 -6.548
13022 	 -6.595
13026 	 -6.616
13036 	 -6.615
13038 	 -6.675
13040 	 -6.897
13042 	 -6.857
13050 	 -6.971
13052 	 -7.457
13054 	 -7.19
13058 	 -7.41
13070 	 -7.391
13076 	 -7.579
13080 	 -7.485
13084 	 -7.57
13086 	 -7.529
13088 	 -7.628
13092 	 -7.505
13094 	 -7.503
13096 	 -7.366
13102 	 -7.261
13104 	 -7.353
13110 	 -7.384
13112 	 -7.348
13114 	 -7.32
13116 	 -7.502
13120 	 -7.482
13124 	 -7.475
13128 	 -7.264
13130 	 -7.629
13138 	 -7.696
13140 	 -7.672
13142 	 -7.691
13144 	 -7.518
13150 	 -7.452
13154 	 -7.78
13156 	 -7.607
13158 	 -7.647
13164 	 -7.636
13166 	 -7.648
13168 	 -7.578
13174 	 -7.567
13178 	 -8.036
13186 	 -8.013
13192 	 -7.015
13200 	 -7.06
13202 	 -7.123
13208 	 -7.094
13214 	 -7.318
13220 	 -7.309
13224 	 -7.205
13234 	 -7.094
13240 	 -7.056
13242 	 -6.981
13248 	 -7.034
13250 	 -4.928
13258 	 -5.04
13264 	 -5.084
13268 	 -5.136
13270 	 -5.228
13284 	 -5.428
13286 	 -5.458
13288 	 -5.517
13294 	 -5.541
13298 	 -5.507
13304 	 -5.466
13306 	 -5.307
13308 	 -5.409
13312 	 -5.398
13328 	 -5.364
13334 	 -5.416
13338 	 -5.469
13340 	 -5.493
13342 	 -5.488
13346 	 -5.483
13352 	 -5.475
13368 	 -5.596
13374 	 -4.832
13396 	 -4.867
13408 	 -4.697
13410 	 -4.831
13412 	 -4.789
13418 	 -4.818
13424 	 -4.493
13426 	 -4.351
13430 	 -4.228
13432 	 -4.304
13434 	 -4.466
13446 	 -4.578
13450 	 -4.731
13452 	 -4.702
13454 	 -4.639
13456 	 -4.667
13458 	 -4.539
13462 	 -4.492
13470 	 -4.524
13472 	 -4.598
13474 	 -4.596
13480 	 -4.568
13482 	 -4.564
13490 	 -4.489
13492 	 -4.456
13494 	 -4.498
13500 	 -4.489
13508 	 -4.409
13514 	 -4.17
13528 	 -4.168
13532 	 -4.033
13534 	 -3.995
13542 	 -4.142
13544 	 -3.956
13548 	 -3.815
13552 	 -3.685
13560 	 -3.671
13566 	 -3.614
13570 	 -3.627
13574 	 -3.617
13576 	 -3.639
13580 	 -3.63
13584 	 -3.459
13594 	 -3.52
13598 	 -3.315
13602 	 -3.12
13606 	 -3.108
13612 	 -3.106
13616 	 -3.102
13618 	 -3.075
13620 	 -3.043
13626 	 -3.03
13634 	 -3.029
13638 	 -2.748
13640 	 -2.734
13648 	 -2.69
13650 	 -2.688
13656 	 -2.761
13658 	 -2.757
13662 	 -2.757
13664 	 -2.622
13670 	 -2.61
13684 	 -2.577
13686 	 -2.674
13692 	 -2.738
13714 	 -2.558
13726 	 -2.557
13730 	 -2.606
13734 	 -2.57
13746 	 -2.2
13760 	 -2.173
13762 	 -2.111
13768 	 -2.308
13770 	 -2.479
13774 	 -2.473
13780 	 -2.314
13782 	 -2.274
13784 	 -2.227
13794 	 -2.213
13808 	 -2.006
13812 	 -1.94
13822 	 -1.917
13826 	 -1.892
13842 	 -1.815
13848 	 -1.814
13854 	 -2.297
13858 	 -2.233
13864 	 -2.198
13866 	 -2.313
13870 	 -2.302
13872 	 -2.297
13876 	 -2.491
13882 	 -2.335
13884 	 -2.463
13890 	 -2.458
13900 	 -2.441
13906 	 -2.418
13912 	 -2.386
13918 	 -2.425
13928 	 -2.394
13938 	 -2.384
13940 	 -2.536
13942 	 -2.527
13948 	 -2.349
13950 	 -2.388
13960 	 -2.235
13984 	 -2.322
13988 	 -1.889
13996 	 -1.862
14008 	 -1.763
14010 	 -1.672
14020 	 -1.671
14026 	 -1.669
14032 	 -1.661
14038 	 -1.66
14042 	 -1.646
14044 	 -1.547
14046 	 -1.733
14052 	 -1.68
14054 	 -1.666
14056 	 -2.048
14058 	 -2.043
14064 	 -2.034
14066 	 -2.058
14068 	 -2.021
14074 	 -2.02
14076 	 -2.019
14080 	 -2.007
14096 	 -2.228
14104 	 -2.221
14110 	 -2.219
14124 	 -2.217
14132 	 -2.135
14146 	 -2.612
14152 	 -2.456
14156 	 -2.418
14164 	 -2.342
14170 	 -2.324
14174 	 -2.315
14184 	 -2.294
14186 	 -2.015
14190 	 -2
14194 	 -2.029
14200 	 -1.926
14206 	 -2.039
14218 	 -1.909
14236 	 -1.908
14242 	 -1.806
14244 	 -1.71
14248 	 -1.664
14250 	 -1.227
14256 	 -1.226
14258 	 -1.276
14266 	 -1.28
14268 	 -1.267
14282 	 -1.164
14292 	 -1.032
14304 	 -1.031
14308 	 -0.896
14312 	 -0.787
14330 	 -0.669
14338 	 -0.668
14368 	 -0.584
14380 	 -0.461
14384 	 -0.41
14386 	 -0.409
14398 	 -0.4
14416 	 -0.369
14442 	 -0.341
14444 	 -0.278
14472 	 -0.258
14494 	 -0.254
14520 	 -0.24
14546 	 -0.238
14560 	 -0.23
14564 	 -0.185
14578 	 -0.169
14626 	 -0.164
14692 	 -0.161
15000 	 -1.409
15024 	 -1.55
15050 	 -2.475
15078 	 -3.177
15112 	 -3.822
15158 	 -3.964
15162 	 -4.047
15174 	 -3.952
15186 	 -3.267
15216 	 -4.187
15232 	 -4.011
15238 	 -4.307
15262 	 -3.191
15268 	 -2.846
15282 	 -2.317
15290 	 -2.314
15298 	 -1.622
15310 	 -1.682
15336 	 -2.131
15346 	 -2.027
15352 	 -2.025
15356 	 -2.28
15374 	 -1.7
15400 	 -1.077
15422 	 -0.839
15456 	 -0.442
15470 	 -0.437
15486 	 -0.154
15558 	 -0.055
15568 	 -0.054
15660 	 -0.042
15708 	 -0.03
15726 	 -0.029
15864 	 -0.023
15904 	 -0.015
15966 	 -0.013
16266 	 -0.012
16308 	 -0.01
16402 	 -0.009
18000 	 -2.128
18020 	 -2.263
18042 	 -2.839
18064 	 -3.059
18088 	 -2.567
18120 	 -2.037
18154 	 -3.56
18180 	 -3.296
18190 	 -4.281
18234 	 -6.078
18252 	 -6.046
18262 	 -5.767
18270 	 -4.475
18278 	 -4.391
18286 	 -4.203
18296 	 -5.082
18316 	 -5.142
18328 	 -5.508
18336 	 -5.04
18342 	 -5.062
18348 	 -4.274
18360 	 -3.335
18368 	 -2.877
18384 	 -2.897
18402 	 -2.056
18420 	 -1.105
18426 	 -0.973
18434 	 -0.796
18448 	 -0.286
18472 	 -0.241
18552 	 -0.028
18864 	 -0.016
19002 	 0
21000 	 -1.44
21001 	 -1.44
