0 	 0
3000 	 -1.376
3024 	 -1.496
3050 	 -1.88
3062 	 -2.472
3078 	 -3.176
3112 	 -3.62
3158 	 -3.808
3164 	 -3.728
3186 	 -2.828
3198 	 -2.688
3216 	 -1.912
3232 	 -1.736
3238 	 -1.364
3262 	 -0.608
3296 	 -0.264
3400 	 -0.024
3636 	 -0.008
3904 	 0
6000 	 -2.478
6020 	 -2.638
6042 	 -3.286
6064 	 -3.582
6088 	 -3.11
6120 	 -2.686
6138 	 -2.872
6154 	 -3.312
6180 	 -3.048
6190 	 -3.516
6198 	 -3.5
6234 	 -3.9
6284 	 -4.203
6296 	 -4.179
6346 	 -4.159
6360 	 -2.871
6374 	 -2.271
6376 	 -1.719
6424 	 -1.319
6444 	 -0.761
6504 	 -0.637
6506 	 -0.613
6552 	 -0.501
6634 	 -0.359
6704 	 -0.331
6710 	 -0.307
6726 	 -0.295
6728 	 -0.267
6782 	 -0.263
6894 	 -0.165
6990 	 -0.145
6994 	 -0.125
7002 	 -0.093
7272 	 -0.089
7278 	 -0.085
7290 	 -0.073
7324 	 -0.025
9000 	 -1.433
9024 	 -1.537
9050 	 -2.497
9078 	 -3.177
9112 	 -3.761
9158 	 -3.713
9162 	 -3.797
9174 	 -3.705
9186 	 -2.857
9216 	 -3.589
9232 	 -3.413
9238 	 -3.801
9262 	 -1.973
9268 	 -1.305
9298 	 -0.417
9304 	 -0.413
9306 	 -0.409
9334 	 -0.277
9400 	 -0.025
9660 	 -0.009
9904 	 -0.001
12000 	 -2.54
12002 	 -2.421
12004 	 -2.663
12006 	 -3.129
12008 	 -3.973
12010 	 -4.912
12012 	 -5.34
12016 	 -5.6
12018 	 -5.646
12020 	 -5.979
12030 	 -6.047
12032 	 -6.013
12034 	 -6.072
12040 	 -6.178
12042 	 -6.654
12062 	 -6.872
12064 	 -6.948
12070 	 -7.131
12072 	 -7.173
12088 	 -6.561
12090 	 -6.656
12100 	 -6.786
12120 	 -6.077
12130 	 -6.031
12148 	 -6.346
12154 	 -7.382
12156 	 -7.374
12164 	 -7.659
12176 	 -7.854
12178 	 -8.272
12180 	 -8.008
12182 	 -8.538
12186 	 -8.59
12190 	 -8.906
12200 	 -9.019
12206 	 -9.009
12208 	 -9.187
12212 	 -10.231
12222 	 -10.124
12226 	 -11.014
12228 	 -11.408
12230 	 -11.538
12234 	 -12.886
12236 	 -12.936
12252 	 -12.22
12254 	 -12.119
12256 	 -12.249
12260 	 -11.932
12262 	 -11.76
12264 	 -12.051
12266 	 -12.477
12270 	 -12.515
12274 	 -11.479
12282 	 -11.322
12286 	 -11.305
12290 	 -11.127
12296 	 -11.224
12300 	 -11.368
12302 	 -11.355
12304 	 -11.125
12308 	 -11.11
12310 	 -11.083
12312 	 -11.048
12322 	 -11.119
12324 	 -10.612
12332 	 -10.644
12338 	 -10.392
12340 	 -10.271
12344 	 -9.475
12350 	 -9.479
12352 	 -9.433
12354 	 -9.315
12358 	 -8.735
12360 	 -7.597
12368 	 -7.497
12372 	 -7.482
12378 	 -7.376
12382 	 -7.305
12384 	 -6.977
12386 	 -6.585
12392 	 -6.668
12394 	 -6.498
12400 	 -6.386
12402 	 -6.285
12404 	 -6.013
12406 	 -5.983
12408 	 -6.11
12410 	 -6.185
12412 	 -5.874
12420 	 -5.779
12426 	 -5.755
12430 	 -5.688
12432 	 -5.416
12437 	 -5.636
12438 	 -5.346
12448 	 -5.239
12456 	 -5.145
12466 	 -5.448
12470 	 -5.447
12476 	 -5.733
12480 	 -5.567
12484 	 -5.539
12492 	 -5.511
12494 	 -5.501
12508 	 -5.492
12510 	 -5.639
12516 	 -5.738
12540 	 -5.674
12548 	 -5.614
12552 	 -5.494
12562 	 -5.655
12564 	 -5.49
12574 	 -6.773
12576 	 -6.753
12578 	 -6.641
12592 	 -6.45
12594 	 -6.622
12598 	 -6.598
12604 	 -6.588
12606 	 -6.517
12614 	 -6.477
12618 	 -6.493
12624 	 -5.902
12632 	 -5.92
12634 	 -6.293
12638 	 -6.182
12640 	 -6.125
12644 	 -6.12
12648 	 -6.091
12650 	 -6.187
12660 	 -6.094
12664 	 -5.974
12672 	 -5.93
12674 	 -6.123
12684 	 -6.459
12688 	 -6.466
12698 	 -6.638
12708 	 -6.628
12712 	 -6.295
12726 	 -6.092
12730 	 -6.374
12732 	 -6.368
12744 	 -6.132
12748 	 -6.115
12768 	 -6.122
12770 	 -6.183
12774 	 -6.188
12782 	 -6.184
12788 	 -6.175
12792 	 -5.911
12802 	 -5.728
12806 	 -5.799
12824 	 -5.793
12826 	 -5.882
12828 	 -5.847
12840 	 -5.887
12844 	 -6.203
12856 	 -6.595
12868 	 -6.561
12874 	 -6.683
12886 	 -6.71
12894 	 -6.576
12896 	 -6.573
12916 	 -6.499
12924 	 -6.758
12934 	 -7.177
12942 	 -7.053
12956 	 -7.24
12964 	 -7.348
12966 	 -7.536
12982 	 -7.889
12984 	 -7.877
12990 	 -7.874
12996 	 -7.858
13002 	 -7.844
13004 	 -7.795
13010 	 -7.81
13012 	 -7.792
13016 	 -7.909
13018 	 -7.687
13020 	 -7.684
13022 	 -8.317
13024 	 -8.285
13032 	 -8.399
13034 	 -8.762
13036 	 -8.761
13042 	 -8.708
13044 	 -8.514
13052 	 -8.478
13056 	 -8.29
13062 	 -8.289
13066 	 -8.197
13068 	 -8.094
13084 	 -7.89
13088 	 -7.646
13092 	 -7.608
13096 	 -7.471
13100 	 -7.518
13102 	 -7.447
13104 	 -7.636
13114 	 -7.61
13116 	 -7.708
13118 	 -7.543
13150 	 -7.356
13156 	 -7.234
13168 	 -7.206
13174 	 -7.318
13192 	 -7.31
13220 	 -7.301
13224 	 -6.838
13232 	 -6.843
13234 	 -6.841
13246 	 -6.503
13250 	 -5.816
13262 	 -5.71
13284 	 -5.768
13292 	 -5.671
13302 	 -6.05
13304 	 -6.043
13310 	 -5.958
13320 	 -5.99
13322 	 -5.931
13328 	 -5.897
13344 	 -5.887
13346 	 -5.882
13348 	 -5.568
13352 	 -5.543
13360 	 -5.498
13374 	 -5.188
13386 	 -5.355
13394 	 -5.462
13396 	 -5.783
13416 	 -5.505
13422 	 -5.281
13424 	 -4.676
13438 	 -4.653
13440 	 -5.056
13444 	 -4.789
13454 	 -4.684
13458 	 -4.785
13462 	 -4.706
13464 	 -4.667
13468 	 -4.652
13482 	 -4.365
13488 	 -4.323
13490 	 -4.352
13492 	 -4.34
13508 	 -3.813
13536 	 -3.554
13562 	 -3.632
13578 	 -3.687
13580 	 -3.842
13586 	 -3.781
13590 	 -3.637
13598 	 -3.64
13604 	 -3.666
13616 	 -3.641
13620 	 -3.323
13634 	 -3.455
13638 	 -3.335
13648 	 -3.294
13650 	 -3.274
13664 	 -3.222
13666 	 -3.186
13670 	 -3.018
13674 	 -3.069
13678 	 -3.357
13682 	 -3.276
13686 	 -3.323
13688 	 -3.288
13692 	 -3.393
13694 	 -3.904
13700 	 -3.865
13704 	 -3.956
13712 	 -3.917
13716 	 -4.018
13728 	 -3.972
13734 	 -4.043
13742 	 -3.683
13744 	 -3.65
13760 	 -3.675
13768 	 -3.75
13780 	 -3.591
13786 	 -2.983
13792 	 -3.108
13800 	 -2.74
13810 	 -2.617
13816 	 -2.473
13822 	 -2.334
13840 	 -2.433
13848 	 -2.432
13854 	 -2.314
13862 	 -2.316
13864 	 -2.281
13872 	 -2.129
13878 	 -2.046
13892 	 -2.094
13910 	 -2.214
13916 	 -2.327
13934 	 -2.326
13938 	 -2.281
13942 	 -2.272
13946 	 -2.082
13948 	 -2.06
13950 	 -2.099
13958 	 -2.129
13966 	 -2.162
13970 	 -2.154
13978 	 -2.153
13982 	 -2.203
13990 	 -2.165
13994 	 -2.053
14006 	 -2.103
14008 	 -2.085
14010 	 -2.02
14012 	 -2.001
14014 	 -1.994
14034 	 -1.334
14042 	 -1.425
14052 	 -1.375
14056 	 -1.229
14058 	 -1.224
14074 	 -1.202
14080 	 -1.128
14090 	 -0.98
14094 	 -0.941
14106 	 -0.94
14108 	 -0.931
14112 	 -0.923
14118 	 -0.883
14134 	 -0.868
14136 	 -0.856
14140 	 -0.789
14144 	 -0.621
14146 	 -0.511
14166 	 -0.436
14178 	 -0.431
14182 	 -0.412
14186 	 -0.389
14194 	 -0.376
14212 	 -0.357
14216 	 -0.259
14236 	 -0.256
14238 	 -0.241
14256 	 -0.229
14290 	 -0.227
14322 	 -0.225
14332 	 -0.221
14334 	 -0.213
14336 	 -0.204
14344 	 -0.203
14352 	 -0.195
14356 	 -0.181
14374 	 -0.174
14394 	 -0.167
14418 	 -0.149
15000 	 -1.402
15024 	 -1.532
15050 	 -2.043
15078 	 -2.363
15112 	 -2.401
15158 	 -2.273
15162 	 -2.295
15174 	 -2.272
15186 	 -1.854
15216 	 -1.63
15232 	 -1.454
15238 	 -1.519
15262 	 -0.966
15266 	 -0.937
15276 	 -0.782
15300 	 -0.612
15310 	 -0.632
15336 	 -0.782
15350 	 -0.76
15352 	 -0.759
15356 	 -0.844
15374 	 -0.649
15400 	 -0.376
15422 	 -0.297
15456 	 -0.164
15470 	 -0.159
15486 	 -0.065
15558 	 -0.033
15568 	 -0.03
15658 	 -0.027
15666 	 -0.026
15708 	 -0.02
15864 	 -0.019
15904 	 -0.011
15910 	 -0.01
18000 	 -2.128
18020 	 -2.218
18042 	 -2.634
18064 	 -2.645
18088 	 -2.004
18120 	 -1.385
18154 	 -1.72
18180 	 -1.456
18190 	 -1.58
18234 	 -1.88
18252 	 -1.872
18262 	 -1.779
18270 	 -1.456
18278 	 -1.435
18286 	 -1.388
18296 	 -1.589
18316 	 -1.604
18328 	 -1.726
18336 	 -1.609
18342 	 -1.622
18348 	 -1.425
18360 	 -1.099
18368 	 -0.946
18384 	 -0.953
18402 	 -0.698
18420 	 -0.381
18426 	 -0.337
18434 	 -0.278
18448 	 -0.108
18472 	 -0.093
18552 	 -0.008
18864 	 -0.004
19002 	 0
21000 	 -1.44
21001 	 -1.44
