0 	 0
3000 	 -1.376
3024 	 -1.496
3050 	 -1.88
3062 	 -2.472
3078 	 -3.176
3112 	 -3.62
3158 	 -3.808
3164 	 -3.728
3186 	 -2.828
3198 	 -2.688
3216 	 -1.912
3232 	 -1.736
3238 	 -1.364
3262 	 -0.608
3296 	 -0.264
3400 	 -0.024
3636 	 -0.008
3904 	 0
6000 	 -2.478
6020 	 -2.638
6042 	 -3.286
6064 	 -3.582
6088 	 -3.11
6120 	 -2.686
6138 	 -2.872
6154 	 -3.312
6180 	 -3.048
6190 	 -3.516
6198 	 -3.5
6234 	 -3.9
6284 	 -4.203
6296 	 -4.179
6346 	 -4.159
6360 	 -2.871
6374 	 -2.271
6376 	 -1.719
6424 	 -1.319
6444 	 -0.761
6504 	 -0.637
6506 	 -0.613
6552 	 -0.501
6634 	 -0.359
6704 	 -0.331
6710 	 -0.307
6726 	 -0.295
6728 	 -0.267
6782 	 -0.263
6894 	 -0.165
6990 	 -0.145
6994 	 -0.125
7002 	 -0.093
7272 	 -0.089
7278 	 -0.085
7290 	 -0.073
7324 	 -0.025
9000 	 -1.433
9024 	 -1.537
9050 	 -2.497
9078 	 -3.177
9112 	 -3.761
9158 	 -3.713
9162 	 -3.797
9174 	 -3.705
9186 	 -2.857
9216 	 -3.589
9232 	 -3.413
9238 	 -3.801
9262 	 -1.973
9268 	 -1.305
9298 	 -0.417
9304 	 -0.413
9306 	 -0.409
9334 	 -0.277
9400 	 -0.025
9660 	 -0.009
9904 	 -0.001
12000 	 -2.554
12002 	 -2.49
12004 	 -3.252
12006 	 -3.929
12008 	 -6.106
12010 	 -6.613
12012 	 -7.673
12016 	 -7.801
12020 	 -8.467
12030 	 -8.535
12032 	 -8.343
12040 	 -8.624
12042 	 -9.1
12048 	 -8.897
12064 	 -8.997
12070 	 -9.326
12072 	 -9.368
12086 	 -9.593
12088 	 -8.981
12100 	 -8.96
12102 	 -8.859
12108 	 -8.908
12114 	 -9.049
12120 	 -8.521
12130 	 -8.267
12132 	 -8.599
12148 	 -8.914
12152 	 -9.051
12154 	 -10.087
12162 	 -10.06
12178 	 -10.447
12180 	 -10.071
12182 	 -10.478
12184 	 -10.33
12186 	 -10.405
12188 	 -10.542
12190 	 -10.858
12192 	 -10.801
12198 	 -10.773
12200 	 -10.602
12204 	 -10.592
12206 	 -10.627
12210 	 -10.766
12212 	 -11.81
12226 	 -12.699
12230 	 -12.655
12234 	 -14.003
12236 	 -13.865
12248 	 -13.854
12252 	 -13.099
12254 	 -12.796
12256 	 -12.823
12260 	 -12.506
12262 	 -13.239
12264 	 -13.174
12266 	 -13.601
12272 	 -13.6
12274 	 -12.348
12276 	 -12.426
12278 	 -12.482
12282 	 -12.156
12286 	 -12.182
12290 	 -11.91
12296 	 -12.007
12300 	 -12.151
12304 	 -11.737
12306 	 -11.604
12320 	 -11.606
12324 	 -11.002
12328 	 -11.032
12330 	 -11.18
12332 	 -11.212
12334 	 -10.722
12338 	 -10.47
12344 	 -9.674
12346 	 -9.623
12352 	 -9.501
12354 	 -9.556
12358 	 -8.918
12360 	 -7.966
12380 	 -7.752
12382 	 -7.744
12386 	 -7.37
12400 	 -6.988
12402 	 -7.021
12404 	 -6.749
12412 	 -6.438
12420 	 -6.343
12426 	 -6.319
12430 	 -6.252
12438 	 -5.453
12448 	 -5.346
12456 	 -5.309
12464 	 -5.249
12466 	 -5.153
12470 	 -4.964
12476 	 -5.077
12480 	 -4.911
12492 	 -4.883
12498 	 -4.707
12502 	 -4.688
12508 	 -4.759
12516 	 -4.638
12524 	 -5.336
12532 	 -5.317
12536 	 -5.313
12550 	 -5.114
12552 	 -4.994
12560 	 -4.979
12562 	 -5.023
12570 	 -5.078
12574 	 -6.272
12578 	 -6.225
12580 	 -6.007
12590 	 -5.977
12592 	 -5.798
12594 	 -5.613
12598 	 -5.594
12602 	 -5.577
12604 	 -5.562
12606 	 -5.486
12614 	 -5.395
12618 	 -5.347
12624 	 -5.294
12630 	 -5.325
12632 	 -5.343
12638 	 -5.232
12640 	 -5.175
12660 	 -5.259
12662 	 -5.146
12672 	 -5.126
12674 	 -5.077
12684 	 -5.232
12688 	 -5.239
12694 	 -5.083
12712 	 -4.738
12732 	 -4.732
12742 	 -4.728
12744 	 -4.724
12748 	 -4.707
12768 	 -4.818
12770 	 -4.895
12778 	 -4.897
12780 	 -4.842
12784 	 -4.891
12790 	 -5.181
12794 	 -5.28
12796 	 -5.9
12798 	 -6.383
12802 	 -6.333
12808 	 -6.256
12814 	 -6.254
12822 	 -6.38
12826 	 -6.323
12828 	 -6.288
12830 	 -6.37
12840 	 -6.365
12844 	 -6.531
12846 	 -6.171
12854 	 -6.091
12856 	 -5.933
12858 	 -6.359
12868 	 -6.336
12870 	 -6.367
12874 	 -6.122
12876 	 -6.134
12882 	 -6.253
12884 	 -5.999
12896 	 -5.996
12898 	 -5.797
12902 	 -5.893
12908 	 -5.901
12910 	 -5.746
12912 	 -5.603
12916 	 -5.529
12922 	 -5.638
12926 	 -5.546
12928 	 -5.409
12942 	 -5.285
12954 	 -4.971
12964 	 -4.964
12966 	 -5.073
12970 	 -5.068
12982 	 -4.987
12984 	 -5.009
12986 	 -5.093
12990 	 -5.084
12992 	 -5.085
12996 	 -5.088
12998 	 -5.171
13002 	 -5.162
13008 	 -5.31
13010 	 -5.349
13012 	 -5.331
13016 	 -5.471
13018 	 -5.468
13026 	 -5.389
13028 	 -5.775
13032 	 -5.727
13036 	 -6.353
13038 	 -6.616
13042 	 -6.576
13044 	 -6.421
13052 	 -6.56
13058 	 -6.676
13064 	 -6.66
13066 	 -6.641
13068 	 -6.545
13070 	 -6.539
13072 	 -6.785
13074 	 -6.773
13080 	 -6.767
13082 	 -6.609
13088 	 -6.431
13094 	 -6.476
13096 	 -6.339
13104 	 -6.251
13114 	 -5.954
13116 	 -6.463
13130 	 -6.302
13132 	 -6.273
13136 	 -6.227
13142 	 -5.953
13144 	 -6.485
13150 	 -6.427
13154 	 -6.232
13156 	 -6.072
13168 	 -6.002
13174 	 -5.84
13178 	 -5.548
13188 	 -5.433
13194 	 -5.314
13196 	 -5.372
13202 	 -5.359
13204 	 -5.498
13206 	 -4.929
13214 	 -4.907
13218 	 -4.831
13220 	 -4.787
13222 	 -4.758
13234 	 -4.756
13236 	 -4.749
13246 	 -4.658
13250 	 -4.013
13252 	 -4.002
13258 	 -4.133
13260 	 -4.075
13278 	 -4.186
13280 	 -4.145
13282 	 -4.15
13284 	 -4.228
13294 	 -4.297
13296 	 -4.402
13300 	 -4.48
13312 	 -4.494
13328 	 -4.46
13346 	 -4.476
13352 	 -4.459
13356 	 -4.501
13358 	 -5.173
13370 	 -5.22
13374 	 -5.237
13392 	 -5.096
13396 	 -5.222
13410 	 -5.089
13412 	 -5.127
13424 	 -4.743
13428 	 -4.84
13430 	 -5.019
13432 	 -4.611
13434 	 -4.496
13436 	 -4.439
13438 	 -4.443
13444 	 -4.426
13456 	 -4.425
13462 	 -4.396
13474 	 -4.383
13476 	 -4.218
13478 	 -4.206
13486 	 -4.053
13496 	 -3.863
13498 	 -3.979
13500 	 -3.959
13502 	 -3.933
13506 	 -4.014
13518 	 -4.19
13520 	 -4.268
13522 	 -4.152
13534 	 -4.085
13554 	 -4.083
13556 	 -4.118
13558 	 -4.254
13560 	 -4.32
13564 	 -4.77
13568 	 -4.76
13570 	 -4.749
13576 	 -4.814
13598 	 -4.812
13634 	 -4.811
13638 	 -4.7
13648 	 -3.445
13650 	 -3.442
13654 	 -3.44
13670 	 -3.473
13672 	 -3.549
13676 	 -3.395
13678 	 -3.376
13692 	 -3.386
13702 	 -3.454
13704 	 -3.522
13706 	 -3.552
13710 	 -3.615
13712 	 -3.61
13726 	 -3.609
13730 	 -3.538
13736 	 -3.565
13742 	 -3.545
13744 	 -3.591
13748 	 -3.517
13750 	 -3.473
13756 	 -3.422
13758 	 -3.452
13760 	 -3.432
13766 	 -3.424
13768 	 -3.413
13772 	 -3.549
13778 	 -3.531
13780 	 -3.439
13800 	 -3.597
13802 	 -3.701
13804 	 -3.684
13808 	 -3.849
13810 	 -3.851
13814 	 -3.848
13828 	 -3.925
13830 	 -3.914
13834 	 -3.912
13838 	 -4.025
13840 	 -3.916
13846 	 -4.003
13854 	 -3.885
13864 	 -3.876
13870 	 -3.736
13872 	 -3.825
13876 	 -3.482
13886 	 -3.44
13888 	 -3.206
13890 	 -3.19
13892 	 -3.187
13894 	 -3.17
13898 	 -2.995
13902 	 -2.953
13904 	 -2.679
13906 	 -2.615
13912 	 -2.607
13914 	 -2.649
13918 	 -2.538
13926 	 -2.49
13930 	 -2.492
13932 	 -2.586
13934 	 -2.408
13936 	 -2.336
13938 	 -2.308
13942 	 -2.299
13948 	 -2.298
13952 	 -2.27
13954 	 -2.257
13956 	 -2.032
13958 	 -1.987
13964 	 -1.826
13968 	 -1.822
13972 	 -1.628
13974 	 -1.604
13980 	 -1.536
13982 	 -1.516
13994 	 -1.509
13998 	 -1.501
14000 	 -1.418
14002 	 -1.251
14012 	 -1.205
14014 	 -1.184
14016 	 -1.118
14018 	 -1.11
14024 	 -1.107
14026 	 -1.088
14028 	 -1.028
14030 	 -0.961
14032 	 -0.752
14034 	 -0.741
14054 	 -0.723
14056 	 -0.597
14058 	 -0.592
14074 	 -0.59
14078 	 -0.576
14084 	 -0.521
14092 	 -0.51
14098 	 -0.489
14104 	 -0.454
14106 	 -0.451
14126 	 -0.449
14128 	 -0.448
14132 	 -0.423
14134 	 -0.422
14138 	 -0.418
14146 	 -0.308
14160 	 -0.269
14168 	 -0.267
14176 	 -0.263
14186 	 -0.261
14214 	 -0.228
14236 	 -0.22
14280 	 -0.203
14284 	 -0.192
14286 	 -0.188
14308 	 -0.177
14318 	 -0.172
14372 	 -0.171
14406 	 -0.168
14420 	 -0.164
14438 	 -0.16
14468 	 -0.158
14504 	 -0.156
14604 	 -0.15
15000 	 -1.402
15024 	 -1.543
15050 	 -2.467
15078 	 -3.171
15112 	 -3.797
15158 	 -3.715
15162 	 -3.798
15174 	 -3.702
15186 	 -2.727
15216 	 -3.742
15232 	 -3.566
15238 	 -3.823
15262 	 -1.965
15268 	 -1.621
15282 	 -1.093
15298 	 -0.399
15346 	 -0.295
15352 	 -0.294
15400 	 -0.043
15470 	 -0.035
15568 	 -0.033
15660 	 -0.021
15904 	 -0.013
16188 	 -0.012
18000 	 -2.128
18020 	 -2.236
18042 	 -2.716
18064 	 -2.816
18088 	 -2.204
18120 	 -1.536
18154 	 -2.816
18180 	 -2.552
18190 	 -3.132
18234 	 -4.632
18252 	 -4.6
18270 	 -3.308
18278 	 -3.224
18286 	 -3.036
18296 	 -2.844
18316 	 -2.904
18336 	 -2.436
18342 	 -2.368
18348 	 -1.58
18360 	 -0.44
18402 	 -0.136
18552 	 -0.016
19002 	 0
21000 	 -1.44
21001 	 -1.44
