0 	 0
3000 	 -1.376
3024 	 -1.496
3050 	 -1.88
3062 	 -2.472
3078 	 -3.176
3112 	 -3.62
3158 	 -3.808
3164 	 -3.728
3186 	 -2.828
3198 	 -2.688
3216 	 -1.912
3232 	 -1.736
3238 	 -1.364
3262 	 -0.608
3296 	 -0.264
3400 	 -0.024
3636 	 -0.008
3904 	 0
6000 	 -2.478
6020 	 -2.638
6042 	 -3.286
6064 	 -3.582
6088 	 -3.11
6120 	 -2.686
6138 	 -2.872
6154 	 -3.312
6180 	 -3.048
6190 	 -3.516
6198 	 -3.5
6234 	 -3.9
6284 	 -4.203
6296 	 -4.179
6346 	 -4.159
6360 	 -2.871
6374 	 -2.271
6376 	 -1.719
6424 	 -1.319
6444 	 -0.761
6504 	 -0.637
6506 	 -0.613
6552 	 -0.501
6634 	 -0.359
6704 	 -0.331
6710 	 -0.307
6726 	 -0.295
6728 	 -0.267
6782 	 -0.263
6894 	 -0.165
6990 	 -0.145
6994 	 -0.125
7002 	 -0.093
7272 	 -0.089
7278 	 -0.085
7290 	 -0.073
7324 	 -0.025
9000 	 -1.433
9024 	 -1.537
9050 	 -2.497
9078 	 -3.177
9112 	 -3.761
9158 	 -3.713
9162 	 -3.797
9174 	 -3.705
9186 	 -2.857
9216 	 -3.589
9232 	 -3.413
9238 	 -3.801
9262 	 -1.973
9268 	 -1.305
9298 	 -0.417
9304 	 -0.413
9306 	 -0.409
9334 	 -0.277
9400 	 -0.025
9660 	 -0.009
9904 	 -0.001
12000 	 -2.54
12002 	 -2.421
12004 	 -2.623
12006 	 -3.089
12008 	 -3.522
12010 	 -4.461
12012 	 -4.674
12016 	 -4.934
12018 	 -4.98
12020 	 -5.2
12030 	 -5.268
12032 	 -5.234
12034 	 -5.293
12040 	 -5.311
12042 	 -5.787
12062 	 -6.005
12064 	 -6.081
12072 	 -6.123
12088 	 -5.511
12090 	 -5.606
12100 	 -5.759
12120 	 -5.05
12148 	 -5.365
12154 	 -6.401
12156 	 -6.406
12164 	 -6.691
12176 	 -6.886
12178 	 -7.151
12180 	 -6.887
12182 	 -7.417
12190 	 -7.733
12200 	 -7.77
12208 	 -7.948
12212 	 -8.992
12222 	 -8.885
12226 	 -9.775
12228 	 -10.061
12234 	 -11.409
12236 	 -11.386
12252 	 -10.67
12260 	 -10.353
12262 	 -10.534
12266 	 -10.96
12274 	 -9.708
12282 	 -9.58
12286 	 -9.699
12290 	 -9.51
12296 	 -9.607
12300 	 -9.751
12304 	 -9.707
12308 	 -9.692
12310 	 -9.665
12322 	 -9.736
12324 	 -9.132
12332 	 -9.164
12338 	 -8.912
12340 	 -9.063
12344 	 -8.267
12352 	 -8.221
12356 	 -8.255
12358 	 -7.675
12360 	 -6.754
12368 	 -6.654
12382 	 -6.642
12386 	 -6.401
12394 	 -6.381
12400 	 -6.269
12402 	 -6.168
12404 	 -5.896
12406 	 -5.866
12412 	 -5.555
12420 	 -5.46
12426 	 -5.436
12430 	 -5.369
12432 	 -5.385
12437 	 -5.605
12448 	 -5.498
12460 	 -5.46
12466 	 -5.452
12470 	 -5.451
12472 	 -5.651
12476 	 -5.817
12480 	 -5.651
12484 	 -5.623
12488 	 -5.678
12492 	 -5.65
12494 	 -5.64
12498 	 -5.564
12508 	 -5.555
12516 	 -5.654
12518 	 -5.743
12540 	 -5.747
12546 	 -5.727
12548 	 -5.409
12552 	 -5.289
12562 	 -5.368
12574 	 -6.563
12592 	 -6.372
12594 	 -6.544
12598 	 -6.525
12600 	 -6.331
12602 	 -6.51
12604 	 -6.5
12606 	 -6.429
12608 	 -6.443
12618 	 -6.506
12632 	 -6.524
12638 	 -6.413
12640 	 -6.319
12648 	 -6.352
12664 	 -6.544
12672 	 -6.514
12686 	 -6.541
12688 	 -6.532
12708 	 -6.522
12712 	 -5.945
12732 	 -5.939
12734 	 -5.974
12748 	 -5.957
12768 	 -6.071
12770 	 -6.215
12776 	 -6.265
12782 	 -6.143
12784 	 -6.628
12788 	 -6.619
12794 	 -6.634
12796 	 -6.609
12802 	 -6.587
12816 	 -6.801
12820 	 -7.145
12828 	 -7.11
12840 	 -7.294
12868 	 -7.26
12874 	 -6.789
12880 	 -6.834
12886 	 -6.832
12896 	 -6.829
12898 	 -6.722
12902 	 -6.875
12916 	 -6.795
12924 	 -6.818
12940 	 -6.176
12942 	 -6.052
12946 	 -6.152
12958 	 -6.14
12964 	 -6.158
12966 	 -6.351
12972 	 -6.371
12982 	 -6.409
12984 	 -6.231
12990 	 -6.137
12994 	 -6.081
12996 	 -6.065
13000 	 -6.242
13002 	 -6.126
13010 	 -6.141
13012 	 -6.123
13016 	 -5.861
13022 	 -5.889
13024 	 -5.855
13028 	 -5.904
13034 	 -5.874
13036 	 -5.873
13040 	 -5.965
13042 	 -5.906
13046 	 -6.088
13052 	 -6.052
13058 	 -5.828
13062 	 -6.176
13064 	 -6.249
13086 	 -6.389
13090 	 -6.331
13096 	 -6.626
13104 	 -6.811
13114 	 -6.785
13118 	 -7.139
13148 	 -7.028
13150 	 -6.29
13156 	 -6.343
13158 	 -6.419
13168 	 -6.349
13174 	 -6.155
13176 	 -6.155
13178 	 -6.276
13180 	 -6.268
13182 	 -6.094
13194 	 -6.056
13200 	 -6.017
13202 	 -5.902
13204 	 -5.996
13218 	 -5.858
13220 	 -5.849
13228 	 -5.31
13232 	 -5.251
13234 	 -5.249
13250 	 -4.156
13252 	 -4.138
13254 	 -4.123
13272 	 -4.17
13274 	 -4.099
13280 	 -4.134
13290 	 -4.13
13308 	 -4.107
13314 	 -4.076
13324 	 -3.628
13328 	 -3.594
13336 	 -3.979
13338 	 -4.106
13342 	 -4.073
13344 	 -4.279
13346 	 -4.274
13352 	 -4.249
13360 	 -4.204
13368 	 -4.167
13372 	 -4.376
13374 	 -4.342
13378 	 -4.409
13384 	 -4.392
13394 	 -4.348
13396 	 -4.4
13402 	 -4.439
13416 	 -4.464
13424 	 -4.155
13432 	 -4.153
13440 	 -3.942
13448 	 -3.861
13454 	 -3.493
13456 	 -2.989
13458 	 -2.955
13468 	 -2.881
13476 	 -2.898
13478 	 -2.884
13488 	 -2.904
13498 	 -2.967
13502 	 -3.032
13508 	 -2.807
13536 	 -2.515
13556 	 -2.507
13568 	 -2.54
13570 	 -2.715
13578 	 -2.7
13596 	 -2.849
13618 	 -2.923
13620 	 -2.978
13634 	 -2.977
13638 	 -2.755
13648 	 -2.721
13650 	 -2.627
13658 	 -2.675
13674 	 -2.793
13678 	 -2.816
13680 	 -2.801
13686 	 -2.993
13696 	 -2.875
13702 	 -2.855
13712 	 -2.85
13718 	 -2.708
13730 	 -2.721
13742 	 -2.694
13744 	 -2.675
13760 	 -2.655
13768 	 -2.651
13780 	 -2.492
13782 	 -2.415
13822 	 -1.656
13842 	 -1.631
13848 	 -1.613
13850 	 -1.669
13854 	 -1.551
13864 	 -1.516
13872 	 -1.507
13884 	 -1.59
13894 	 -1.342
13898 	 -1.364
13920 	 -1.435
13926 	 -1.399
13934 	 -1.436
13942 	 -1.427
13944 	 -1.375
13956 	 -1.382
13978 	 -1.381
13990 	 -1.414
13996 	 -1.427
14012 	 -1.575
14014 	 -1.538
14038 	 -1.537
14050 	 -1.709
14054 	 -1.821
14058 	 -1.816
14064 	 -1.78
14068 	 -1.586
14078 	 -1.461
14084 	 -1.438
14094 	 -1.369
14108 	 -1.352
14112 	 -1.131
14128 	 -1.063
14136 	 -0.904
14138 	 -0.867
14146 	 -0.757
14148 	 -0.695
14152 	 -0.645
14164 	 -0.633
14170 	 -0.559
14182 	 -0.433
14190 	 -0.418
14196 	 -0.363
14212 	 -0.348
14216 	 -0.347
14220 	 -0.332
14236 	 -0.329
14238 	 -0.223
14256 	 -0.199
14280 	 -0.189
14348 	 -0.181
14358 	 -0.18
14360 	 -0.175
14364 	 -0.165
14388 	 -0.155
14482 	 -0.152
14530 	 -0.147
14550 	 -0.144
14594 	 -0.141
15000 	 -1.401
15024 	 -1.543
15050 	 -2.179
15078 	 -2.632
15112 	 -2.876
15158 	 -2.871
15162 	 -2.913
15174 	 -2.865
15186 	 -2.339
15216 	 -2.547
15232 	 -2.371
15238 	 -2.499
15262 	 -1.873
15268 	 -1.699
15282 	 -1.435
15298 	 -1.089
15310 	 -1.129
15336 	 -1.427
15346 	 -1.375
15352 	 -1.374
15356 	 -1.544
15374 	 -1.164
15400 	 -0.724
15422 	 -0.564
15456 	 -0.302
15470 	 -0.297
15486 	 -0.107
15558 	 -0.037
15568 	 -0.034
15660 	 -0.028
15666 	 -0.027
15864 	 -0.019
15904 	 -0.011
15988 	 -0.01
18000 	 -2.128
18020 	 -2.236
18042 	 -2.716
18064 	 -2.81
18088 	 -2.232
18120 	 -1.658
18154 	 -2.416
18180 	 -2.152
18190 	 -2.608
18234 	 -3.44
18252 	 -3.424
18262 	 -3.238
18270 	 -2.592
18278 	 -2.55
18286 	 -2.456
18296 	 -3.002
18316 	 -3.032
18328 	 -3.276
18336 	 -3.042
18342 	 -3.068
18348 	 -2.674
18360 	 -2.166
18368 	 -1.86
18384 	 -1.874
18402 	 -1.364
18420 	 -0.73
18426 	 -0.642
18434 	 -0.524
18448 	 -0.184
18472 	 -0.154
18552 	 -0.016
18864 	 -0.008
19002 	 0
21000 	 -1.44
21001 	 -1.44
