0 	 0
3000 	 -1.376
3024 	 -1.496
3050 	 -1.88
3062 	 -2.472
3078 	 -3.176
3112 	 -3.62
3158 	 -3.808
3164 	 -3.728
3186 	 -2.828
3198 	 -2.688
3216 	 -1.912
3232 	 -1.736
3238 	 -1.364
3262 	 -0.608
3296 	 -0.264
3400 	 -0.024
3636 	 -0.008
3904 	 0
6000 	 -2.478
6020 	 -2.638
6042 	 -3.286
6064 	 -3.582
6088 	 -3.11
6120 	 -2.686
6138 	 -2.872
6154 	 -3.312
6180 	 -3.048
6190 	 -3.516
6198 	 -3.5
6234 	 -3.9
6284 	 -4.203
6296 	 -4.179
6346 	 -4.159
6360 	 -2.871
6374 	 -2.271
6376 	 -1.719
6424 	 -1.319
6444 	 -0.761
6504 	 -0.637
6506 	 -0.613
6552 	 -0.501
6634 	 -0.359
6704 	 -0.331
6710 	 -0.307
6726 	 -0.295
6728 	 -0.267
6782 	 -0.263
6894 	 -0.165
6990 	 -0.145
6994 	 -0.125
7002 	 -0.093
7272 	 -0.089
7278 	 -0.085
7290 	 -0.073
7324 	 -0.025
9000 	 -1.433
9024 	 -1.537
9050 	 -2.497
9078 	 -3.177
9112 	 -3.761
9158 	 -3.713
9162 	 -3.797
9174 	 -3.705
9186 	 -2.857
9216 	 -3.589
9232 	 -3.413
9238 	 -3.801
9262 	 -1.973
9268 	 -1.305
9298 	 -0.417
9304 	 -0.413
9306 	 -0.409
9334 	 -0.277
9400 	 -0.025
9660 	 -0.009
9904 	 -0.001
12000 	 -2.554
12002 	 -2.49
12004 	 -3.172
12006 	 -3.849
12008 	 -5.198
12010 	 -5.705
12012 	 -6.339
12016 	 -6.467
12020 	 -6.913
12030 	 -6.981
12032 	 -6.789
12040 	 -6.964
12042 	 -7.44
12048 	 -7.237
12064 	 -7.337
12070 	 -7.491
12072 	 -7.533
12088 	 -6.921
12100 	 -6.952
12102 	 -6.851
12108 	 -6.9
12120 	 -6.372
12130 	 -6.125
12148 	 -6.44
12154 	 -7.476
12160 	 -7.834
12162 	 -7.807
12178 	 -8.276
12180 	 -8.012
12182 	 -8.542
12186 	 -8.591
12190 	 -8.907
12198 	 -8.857
12200 	 -9.027
12204 	 -9.017
12208 	 -9.195
12212 	 -10.239
12226 	 -11.129
12230 	 -11.457
12234 	 -12.805
12246 	 -13.126
12252 	 -12.41
12254 	 -12.208
12256 	 -12.201
12260 	 -11.884
12262 	 -12.254
12266 	 -12.68
12274 	 -11.428
12276 	 -11.308
12282 	 -11.122
12286 	 -11.412
12290 	 -11.14
12296 	 -11.237
12300 	 -11.381
12304 	 -11.337
12306 	 -11.204
12310 	 -11.334
12314 	 -11.057
12322 	 -11.061
12324 	 -10.457
12332 	 -10.489
12334 	 -10.352
12338 	 -10.1
12344 	 -9.273
12350 	 -9.264
12354 	 -9.141
12358 	 -8.497
12360 	 -7.693
12368 	 -7.596
12376 	 -7.495
12380 	 -7.368
12382 	 -7.36
12384 	 -7.001
12386 	 -6.786
12392 	 -6.78
12400 	 -6.506
12404 	 -6.272
12406 	 -6.242
12410 	 -6.329
12412 	 -6.014
12420 	 -5.919
12426 	 -5.895
12430 	 -5.828
12437 	 -6.048
12438 	 -5.369
12448 	 -5.262
12466 	 -5.275
12470 	 -5.274
12476 	 -5.503
12480 	 -5.337
12488 	 -5.321
12492 	 -5.24
12494 	 -5.409
12498 	 -5.488
12508 	 -5.479
12516 	 -5.578
12526 	 -5.524
12532 	 -5.514
12540 	 -5.735
12550 	 -5.676
12552 	 -5.556
12562 	 -5.704
12574 	 -6.99
12576 	 -6.986
12578 	 -6.966
12582 	 -6.685
12592 	 -6.506
12594 	 -6.659
12598 	 -6.674
12602 	 -6.657
12604 	 -6.647
12606 	 -6.576
12616 	 -6.555
12618 	 -6.369
12624 	 -5.775
12632 	 -5.793
12638 	 -5.676
12640 	 -5.654
12648 	 -5.784
12658 	 -5.681
12662 	 -5.725
12664 	 -5.605
12672 	 -5.575
12674 	 -5.638
12684 	 -6.072
12688 	 -6.079
12696 	 -6.266
12712 	 -5.747
12722 	 -5.679
12724 	 -5.641
12732 	 -5.635
12740 	 -5.383
12742 	 -5.379
12748 	 -5.362
12750 	 -5.27
12752 	 -5.156
12764 	 -5.175
12768 	 -5.239
12770 	 -5.3
12774 	 -5.419
12776 	 -5.409
12782 	 -5.317
12784 	 -5.31
12800 	 -5.144
12802 	 -5.116
12806 	 -5.222
12818 	 -5.42
12828 	 -5.385
12830 	 -5.53
12840 	 -5.656
12868 	 -5.622
12874 	 -5.658
12886 	 -5.657
12896 	 -5.654
12908 	 -5.721
12916 	 -5.647
12924 	 -5.712
12930 	 -6.012
12942 	 -6.436
12952 	 -6.7
12960 	 -7.014
12964 	 -7.054
12966 	 -7.211
12982 	 -7.128
12984 	 -7.116
12990 	 -7.11
12996 	 -7.094
13000 	 -6.791
13002 	 -6.777
13006 	 -6.893
13010 	 -6.908
13012 	 -6.742
13014 	 -6.957
13016 	 -6.702
13022 	 -6.755
13024 	 -7.171
13026 	 -6.982
13034 	 -6.97
13036 	 -6.969
13042 	 -6.91
13044 	 -6.715
13046 	 -6.834
13050 	 -6.902
13052 	 -7.05
13060 	 -6.889
13068 	 -6.842
13070 	 -6.944
13074 	 -6.889
13076 	 -6.723
13084 	 -6.745
13088 	 -6.744
13090 	 -6.564
13094 	 -6.562
13096 	 -6.305
13104 	 -6.619
13108 	 -6.497
13110 	 -6.501
13114 	 -6.475
13120 	 -6.377
13126 	 -6.366
13144 	 -6.195
13148 	 -6.246
13150 	 -6.234
13152 	 -6.183
13154 	 -6.42
13166 	 -6.426
13168 	 -6.369
13174 	 -6.542
13176 	 -6.533
13182 	 -7.116
13184 	 -6.972
13200 	 -7.044
13204 	 -6.835
13216 	 -6.904
13220 	 -6.895
13222 	 -7.001
13230 	 -6.826
13234 	 -6.824
13250 	 -6.619
13252 	 -6.098
13258 	 -6.009
13264 	 -6.001
13276 	 -5.814
13282 	 -5.76
13288 	 -5.776
13290 	 -5.712
13292 	 -5.717
13298 	 -5.687
13306 	 -5.522
13312 	 -5.226
13320 	 -5.334
13322 	 -5.315
13328 	 -5.281
13330 	 -4.902
13332 	 -4.875
13336 	 -4.669
13338 	 -4.649
13346 	 -4.644
13352 	 -4.695
13356 	 -4.817
13358 	 -4.807
13360 	 -4.671
13368 	 -4.605
13374 	 -4.509
13376 	 -4.4
13386 	 -4.38
13396 	 -4.412
13400 	 -4.217
13410 	 -4.457
13424 	 -4.165
13426 	 -4.137
13432 	 -4.745
13440 	 -4.851
13452 	 -4.943
13454 	 -4.942
13456 	 -4.898
13462 	 -5.048
13474 	 -5.663
13478 	 -5.841
13486 	 -5.87
13488 	 -5.842
13500 	 -5.67
13502 	 -5.718
13508 	 -4.719
13512 	 -5.144
13518 	 -5.642
13522 	 -5.645
13536 	 -5.602
13544 	 -5.613
13548 	 -5.61
13552 	 -5.894
13556 	 -6.012
13562 	 -5.871
13570 	 -5.845
13576 	 -6.056
13586 	 -5.936
13594 	 -6.043
13598 	 -5.917
13600 	 -5.533
13602 	 -5.631
13612 	 -5.495
13614 	 -5.435
13628 	 -5.476
13630 	 -5.461
13632 	 -5.453
13634 	 -5.452
13638 	 -5.43
13640 	 -5.534
13648 	 -5.5
13650 	 -5.495
13652 	 -5.538
13656 	 -5.592
13658 	 -5.574
13660 	 -5.557
13662 	 -5.612
13672 	 -5.604
13680 	 -5.477
13684 	 -5.434
13686 	 -5.454
13690 	 -5.467
13692 	 -5.432
13694 	 -5.428
13698 	 -5.371
13700 	 -5.409
13704 	 -5.386
13710 	 -5.35
13716 	 -5.23
13720 	 -5.211
13724 	 -5.196
13726 	 -5.228
13734 	 -5.246
13740 	 -5.355
13750 	 -5.368
13752 	 -5.253
13756 	 -5.406
13760 	 -5.386
13780 	 -5.227
13784 	 -5.444
13798 	 -5.384
13810 	 -5.374
13822 	 -5.678
13834 	 -5.809
13838 	 -5.8
13852 	 -5.722
13854 	 -5.919
13856 	 -5.905
13860 	 -5.943
13864 	 -5.908
13870 	 -5.955
13878 	 -5.953
13882 	 -5.968
13884 	 -6.035
13888 	 -6.166
13892 	 -6.238
13914 	 -6.294
13928 	 -6.165
13932 	 -5.995
13936 	 -5.981
13942 	 -5.98
13944 	 -5.455
13952 	 -5.626
13958 	 -5.651
13962 	 -5.663
13970 	 -5.509
13978 	 -5.459
13980 	 -5.668
13982 	 -5.642
13984 	 -5.674
13988 	 -5.359
13990 	 -5.395
14002 	 -5.123
14008 	 -5.244
14014 	 -5.292
14016 	 -5.067
14020 	 -5.094
14022 	 -5.105
14028 	 -5.076
14032 	 -4.862
14036 	 -4.837
14038 	 -4.836
14042 	 -4.81
14046 	 -4.811
14052 	 -4.751
14054 	 -4.593
14056 	 -4.347
14058 	 -4.342
14064 	 -3.873
14066 	 -3.861
14068 	 -3.719
14070 	 -3.882
14084 	 -3.867
14086 	 -3.607
14088 	 -3.58
14100 	 -3.504
14108 	 -3.51
14116 	 -3.443
14118 	 -3.269
14132 	 -3.041
14134 	 -3.202
14138 	 -3.128
14146 	 -2.255
14158 	 -2.369
14162 	 -2.456
14168 	 -2.411
14184 	 -2.377
14186 	 -2.352
14188 	 -2.301
14192 	 -2.242
14194 	 -2.181
14198 	 -2.161
14206 	 -2.06
14212 	 -1.731
14214 	 -1.689
14226 	 -1.651
14228 	 -1.471
14236 	 -1.467
14238 	 -1.284
14242 	 -1.221
14246 	 -1.194
14254 	 -0.972
14256 	 -0.961
14262 	 -0.898
14272 	 -0.897
14274 	 -0.808
14276 	 -0.764
14278 	 -0.691
14280 	 -0.643
14294 	 -0.614
14302 	 -0.58
14312 	 -0.579
14314 	 -0.555
14316 	 -0.524
14320 	 -0.521
14328 	 -0.48
14346 	 -0.479
14354 	 -0.401
14368 	 -0.386
14380 	 -0.379
14386 	 -0.344
14406 	 -0.338
14416 	 -0.336
14434 	 -0.327
14440 	 -0.312
14478 	 -0.278
14484 	 -0.274
14486 	 -0.249
14490 	 -0.239
14508 	 -0.225
14522 	 -0.216
14530 	 -0.212
14574 	 -0.198
14590 	 -0.197
14606 	 -0.191
14622 	 -0.184
14632 	 -0.181
15000 	 -1.41
15024 	 -1.55
15050 	 -2.333
15078 	 -2.909
15112 	 -3.335
15158 	 -3.299
15162 	 -3.361
15174 	 -3.291
15186 	 -2.61
15216 	 -3.082
15232 	 -2.906
15238 	 -3.169
15262 	 -1.925
15268 	 -1.666
15282 	 -1.269
15298 	 -0.75
15310 	 -0.771
15336 	 -0.92
15344 	 -0.917
15346 	 -0.839
15352 	 -0.838
15356 	 -0.923
15374 	 -0.733
15400 	 -0.387
15422 	 -0.307
15456 	 -0.176
15470 	 -0.171
15486 	 -0.076
15558 	 -0.041
15568 	 -0.038
15660 	 -0.029
15864 	 -0.025
15904 	 -0.017
16024 	 -0.016
16134 	 -0.015
16182 	 -0.013
16278 	 -0.012
16290 	 -0.011
18000 	 -2.128
18020 	 -2.236
18042 	 -2.716
18064 	 -2.813
18088 	 -2.218
18120 	 -1.597
18154 	 -2.616
18180 	 -2.352
18190 	 -2.87
18234 	 -4.036
18252 	 -4.012
18262 	 -3.919
18270 	 -2.95
18278 	 -2.887
18286 	 -2.746
18296 	 -2.923
18316 	 -2.968
18328 	 -3.09
18336 	 -2.739
18342 	 -2.718
18348 	 -2.127
18360 	 -1.303
18368 	 -1.15
18384 	 -1.157
18402 	 -0.75
18420 	 -0.433
18426 	 -0.389
18434 	 -0.33
18448 	 -0.16
18472 	 -0.145
18552 	 -0.016
18864 	 -0.012
19002 	 0
21000 	 -1.44
21001 	 -1.44
