0 	 0
3000 	 -1.376
3024 	 -1.496
3050 	 -1.88
3062 	 -2.472
3078 	 -3.176
3112 	 -3.62
3158 	 -3.808
3164 	 -3.728
3186 	 -2.828
3198 	 -2.688
3216 	 -1.912
3232 	 -1.736
3238 	 -1.364
3262 	 -0.608
3296 	 -0.264
3400 	 -0.024
3636 	 -0.008
3904 	 0
6000 	 -2.478
6020 	 -2.638
6042 	 -3.286
6064 	 -3.582
6088 	 -3.11
6120 	 -2.686
6138 	 -2.872
6154 	 -3.312
6180 	 -3.048
6190 	 -3.516
6198 	 -3.5
6234 	 -3.9
6284 	 -4.203
6296 	 -4.179
6346 	 -4.159
6360 	 -2.871
6374 	 -2.271
6376 	 -1.719
6424 	 -1.319
6444 	 -0.761
6504 	 -0.637
6506 	 -0.613
6552 	 -0.501
6634 	 -0.359
6704 	 -0.331
6710 	 -0.307
6726 	 -0.295
6728 	 -0.267
6782 	 -0.263
6894 	 -0.165
6990 	 -0.145
6994 	 -0.125
7002 	 -0.093
7272 	 -0.089
7278 	 -0.085
7290 	 -0.073
7324 	 -0.025
9000 	 -1.433
9024 	 -1.537
9050 	 -2.497
9078 	 -3.177
9112 	 -3.761
9158 	 -3.713
9162 	 -3.797
9174 	 -3.705
9186 	 -2.857
9216 	 -3.589
9232 	 -3.413
9238 	 -3.801
9262 	 -1.973
9268 	 -1.305
9298 	 -0.417
9304 	 -0.413
9306 	 -0.409
9334 	 -0.277
9400 	 -0.025
9660 	 -0.009
9904 	 -0.001
12000 	 -2.54
12002 	 -2.421
12004 	 -2.703
12006 	 -3.169
12008 	 -4.424
12010 	 -5.363
12012 	 -6.006
12016 	 -6.266
12018 	 -6.312
12020 	 -6.758
12030 	 -6.826
12032 	 -6.792
12034 	 -6.844
12040 	 -7.048
12042 	 -7.524
12062 	 -7.716
12064 	 -7.792
12070 	 -8.166
12072 	 -8.208
12088 	 -7.596
12090 	 -7.643
12100 	 -7.727
12120 	 -7.182
12130 	 -7.099
12148 	 -7.414
12154 	 -8.45
12156 	 -8.441
12176 	 -8.384
12178 	 -9.09
12180 	 -8.826
12182 	 -9.356
12186 	 -9.408
12190 	 -9.724
12200 	 -9.606
12206 	 -9.596
12208 	 -9.774
12210 	 -9.738
12212 	 -10.782
12222 	 -10.675
12226 	 -11.565
12230 	 -11.918
12234 	 -13.266
12236 	 -13.21
12250 	 -13.231
12252 	 -12.479
12254 	 -12.277
12256 	 -12.269
12260 	 -11.952
12264 	 -12.371
12266 	 -12.659
12274 	 -11.407
12282 	 -11.314
12286 	 -11.103
12290 	 -10.831
12296 	 -10.928
12298 	 -10.987
12300 	 -11.131
12302 	 -11.114
12304 	 -10.884
12306 	 -10.847
12308 	 -10.832
12310 	 -10.394
12312 	 -10.647
12324 	 -10.024
12332 	 -10.056
12338 	 -9.804
12344 	 -9.095
12350 	 -9.109
12354 	 -8.828
12358 	 -8.279
12360 	 -7.327
12366 	 -7.352
12372 	 -7.174
12382 	 -7.166
12384 	 -7.15
12386 	 -6.754
12394 	 -6.46
12400 	 -6.348
12404 	 -6.076
12406 	 -6.046
12408 	 -5.971
12412 	 -5.66
12420 	 -5.565
12426 	 -5.541
12430 	 -5.474
12432 	 -5.543
12437 	 -5.763
12438 	 -5.417
12448 	 -5.31
12456 	 -5.037
12466 	 -5.057
12470 	 -5.056
12476 	 -5.259
12480 	 -5.093
12492 	 -5.065
12498 	 -4.866
12508 	 -4.857
12510 	 -4.661
12516 	 -4.76
12532 	 -4.649
12540 	 -4.816
12552 	 -4.696
12562 	 -4.849
12564 	 -4.843
12574 	 -5.856
12576 	 -5.836
12578 	 -5.756
12584 	 -5.552
12590 	 -5.54
12592 	 -5.395
12594 	 -5.667
12598 	 -5.648
12604 	 -5.548
12606 	 -5.477
12618 	 -5.441
12632 	 -5.459
12638 	 -5.79
12640 	 -5.744
12648 	 -5.858
12654 	 -6.123
12664 	 -6.003
12672 	 -5.84
12688 	 -5.847
12692 	 -5.643
12712 	 -5.114
12724 	 -5.179
12732 	 -5.173
12738 	 -4.996
12748 	 -4.979
12768 	 -5.033
12770 	 -5.093
12782 	 -5.18
12788 	 -5.317
12790 	 -5.309
12802 	 -5.692
12816 	 -5.683
12820 	 -5.734
12826 	 -5.905
12828 	 -5.877
12830 	 -5.944
12840 	 -5.853
12868 	 -5.819
12874 	 -5.819
12892 	 -5.865
12894 	 -5.915
12896 	 -6.206
12902 	 -6.786
12908 	 -7.306
12916 	 -7.232
12920 	 -7.522
12924 	 -7.462
12928 	 -8.189
12942 	 -8.065
12954 	 -8.097
12964 	 -7.884
12966 	 -7.993
12968 	 -7.971
12972 	 -8.267
12978 	 -8.528
12982 	 -8.445
12984 	 -7.987
12990 	 -7.802
12992 	 -7.795
12996 	 -7.779
12998 	 -7.754
13002 	 -7.826
13006 	 -7.809
13010 	 -7.928
13012 	 -7.91
13016 	 -7.544
13026 	 -7.35
13028 	 -7.099
13030 	 -7.094
13034 	 -6.937
13036 	 -6.6
13038 	 -6.662
13042 	 -6.589
13046 	 -6.668
13052 	 -6.76
13054 	 -6.753
13060 	 -6.647
13062 	 -6.706
13066 	 -6.539
13068 	 -6.557
13070 	 -6.775
13072 	 -6.811
13074 	 -6.707
13082 	 -6.53
13084 	 -6.586
13096 	 -6.511
13104 	 -6.439
13106 	 -6.698
13108 	 -6.659
13114 	 -6.633
13134 	 -6.986
13138 	 -6.982
13150 	 -6.851
13152 	 -7.246
13158 	 -7.241
13168 	 -7.171
13170 	 -7.018
13176 	 -7.045
13180 	 -7.198
13186 	 -7.256
13192 	 -7.234
13200 	 -7.365
13202 	 -7.092
13204 	 -7.132
13208 	 -7.246
13212 	 -7.245
13220 	 -7.236
13222 	 -7.139
13226 	 -7.179
13230 	 -7.166
13234 	 -7.164
13238 	 -7.169
13242 	 -6.978
13246 	 -6.89
13250 	 -5.81
13262 	 -5.519
13274 	 -5.294
13276 	 -5.152
13280 	 -5.15
13284 	 -5.089
13290 	 -5.147
13296 	 -5.116
13306 	 -5.073
13308 	 -4.991
13312 	 -5.109
13314 	 -4.681
13318 	 -4.627
13322 	 -4.688
13324 	 -4.712
13326 	 -4.677
13328 	 -4.65
13334 	 -4.636
13336 	 -4.613
13346 	 -4.54
13352 	 -4.515
13360 	 -4.616
13374 	 -4.558
13396 	 -4.544
13398 	 -4.599
13416 	 -4.51
13424 	 -4.044
13428 	 -4.145
13430 	 -4.143
13432 	 -4.203
13440 	 -4.2
13442 	 -4.173
13444 	 -4.102
13446 	 -3.793
13448 	 -3.512
13452 	 -3.49
13462 	 -3.483
13466 	 -3.467
13468 	 -3.381
13470 	 -3.45
13472 	 -3.53
13484 	 -3.489
13496 	 -3.46
13504 	 -3.288
13506 	 -3.352
13508 	 -3.329
13512 	 -3.333
13514 	 -3.433
13526 	 -3.418
13538 	 -3.409
13540 	 -3.396
13542 	 -3.38
13544 	 -3.353
13552 	 -3.229
13558 	 -3.326
13564 	 -3.429
13578 	 -3.427
13580 	 -3.136
13586 	 -3.339
13598 	 -3.302
13606 	 -3.199
13610 	 -3.194
13622 	 -3.134
13626 	 -2.748
13634 	 -2.747
13638 	 -2.461
13648 	 -2.472
13650 	 -2.467
13656 	 -2.448
13670 	 -2.359
13672 	 -2.33
13674 	 -2.309
13682 	 -2.352
13684 	 -2.312
13692 	 -2.331
13694 	 -2.322
13700 	 -2.256
13716 	 -2.231
13720 	 -2.16
13722 	 -2.12
13726 	 -2.074
13730 	 -2.052
13738 	 -2.033
13746 	 -2.03
13758 	 -2.06
13760 	 -2.044
13770 	 -1.948
13780 	 -1.789
13782 	 -1.893
13786 	 -1.869
13788 	 -2.032
13800 	 -2.01
13818 	 -2.455
13820 	 -2.35
13822 	 -2.336
13848 	 -2.335
13850 	 -2.17
13854 	 -2.544
13864 	 -2.509
13866 	 -2.48
13868 	 -2.412
13884 	 -2.358
13898 	 -2.313
13908 	 -2.27
13922 	 -2.378
13930 	 -2.297
13934 	 -2.333
13940 	 -2.444
13942 	 -2.435
13952 	 -2.366
13958 	 -2.205
13962 	 -2.168
13978 	 -2.163
13994 	 -1.726
13998 	 -1.62
14002 	 -1.577
14016 	 -1.458
14026 	 -1.377
14028 	 -1.258
14038 	 -1.37
14040 	 -1.368
14046 	 -1.625
14050 	 -1.52
14058 	 -1.539
14066 	 -1.536
14072 	 -1.717
14076 	 -1.574
14078 	 -1.571
14084 	 -2.282
14088 	 -2.19
14096 	 -2.715
14098 	 -2.754
14108 	 -3.016
14110 	 -3.1
14116 	 -2.887
14120 	 -2.88
14146 	 -2.309
14150 	 -2.273
14156 	 -2.19
14164 	 -2.176
14166 	 -2.194
14178 	 -2.147
14186 	 -1.67
14194 	 -1.66
14200 	 -1.556
14208 	 -1.668
14214 	 -1.642
14216 	 -1.64
14220 	 -1.413
14226 	 -1.412
14234 	 -1.317
14236 	 -1.299
14242 	 -1.093
14260 	 -1.089
14266 	 -1.095
14274 	 -1.195
14276 	 -1.129
14290 	 -1.107
14306 	 -1.004
14310 	 -1.003
14316 	 -0.985
14324 	 -0.879
14340 	 -0.842
14342 	 -0.674
14358 	 -0.71
14376 	 -0.636
14394 	 -0.417
14396 	 -0.398
14432 	 -0.291
14466 	 -0.257
14474 	 -0.24
14500 	 -0.239
14532 	 -0.236
14538 	 -0.214
14540 	 -0.201
14546 	 -0.192
14556 	 -0.178
14580 	 -0.167
14642 	 -0.165
14712 	 -0.159
15000 	 -1.401
15024 	 -1.531
15050 	 -2.186
15078 	 -2.631
15112 	 -2.865
15158 	 -2.955
15162 	 -2.996
15174 	 -2.949
15186 	 -2.499
15216 	 -2.704
15232 	 -2.528
15238 	 -2.656
15262 	 -2.28
15268 	 -2.107
15282 	 -1.843
15298 	 -1.496
15308 	 -1.514
15310 	 -1.554
15334 	 -1.702
15336 	 -2
15346 	 -1.948
15352 	 -1.946
15354 	 -2.032
15356 	 -2.203
15372 	 -2.004
15374 	 -1.619
15400 	 -1.059
15422 	 -0.811
15456 	 -0.547
15460 	 -0.401
15470 	 -0.397
15486 	 -0.208
15492 	 -0.137
15558 	 -0.07
15568 	 -0.067
15574 	 -0.038
15660 	 -0.032
15708 	 -0.026
15864 	 -0.021
15904 	 -0.013
15916 	 -0.01
18000 	 -2.128
18020 	 -2.245
18042 	 -2.757
18064 	 -2.891
18088 	 -2.353
18120 	 -1.825
18154 	 -2.664
18180 	 -2.4
18190 	 -2.991
18234 	 -3.922
18252 	 -3.906
18262 	 -3.626
18270 	 -2.98
18278 	 -2.938
18286 	 -2.844
18296 	 -3.748
18316 	 -3.778
18328 	 -4.144
18336 	 -3.91
18342 	 -3.966
18348 	 -3.572
18360 	 -3.131
18368 	 -2.672
18384 	 -2.693
18402 	 -2.004
18420 	 -1.053
18426 	 -0.921
18434 	 -0.744
18448 	 -0.234
18472 	 -0.189
18552 	 -0.02
18864 	 -0.008
19002 	 0
21000 	 -1.44
21001 	 -1.44
