0 	 0
3000 	 -1.376
3024 	 -1.496
3050 	 -1.88
3062 	 -2.472
3078 	 -3.176
3112 	 -3.62
3158 	 -3.808
3164 	 -3.728
3186 	 -2.828
3198 	 -2.688
3216 	 -1.912
3232 	 -1.736
3238 	 -1.364
3262 	 -0.608
3296 	 -0.264
3400 	 -0.024
3636 	 -0.008
3904 	 0
6000 	 -2.478
6020 	 -2.638
6042 	 -3.286
6064 	 -3.582
6088 	 -3.11
6120 	 -2.686
6138 	 -2.872
6154 	 -3.312
6180 	 -3.048
6190 	 -3.516
6198 	 -3.5
6234 	 -3.9
6284 	 -4.203
6296 	 -4.179
6346 	 -4.159
6360 	 -2.871
6374 	 -2.271
6376 	 -1.719
6424 	 -1.319
6444 	 -0.761
6504 	 -0.637
6506 	 -0.613
6552 	 -0.501
6634 	 -0.359
6704 	 -0.331
6710 	 -0.307
6726 	 -0.295
6728 	 -0.267
6782 	 -0.263
6894 	 -0.165
6990 	 -0.145
6994 	 -0.125
7002 	 -0.093
7272 	 -0.089
7278 	 -0.085
7290 	 -0.073
7324 	 -0.025
9000 	 -1.433
9024 	 -1.537
9050 	 -2.497
9078 	 -3.177
9112 	 -3.761
9158 	 -3.713
9162 	 -3.797
9174 	 -3.705
9186 	 -2.857
9216 	 -3.589
9232 	 -3.413
9238 	 -3.801
9262 	 -1.973
9268 	 -1.305
9298 	 -0.417
9304 	 -0.413
9306 	 -0.409
9334 	 -0.277
9400 	 -0.025
9660 	 -0.009
9904 	 -0.001
12000 	 -2.54
12002 	 -2.421
12004 	 -2.652
12006 	 -3.238
12008 	 -3.649
12010 	 -4.719
12012 	 -4.934
12016 	 -5.263
12018 	 -5.309
12020 	 -5.538
12028 	 -5.672
12032 	 -5.638
12034 	 -5.697
12040 	 -5.556
12042 	 -6.032
12054 	 -5.543
12062 	 -5.761
12064 	 -5.837
12070 	 -6.021
12074 	 -5.542
12088 	 -4.93
12090 	 -5.025
12100 	 -5.008
12102 	 -4.892
12120 	 -4.183
12130 	 -3.977
12140 	 -4.242
12154 	 -5.278
12156 	 -5.265
12160 	 -5.623
12164 	 -5.798
12176 	 -5.993
12178 	 -6.086
12180 	 -6.053
12186 	 -6.053
12190 	 -6.369
12198 	 -6.347
12200 	 -6.509
12212 	 -7.553
12222 	 -7.446
12228 	 -7.934
12230 	 -8.005
12234 	 -9.353
12236 	 -9.404
12246 	 -9.684
12252 	 -8.968
12254 	 -8.867
12256 	 -8.844
12262 	 -8.672
12274 	 -7.535
12276 	 -7.609
12282 	 -7.452
12290 	 -7.308
12296 	 -7.614
12304 	 -7.57
12308 	 -7.555
12310 	 -7.669
12314 	 -7.335
12324 	 -6.731
12332 	 -6.763
12334 	 -6.698
12338 	 -6.446
12340 	 -6.498
12344 	 -5.702
12350 	 -5.674
12352 	 -5.628
12358 	 -5.561
12360 	 -4.543
12368 	 -4.443
12376 	 -4.342
12380 	 -4.345
12382 	 -4.333
12384 	 -4.007
12392 	 -3.965
12394 	 -3.945
12402 	 -3.844
12404 	 -3.494
12420 	 -3.483
12432 	 -3.511
12436 	 -3.83
12438 	 -3.202
12444 	 -3.223
12452 	 -3.45
12456 	 -3.204
12460 	 -3.121
12462 	 -3.216
12466 	 -3.681
12480 	 -3.867
12484 	 -3.839
12494 	 -3.79
12510 	 -3.862
12520 	 -3.832
12538 	 -3.951
12546 	 -3.906
12548 	 -3.868
12550 	 -3.831
12552 	 -3.711
12556 	 -3.736
12564 	 -3.904
12574 	 -3.993
12576 	 -3.989
12590 	 -3.978
12592 	 -3.966
12608 	 -3.433
12612 	 -3.492
12624 	 -3.425
12626 	 -3.606
12628 	 -3.682
12630 	 -4.152
12638 	 -4.148
12656 	 -4.045
12660 	 -4.113
12678 	 -4.085
12680 	 -4.427
12690 	 -4.396
12706 	 -4.624
12708 	 -4.614
12710 	 -4.61
12712 	 -4.983
12728 	 -5.433
12744 	 -5.704
12758 	 -5.702
12768 	 -5.714
12770 	 -5.947
12772 	 -6.011
12776 	 -6.001
12782 	 -5.929
12788 	 -5.892
12792 	 -5.883
12794 	 -6.016
12804 	 -6.263
12820 	 -6.243
12830 	 -6.392
12832 	 -6.391
12850 	 -6.326
12868 	 -6.224
12876 	 -6.159
12884 	 -6.119
12886 	 -6.117
12894 	 -6.103
12908 	 -5.979
12920 	 -5.595
12922 	 -5.562
12924 	 -5.527
12942 	 -5.499
12954 	 -5.462
12956 	 -5.398
12964 	 -5.401
12970 	 -5.373
12972 	 -5.326
12988 	 -5.49
12990 	 -5.487
12996 	 -6.139
13004 	 -5.844
13008 	 -6.057
13010 	 -6.06
13018 	 -5.99
13028 	 -5.949
13030 	 -5.974
13036 	 -6.03
13044 	 -6.399
13048 	 -6.479
13062 	 -6.478
13068 	 -6.359
13070 	 -6.005
13080 	 -5.691
13092 	 -5.471
13094 	 -5.472
13100 	 -5.299
13102 	 -5.294
13112 	 -5.153
13114 	 -5.095
13118 	 -5.169
13130 	 -5.268
13144 	 -5.151
13148 	 -5.037
13150 	 -5.081
13182 	 -5.182
13184 	 -5.173
13188 	 -5.1
13190 	 -5.097
13206 	 -4.852
13222 	 -4.81
13232 	 -4.811
13248 	 -5.097
13254 	 -5.155
13258 	 -5.121
13268 	 -5.351
13272 	 -5.434
13284 	 -5.422
13288 	 -5.53
13290 	 -5.513
13294 	 -5.374
13324 	 -4.971
13328 	 -5.074
13336 	 -4.944
13340 	 -4.55
13342 	 -4.408
13346 	 -4.457
13372 	 -4.445
13382 	 -3.805
13388 	 -3.881
13394 	 -3.878
13406 	 -3.818
13414 	 -3.264
13426 	 -3.143
13436 	 -3.135
13438 	 -3.111
13442 	 -3.249
13450 	 -3.222
13454 	 -3.221
13460 	 -3.144
13470 	 -3.109
13500 	 -3.085
13508 	 -3.084
13514 	 -3.075
13524 	 -3.074
13536 	 -3.123
13542 	 -3.119
13546 	 -3.12
13552 	 -2.982
13554 	 -2.965
13576 	 -2.832
13592 	 -2.763
13594 	 -2.679
13600 	 -2.671
13630 	 -2.598
13650 	 -2.55
13658 	 -2.411
13676 	 -2.591
13686 	 -2.586
13744 	 -1.928
13792 	 -1.916
13794 	 -1.934
13814 	 -1.892
13816 	 -1.982
13828 	 -1.979
13834 	 -2.112
13850 	 -1.938
13856 	 -1.928
13866 	 -1.888
13872 	 -2.01
13874 	 -2.016
13882 	 -2.013
13888 	 -1.831
13900 	 -1.823
13902 	 -1.77
13912 	 -1.764
13926 	 -1.551
13940 	 -1.541
13942 	 -1.456
13952 	 -1.497
13984 	 -1.579
13986 	 -1.406
13994 	 -1.475
14002 	 -1.474
14012 	 -1.459
14018 	 -1.567
14032 	 -1.489
14086 	 -1.309
14116 	 -1.473
14136 	 -1.472
14144 	 -1.661
14148 	 -1.643
14170 	 -1.499
14176 	 -1.378
14192 	 -1.359
14200 	 -1.368
14204 	 -1.302
14216 	 -1.16
14220 	 -1.089
14236 	 -1.076
14238 	 -1.015
14240 	 -0.95
14250 	 -0.938
14252 	 -0.922
14256 	 -0.902
14258 	 -0.881
14264 	 -0.845
14272 	 -0.813
14276 	 -0.84
14294 	 -0.831
14296 	 -0.822
14300 	 -0.801
14318 	 -0.799
14326 	 -0.798
14350 	 -0.771
14372 	 -0.758
14386 	 -0.73
14426 	 -1.898
14438 	 -1.787
14454 	 -1.761
14456 	 -1.753
14466 	 -1.849
14468 	 -1.966
14518 	 -1.673
14524 	 -1.672
14526 	 -1.893
14532 	 -1.882
14542 	 -1.881
14544 	 -1.785
14546 	 -1.727
14558 	 -1.938
14572 	 -1.719
14578 	 -1.522
14590 	 -1.447
14614 	 -1.017
14640 	 -0.833
14666 	 -0.819
14668 	 -0.781
14676 	 -1.141
14686 	 -1.077
14696 	 -1.401
14714 	 -1.571
14738 	 -0.907
14748 	 -0.795
14756 	 -0.849
14766 	 -0.84
14776 	 -0.68
14802 	 -0.709
14814 	 -0.695
14850 	 -0.695
14898 	 -0.712
14922 	 -0.718
14942 	 -0.749
14960 	 -0.663
14980 	 -0.55
15000 	 -1.55
15024 	 -1.67
15050 	 -2.436
15060 	 -2.41
15078 	 -2.974
15112 	 -3.413
15136 	 -3.406
15158 	 -3.347
15162 	 -3.41
15174 	 -3.339
15186 	 -2.609
15216 	 -3.175
15232 	 -2.999
15234 	 -3.059
15238 	 -3.287
15250 	 -3.281
15262 	 -1.975
15268 	 -1.715
15282 	 -1.318
15298 	 -0.798
15316 	 -0.833
15318 	 -0.819
15340 	 -0.976
15342 	 -0.973
15346 	 -0.895
15360 	 -0.892
15380 	 -0.72
15400 	 -0.392
15422 	 -0.307
15460 	 -0.178
15486 	 -0.176
15490 	 -0.092
15534 	 -0.059
15544 	 -0.057
15570 	 -0.055
15640 	 -0.046
15642 	 -0.041
15660 	 -0.032
15786 	 -0.03
15904 	 -0.022
15958 	 -0.021
16000 	 -0.018
16272 	 -0.017
16388 	 -0.011
18000 	 -2.129
18020 	 -2.236
18042 	 -2.716
18064 	 -2.813
18088 	 -2.218
18120 	 -1.597
18154 	 -2.616
18180 	 -2.352
18190 	 -2.87
18234 	 -4.036
18252 	 -4.012
18262 	 -3.919
18270 	 -2.95
18278 	 -2.887
18286 	 -2.746
18296 	 -2.923
18316 	 -2.968
18328 	 -3.09
18336 	 -2.739
18342 	 -2.718
18348 	 -2.127
18360 	 -1.303
18368 	 -1.15
18384 	 -1.157
18402 	 -0.75
18420 	 -0.433
18426 	 -0.389
18434 	 -0.33
18448 	 -0.16
18472 	 -0.145
18552 	 -0.016
18864 	 -0.012
19002 	 0
21000 	 -1.44
21001 	 -1.44
