0 	 0
3000 	 -1.376
3024 	 -1.496
3050 	 -1.88
3062 	 -2.472
3078 	 -3.176
3112 	 -3.62
3158 	 -3.808
3164 	 -3.728
3186 	 -2.828
3198 	 -2.688
3216 	 -1.912
3232 	 -1.736
3238 	 -1.364
3262 	 -0.608
3296 	 -0.264
3400 	 -0.024
3636 	 -0.008
3904 	 0
6000 	 -2.478
6020 	 -2.638
6042 	 -3.286
6064 	 -3.582
6088 	 -3.11
6120 	 -2.686
6138 	 -2.872
6154 	 -3.312
6180 	 -3.048
6190 	 -3.516
6198 	 -3.5
6234 	 -3.9
6284 	 -4.203
6296 	 -4.179
6346 	 -4.159
6360 	 -2.871
6374 	 -2.271
6376 	 -1.719
6424 	 -1.319
6444 	 -0.761
6504 	 -0.637
6506 	 -0.613
6552 	 -0.501
6634 	 -0.359
6704 	 -0.331
6710 	 -0.307
6726 	 -0.295
6728 	 -0.267
6782 	 -0.263
6894 	 -0.165
6990 	 -0.145
6994 	 -0.125
7002 	 -0.093
7272 	 -0.089
7278 	 -0.085
7290 	 -0.073
7324 	 -0.025
9000 	 -1.433
9024 	 -1.537
9050 	 -2.497
9078 	 -3.177
9112 	 -3.761
9158 	 -3.713
9162 	 -3.797
9174 	 -3.705
9186 	 -2.857
9216 	 -3.589
9232 	 -3.413
9238 	 -3.801
9262 	 -1.973
9268 	 -1.305
9298 	 -0.417
9304 	 -0.413
9306 	 -0.409
9334 	 -0.277
9400 	 -0.025
9660 	 -0.009
9904 	 -0.001
12000 	 -2.554
12002 	 -2.49
12004 	 -3.121
12006 	 -3.918
12008 	 -4.423
12010 	 -5.061
12012 	 -5.267
12016 	 -5.464
12020 	 -5.693
12028 	 -5.827
12032 	 -5.635
12040 	 -5.475
12042 	 -5.951
12048 	 -5.748
12054 	 -5.259
12064 	 -5.359
12070 	 -5.329
12074 	 -4.85
12088 	 -4.238
12100 	 -4.133
12102 	 -3.916
12108 	 -3.965
12120 	 -3.437
12130 	 -3.396
12140 	 -3.661
12154 	 -4.697
12162 	 -4.67
12164 	 -4.56
12178 	 -4.698
12180 	 -4.665
12186 	 -4.714
12190 	 -5.03
12198 	 -5.002
12200 	 -5.043
12204 	 -5.033
12212 	 -6.077
12228 	 -6.222
12230 	 -6.327
12234 	 -7.675
12252 	 -6.959
12254 	 -6.858
12256 	 -7.01
12262 	 -7.414
12274 	 -6.162
12282 	 -6.005
12286 	 -6.148
12290 	 -5.876
12296 	 -6.182
12304 	 -6.138
12306 	 -6.005
12324 	 -5.401
12332 	 -5.433
12334 	 -5.493
12338 	 -5.241
12344 	 -4.414
12350 	 -4.395
12354 	 -4.272
12358 	 -4.275
12360 	 -3.323
12378 	 -3.485
12380 	 -3.355
12382 	 -3.347
12398 	 -3.471
12400 	 -3.309
12404 	 -3.019
12420 	 -3.008
12436 	 -3.361
12438 	 -3.151
12444 	 -3.159
12452 	 -3.386
12460 	 -3.343
12466 	 -3.808
12468 	 -3.861
12480 	 -4.047
12486 	 -4.026
12488 	 -4.01
12494 	 -3.971
12512 	 -3.765
12520 	 -3.705
12532 	 -3.695
12537 	 -3.761
12552 	 -3.641
12562 	 -3.634
12564 	 -3.731
12568 	 -3.789
12578 	 -3.769
12590 	 -3.758
12594 	 -3.742
12602 	 -3.725
12616 	 -3.481
12626 	 -3.662
12630 	 -4.19
12634 	 -4.066
12638 	 -4.056
12654 	 -4.219
12666 	 -4.177
12688 	 -4.26
12706 	 -4.488
12708 	 -4.451
12710 	 -4.447
12722 	 -4.486
12740 	 -4.709
12742 	 -4.705
12750 	 -4.793
12758 	 -4.791
12760 	 -4.862
12768 	 -4.904
12770 	 -5.137
12776 	 -5.028
12804 	 -4.951
12806 	 -5.008
12840 	 -5.383
12854 	 -5.647
12868 	 -5.935
12908 	 -5.647
12916 	 -5.602
12920 	 -5.512
12924 	 -5.799
12936 	 -5.626
12942 	 -5.658
12952 	 -5.75
12954 	 -5.681
12964 	 -5.653
12968 	 -5.498
12972 	 -5.649
12990 	 -5.706
12996 	 -5.69
13002 	 -5.832
13004 	 -5.758
13008 	 -5.744
13024 	 -5.586
13028 	 -5.466
13030 	 -5.39
13032 	 -5.438
13040 	 -5.384
13044 	 -5.781
13048 	 -5.977
13052 	 -5.959
13068 	 -5.84
13080 	 -5.526
13088 	 -5.525
13092 	 -5.521
13094 	 -5.519
13096 	 -5.246
13100 	 -5.271
13102 	 -5.266
13108 	 -4.93
13114 	 -4.909
13118 	 -5.36
13122 	 -5.35
13124 	 -5.318
13132 	 -5.407
13136 	 -5.35
13146 	 -5.289
13150 	 -5.313
13152 	 -5.5
13156 	 -5.487
13176 	 -5.966
13182 	 -6.064
13190 	 -6.268
13206 	 -6.328
13210 	 -6.275
13218 	 -6.392
13222 	 -6.275
13248 	 -5.152
13252 	 -5.225
13254 	 -5.318
13270 	 -5.506
13272 	 -5.544
13284 	 -5.529
13286 	 -5.396
13290 	 -5.379
13292 	 -5.471
13296 	 -5.478
13308 	 -5.283
13318 	 -5.267
13322 	 -5.412
13326 	 -5.489
13340 	 -5.095
13342 	 -5.161
13346 	 -5.193
13354 	 -5.156
13358 	 -5.28
13364 	 -5.091
13368 	 -5.092
13372 	 -5.08
13376 	 -5.06
13382 	 -4.919
13386 	 -4.862
13388 	 -4.856
13394 	 -4.859
13400 	 -4.83
13408 	 -4.819
13412 	 -4.738
13414 	 -4.404
13420 	 -4.478
13432 	 -4.459
13438 	 -4.679
13442 	 -4.502
13450 	 -4.464
13454 	 -4.423
13462 	 -4.411
13468 	 -4.309
13472 	 -4.247
13488 	 -4.124
13490 	 -4.114
13492 	 -3.942
13496 	 -3.89
13508 	 -3.892
13514 	 -3.775
13520 	 -3.857
13522 	 -3.844
13532 	 -3.815
13538 	 -3.801
13540 	 -3.773
13542 	 -3.769
13546 	 -3.519
13548 	 -3.484
13558 	 -3.299
13574 	 -3.49
13592 	 -3.408
13594 	 -3.313
13614 	 -3.381
13618 	 -3.367
13620 	 -3.348
13632 	 -3.231
13634 	 -3.217
13648 	 -3.189
13658 	 -3.156
13684 	 -3.135
13688 	 -3.133
13700 	 -3.131
13728 	 -3.82
13740 	 -3.987
13742 	 -4.085
13744 	 -3.515
13758 	 -3.951
13764 	 -3.986
13790 	 -3.855
13792 	 -4.666
13796 	 -4.694
13798 	 -4.779
13802 	 -4.819
13810 	 -4.579
13814 	 -4.537
13816 	 -4.618
13820 	 -4.532
13826 	 -4.319
13834 	 -4.087
13838 	 -3.849
13844 	 -3.836
13850 	 -3.676
13852 	 -3.469
13856 	 -3.158
13876 	 -3.002
13880 	 -2.637
13882 	 -2.55
13884 	 -2.492
13888 	 -2.497
13900 	 -2.486
13902 	 -2.433
13904 	 -2.429
13906 	 -2.433
13912 	 -2.427
13916 	 -2.585
13920 	 -2.437
13928 	 -2.505
13930 	 -2.526
13936 	 -2.525
13942 	 -2.689
13952 	 -2.662
13956 	 -2.43
13984 	 -1.918
13988 	 -1.917
13990 	 -1.894
14006 	 -1.903
14012 	 -1.888
14018 	 -1.863
14022 	 -1.855
14024 	 -1.849
14028 	 -1.783
14030 	 -1.749
14032 	 -1.671
14038 	 -1.671
14040 	 -1.909
14042 	 -1.754
14048 	 -2.402
14054 	 -2.455
14068 	 -2.432
14080 	 -2.363
14082 	 -2.196
14086 	 -2.28
14098 	 -2.313
14108 	 -2.308
14110 	 -2.074
14122 	 -1.974
14146 	 -1.805
14152 	 -1.803
14168 	 -1.8
14170 	 -1.236
14180 	 -1.188
14184 	 -1.087
14186 	 -0.992
14188 	 -0.974
14190 	 -0.96
14194 	 -1.08
14200 	 -1.008
14218 	 -0.996
14226 	 -1.045
14232 	 -1.006
14234 	 -1.009
14248 	 -1.003
14250 	 -1.055
14284 	 -1.093
14296 	 -1.16
14318 	 -1.158
14322 	 -1.191
14326 	 -1.19
14344 	 -1.219
14350 	 -1.284
14356 	 -1.283
14370 	 -1.331
14376 	 -1.329
14380 	 -1.326
14384 	 -1.315
14390 	 -1.216
14394 	 -1.2
14412 	 -0.893
14426 	 -0.742
14434 	 -0.691
14436 	 -0.56
14460 	 -0.525
14476 	 -0.506
14494 	 -0.44
14506 	 -0.435
14516 	 -0.417
14518 	 -0.352
14546 	 -0.345
14566 	 -0.326
14582 	 -0.324
14600 	 -0.304
14608 	 -0.3
14672 	 -0.292
14710 	 -0.286
14748 	 -0.281
15000 	 -1.434
15024 	 -1.552
15050 	 -2.224
15078 	 -2.664
15112 	 -2.921
15136 	 -2.91
15158 	 -3.062
15162 	 -3.083
15164 	 -3.072
15174 	 -3.048
15186 	 -2.681
15216 	 -2.874
15232 	 -2.698
15238 	 -2.841
15250 	 -2.835
15262 	 -2.728
15268 	 -2.467
15282 	 -2.335
15298 	 -1.926
15308 	 -1.961
15310 	 -2.001
15334 	 -2.297
15336 	 -2.595
15338 	 -2.563
15342 	 -2.56
15346 	 -2.534
15354 	 -2.711
15356 	 -2.881
15360 	 -2.878
15372 	 -2.679
15374 	 -2.084
15400 	 -1.405
15422 	 -1.068
15456 	 -0.806
15460 	 -0.514
15486 	 -0.322
15492 	 -0.18
15544 	 -0.178
15558 	 -0.108
15574 	 -0.05
15656 	 -0.046
15660 	 -0.043
15864 	 -0.035
15904 	 -0.027
15916 	 -0.021
16000 	 -0.018
16388 	 -0.012
18000 	 -2.128
18020 	 -2.254
18042 	 -2.798
18064 	 -2.972
18088 	 -2.474
18120 	 -1.992
18154 	 -2.912
18180 	 -2.648
18190 	 -3.374
18234 	 -4.404
18252 	 -4.388
18262 	 -4.014
18270 	 -3.368
18278 	 -3.326
18286 	 -3.232
18296 	 -4.494
18316 	 -4.524
18328 	 -5.012
18336 	 -4.778
18342 	 -4.864
18348 	 -4.47
18360 	 -4.096
18368 	 -3.484
18384 	 -3.512
18402 	 -2.644
18420 	 -1.376
18426 	 -1.2
18434 	 -0.964
18448 	 -0.284
18472 	 -0.224
18552 	 -0.024
18864 	 -0.008
19002 	 0
21000 	 -1.44
21001 	 -1.44
