0 	 0
3000 	 -1.376
3024 	 -1.496
3050 	 -1.88
3062 	 -2.472
3078 	 -3.176
3112 	 -3.62
3158 	 -3.808
3164 	 -3.728
3186 	 -2.828
3198 	 -2.688
3216 	 -1.912
3232 	 -1.736
3238 	 -1.364
3262 	 -0.608
3296 	 -0.264
3400 	 -0.024
3636 	 -0.008
3904 	 0
6000 	 -2.478
6020 	 -2.638
6042 	 -3.286
6064 	 -3.582
6088 	 -3.11
6120 	 -2.686
6138 	 -2.872
6154 	 -3.312
6180 	 -3.048
6190 	 -3.516
6198 	 -3.5
6234 	 -3.9
6284 	 -4.203
6296 	 -4.179
6346 	 -4.159
6360 	 -2.871
6374 	 -2.271
6376 	 -1.719
6424 	 -1.319
6444 	 -0.761
6504 	 -0.637
6506 	 -0.613
6552 	 -0.501
6634 	 -0.359
6704 	 -0.331
6710 	 -0.307
6726 	 -0.295
6728 	 -0.267
6782 	 -0.263
6894 	 -0.165
6990 	 -0.145
6994 	 -0.125
7002 	 -0.093
7272 	 -0.089
7278 	 -0.085
7290 	 -0.073
7324 	 -0.025
9000 	 -1.433
9024 	 -1.537
9050 	 -2.497
9078 	 -3.177
9112 	 -3.761
9158 	 -3.713
9162 	 -3.797
9174 	 -3.705
9186 	 -2.857
9216 	 -3.589
9232 	 -3.413
9238 	 -3.801
9262 	 -1.973
9268 	 -1.305
9298 	 -0.417
9304 	 -0.413
9306 	 -0.409
9334 	 -0.277
9400 	 -0.025
9660 	 -0.009
9904 	 -0.001
12000 	 -2.54
12002 	 -2.421
12004 	 -2.612
12006 	 -3.198
12010 	 -4.268
12016 	 -4.597
12018 	 -4.643
12020 	 -4.759
12028 	 -4.893
12032 	 -4.859
12034 	 -4.918
12040 	 -4.689
12042 	 -5.165
12054 	 -4.676
12062 	 -4.894
12064 	 -4.97
12074 	 -4.491
12088 	 -3.879
12090 	 -3.974
12102 	 -3.858
12120 	 -3.149
12140 	 -3.414
12154 	 -4.45
12156 	 -4.455
12164 	 -4.63
12176 	 -4.825
12178 	 -4.804
12180 	 -4.771
12186 	 -4.771
12190 	 -5.087
12200 	 -5.124
12212 	 -6.168
12222 	 -6.061
12228 	 -6.492
12234 	 -7.84
12236 	 -7.817
12252 	 -7.101
12262 	 -7.282
12274 	 -6.03
12282 	 -5.902
12290 	 -5.713
12296 	 -6.019
12304 	 -5.975
12308 	 -5.96
12310 	 -5.933
12324 	 -5.329
12332 	 -5.361
12338 	 -5.109
12340 	 -5.26
12344 	 -4.464
12350 	 -4.445
12352 	 -4.399
12356 	 -4.433
12360 	 -3.512
12368 	 -3.412
12382 	 -3.4
12386 	 -3.455
12394 	 -3.435
12402 	 -3.334
12404 	 -3.062
12420 	 -3.051
12432 	 -2.852
12436 	 -3.216
12452 	 -3.443
12454 	 -3.491
12460 	 -3.37
12466 	 -3.835
12472 	 -3.896
12480 	 -4.082
12484 	 -4.054
12494 	 -4.005
12498 	 -3.941
12520 	 -3.911
12536 	 -4.092
12546 	 -4.072
12548 	 -3.714
12552 	 -3.594
12562 	 -3.558
12564 	 -3.726
12590 	 -3.715
12592 	 -3.703
12600 	 -3.255
12602 	 -3.372
12612 	 -3.298
12626 	 -3.479
12630 	 -4.097
12638 	 -4.093
12640 	 -4.056
12648 	 -3.954
12664 	 -4.037
12668 	 -4.227
12680 	 -4.281
12688 	 -4.258
12706 	 -4.495
12708 	 -4.485
12710 	 -4.481
12734 	 -4.497
12756 	 -4.648
12758 	 -4.646
12762 	 -4.663
12768 	 -4.705
12770 	 -4.938
12788 	 -4.775
12796 	 -4.75
12800 	 -4.888
12814 	 -4.87
12820 	 -4.627
12842 	 -4.794
12852 	 -4.732
12886 	 -4.73
12908 	 -4.321
12916 	 -4.315
12920 	 -4.225
12924 	 -4.272
12940 	 -4.205
12942 	 -4.237
12946 	 -4.228
12954 	 -4.159
12956 	 -4.235
12968 	 -4.312
12972 	 -4.344
12988 	 -4.288
12990 	 -4.345
12996 	 -4.329
13004 	 -4.255
13008 	 -4.241
13028 	 -4.2
13030 	 -4.252
13036 	 -4.25
13044 	 -4.644
13052 	 -4.532
13062 	 -4.531
13068 	 -4.412
13080 	 -4.091
13086 	 -4.196
13088 	 -4.167
13102 	 -4.162
13114 	 -4.07
13132 	 -4.118
13140 	 -4.26
13180 	 -4.252
13206 	 -4.043
13224 	 -4.035
13248 	 -4.06
13258 	 -3.894
13268 	 -3.867
13272 	 -3.843
13282 	 -3.778
13290 	 -3.761
13304 	 -3.774
13324 	 -3.755
13340 	 -3.527
13346 	 -3.559
13352 	 -3.553
13372 	 -3.541
13388 	 -3.751
13394 	 -3.748
13414 	 -3.878
13416 	 -3.751
13430 	 -3.87
13434 	 -4.067
13442 	 -3.89
13456 	 -4.059
13460 	 -3.979
13472 	 -3.862
13490 	 -3.852
13508 	 -3.851
13514 	 -3.842
13536 	 -3.573
13542 	 -3.569
13546 	 -3.319
13568 	 -3.294
13582 	 -3.448
13592 	 -3.298
13596 	 -3.213
13604 	 -3.173
13612 	 -3.154
13618 	 -3.14
13620 	 -3.197
13622 	 -3.156
13634 	 -3.154
13650 	 -3.112
13658 	 -2.845
13682 	 -2.834
13688 	 -3.06
13726 	 -3.033
13732 	 -3.379
13744 	 -2.821
13746 	 -2.862
13750 	 -3.258
13754 	 -3.589
13762 	 -3.968
13768 	 -3.962
13780 	 -3.862
13786 	 -3.624
13788 	 -3.623
13798 	 -3.757
13800 	 -3.444
13808 	 -3.275
13814 	 -3.233
13816 	 -3.086
13818 	 -2.858
13828 	 -2.652
13844 	 -2.639
13854 	 -2.44
13858 	 -2.394
13874 	 -2.254
13882 	 -2.145
13884 	 -2.131
13888 	 -2.159
13900 	 -2.151
13902 	 -2.098
13906 	 -2.26
13910 	 -2.394
13912 	 -2.289
13922 	 -2.308
13924 	 -2.463
13942 	 -2.513
13950 	 -2.531
13960 	 -2.498
13984 	 -2.079
14000 	 -2.018
14006 	 -2.019
14010 	 -2.026
14012 	 -2.011
14016 	 -2.053
14020 	 -1.759
14032 	 -1.681
14034 	 -1.553
14036 	 -2.356
14040 	 -3.097
14044 	 -2.9
14060 	 -2.875
14062 	 -2.953
14070 	 -3.1
14076 	 -2.993
14090 	 -2.736
14092 	 -2.589
14104 	 -2.639
14106 	 -2.487
14108 	 -2.482
14110 	 -2.937
14118 	 -3.075
14120 	 -3.059
14130 	 -2.857
14134 	 -2.661
14138 	 -2.829
14148 	 -2.745
14150 	 -2.58
14152 	 -2.53
14162 	 -2.44
14174 	 -1.941
14180 	 -2.035
14186 	 -2.017
14188 	 -2.016
14192 	 -1.957
14198 	 -1.829
14200 	 -1.749
14202 	 -1.564
14222 	 -1.534
14230 	 -1.445
14232 	 -1.399
14242 	 -1.353
14250 	 -1.337
14272 	 -1.289
14274 	 -1.107
14276 	 -1.699
14304 	 -1.697
14308 	 -2.258
14314 	 -2.165
14316 	 -2.163
14318 	 -2.161
14326 	 -2.133
14330 	 -1.982
14332 	 -2.037
14340 	 -2.017
14348 	 -1.999
14354 	 -1.733
14364 	 -1.729
14368 	 -1.728
14372 	 -1.519
14388 	 -1.538
14410 	 -1.232
14426 	 -1.081
14432 	 -1.006
14434 	 -0.942
14450 	 -0.817
14466 	 -0.76
14474 	 -0.683
14478 	 -0.79
14488 	 -0.87
14496 	 -0.858
14514 	 -0.798
14516 	 -0.937
14528 	 -1.067
14558 	 -1.053
14566 	 -1.05
14580 	 -1.023
14590 	 -1
14600 	 -0.998
14606 	 -1.054
14610 	 -1.098
14628 	 -1.1
14634 	 -1.1
14640 	 -1.09
14642 	 -1.082
14644 	 -1.067
14646 	 -0.918
14652 	 -0.766
14672 	 -0.64
14678 	 -0.519
14692 	 -0.516
14698 	 -0.481
14726 	 -0.394
14758 	 -0.335
14778 	 -0.331
14780 	 -0.301
14848 	 -0.288
15000 	 -1.435
15024 	 -1.551
15050 	 -2.076
15078 	 -2.391
15112 	 -2.443
15158 	 -2.395
15162 	 -2.416
15174 	 -2.392
15186 	 -1.992
15216 	 -1.813
15232 	 -1.637
15238 	 -1.701
15250 	 -1.695
15262 	 -1.431
15268 	 -1.345
15282 	 -1.213
15298 	 -1.04
15306 	 -1.056
15308 	 -1.074
15332 	 -1.219
15334 	 -1.367
15342 	 -1.364
15346 	 -1.338
15352 	 -1.438
15354 	 -1.524
15360 	 -1.521
15370 	 -1.34
15372 	 -1.141
15400 	 -0.718
15422 	 -0.532
15460 	 -0.386
15464 	 -0.236
15486 	 -0.234
15492 	 -0.163
15496 	 -0.098
15564 	 -0.097
15574 	 -0.068
15590 	 -0.044
15660 	 -0.041
15890 	 -0.039
15904 	 -0.031
15916 	 -0.028
15968 	 -0.025
16000 	 -0.022
16110 	 -0.02
16224 	 -0.019
16326 	 -0.018
16388 	 -0.012
16478 	 -0.011
18000 	 -2.128
18020 	 -2.227
18042 	 -2.675
18064 	 -2.726
18088 	 -2.125
18120 	 -1.552
18154 	 -1.968
18180 	 -1.704
18190 	 -1.963
18234 	 -2.362
18252 	 -2.354
18262 	 -2.166
18270 	 -1.843
18278 	 -1.822
18286 	 -1.775
18296 	 -2.335
18316 	 -2.35
18328 	 -2.594
18336 	 -2.477
18342 	 -2.52
18348 	 -2.323
18360 	 -2.064
18368 	 -1.758
18384 	 -1.772
18402 	 -1.338
18420 	 -0.704
18426 	 -0.616
18434 	 -0.498
18448 	 -0.158
18472 	 -0.128
18552 	 -0.012
18864 	 -0.004
19002 	 0
21000 	 -1.44
21001 	 -1.44
