0 	 0
3000 	 -1.376
3024 	 -1.496
3050 	 -1.88
3062 	 -2.472
3078 	 -3.176
3112 	 -3.62
3158 	 -3.808
3164 	 -3.728
3186 	 -2.828
3198 	 -2.688
3216 	 -1.912
3232 	 -1.736
3238 	 -1.364
3262 	 -0.608
3296 	 -0.264
3400 	 -0.024
3636 	 -0.008
3904 	 0
6000 	 -2.478
6020 	 -2.638
6042 	 -3.286
6064 	 -3.582
6088 	 -3.11
6120 	 -2.686
6138 	 -2.872
6154 	 -3.312
6180 	 -3.048
6190 	 -3.516
6198 	 -3.5
6234 	 -3.9
6284 	 -4.203
6296 	 -4.179
6346 	 -4.159
6360 	 -2.871
6374 	 -2.271
6376 	 -1.719
6424 	 -1.319
6444 	 -0.761
6504 	 -0.637
6506 	 -0.613
6552 	 -0.501
6634 	 -0.359
6704 	 -0.331
6710 	 -0.307
6726 	 -0.295
6728 	 -0.267
6782 	 -0.263
6894 	 -0.165
6990 	 -0.145
6994 	 -0.125
7002 	 -0.093
7272 	 -0.089
7278 	 -0.085
7290 	 -0.073
7324 	 -0.025
9000 	 -1.433
9024 	 -1.537
9050 	 -2.497
9078 	 -3.177
9112 	 -3.761
9158 	 -3.713
9162 	 -3.797
9174 	 -3.705
9186 	 -2.857
9216 	 -3.589
9232 	 -3.413
9238 	 -3.801
9262 	 -1.973
9268 	 -1.305
9298 	 -0.417
9304 	 -0.413
9306 	 -0.409
9334 	 -0.277
9400 	 -0.025
9660 	 -0.009
9904 	 -0.001
12000 	 -2.554
12002 	 -2.49
12004 	 -3.161
12006 	 -3.958
12008 	 -4.874
12010 	 -5.512
12012 	 -5.933
12016 	 -6.13
12020 	 -6.472
12028 	 -6.606
12032 	 -6.414
12040 	 -6.342
12042 	 -6.818
12048 	 -6.615
12054 	 -6.126
12064 	 -6.226
12070 	 -6.379
12074 	 -5.9
12088 	 -5.288
12100 	 -5.16
12102 	 -4.943
12108 	 -4.992
12120 	 -4.464
12130 	 -4.377
12140 	 -4.642
12154 	 -5.678
12162 	 -5.651
12164 	 -5.541
12178 	 -5.798
12180 	 -5.765
12186 	 -5.866
12190 	 -6.182
12198 	 -6.154
12200 	 -6.273
12204 	 -6.263
12206 	 -6.253
12212 	 -7.297
12228 	 -7.442
12230 	 -7.815
12234 	 -9.163
12252 	 -8.447
12254 	 -8.245
12256 	 -8.361
12262 	 -8.776
12264 	 -8.971
12270 	 -9.038
12274 	 -7.786
12282 	 -7.6
12286 	 -7.589
12288 	 -7.681
12290 	 -7.409
12296 	 -7.715
12300 	 -7.778
12304 	 -7.548
12306 	 -7.415
12312 	 -7.38
12318 	 -7.371
12324 	 -6.752
12332 	 -6.784
12334 	 -6.672
12338 	 -6.42
12344 	 -5.593
12350 	 -5.578
12354 	 -5.368
12356 	 -5.392
12358 	 -5.395
12360 	 -4.443
12364 	 -4.401
12372 	 -4.386
12378 	 -3.991
12380 	 -3.861
12382 	 -3.794
12384 	 -3.703
12394 	 -3.553
12400 	 -3.391
12404 	 -3.183
12420 	 -3.172
12436 	 -3.51
12438 	 -3.01
12444 	 -3.032
12448 	 -3.098
12452 	 -3.325
12454 	 -3.196
12460 	 -3.113
12462 	 -3.16
12466 	 -3.625
12480 	 -3.811
12488 	 -3.795
12494 	 -3.809
12496 	 -3.828
12504 	 -3.784
12520 	 -3.754
12522 	 -3.794
12530 	 -3.764
12532 	 -3.754
12552 	 -3.634
12558 	 -3.699
12562 	 -3.692
12564 	 -3.928
12576 	 -3.908
12578 	 -4.104
12590 	 -4.093
12596 	 -4.245
12602 	 -4.228
12618 	 -4.623
12622 	 -4.619
12626 	 -4.8
12630 	 -5.588
12636 	 -5.494
12638 	 -5.456
12658 	 -5.442
12666 	 -5.321
12672 	 -5.309
12686 	 -5.24
12704 	 -5.144
12706 	 -5.37
12710 	 -5.366
12714 	 -5.327
12720 	 -5.826
12726 	 -5.89
12742 	 -5.862
12758 	 -5.622
12768 	 -5.664
12770 	 -5.897
12774 	 -5.867
12778 	 -5.856
12792 	 -5.535
12796 	 -5.497
12804 	 -5.612
12806 	 -5.539
12816 	 -5.528
12840 	 -5.439
12844 	 -5.374
12848 	 -5.106
12856 	 -5.163
12864 	 -5.059
12890 	 -4.972
12894 	 -4.897
12900 	 -4.84
12908 	 -4.739
12920 	 -4.649
12924 	 -4.678
12936 	 -4.663
12942 	 -4.652
12948 	 -4.824
12950 	 -4.699
12954 	 -4.63
12956 	 -4.614
12972 	 -4.567
12986 	 -4.675
12990 	 -4.669
12996 	 -4.653
13004 	 -4.579
13008 	 -4.565
13016 	 -4.49
13028 	 -4.449
13044 	 -5.064
13068 	 -4.945
13076 	 -4.884
13080 	 -4.544
13088 	 -4.543
13094 	 -4.541
13100 	 -4.467
13102 	 -4.462
13114 	 -4.441
13124 	 -4.434
13128 	 -4.609
13140 	 -4.597
13206 	 -4.763
13248 	 -4.711
13290 	 -4.773
13296 	 -4.848
13302 	 -5.051
13332 	 -5.229
13336 	 -5.566
13340 	 -5.172
13346 	 -5.204
13372 	 -5.192
13374 	 -5.418
13388 	 -5.412
13392 	 -5.43
13394 	 -5.427
13408 	 -5.184
13414 	 -5.479
13424 	 -5.499
13428 	 -5.523
13432 	 -5.446
13442 	 -5.565
13446 	 -5.544
13452 	 -5.585
13454 	 -5.584
13456 	 -5.614
13464 	 -5.796
13476 	 -5.667
13482 	 -5.671
13490 	 -5.661
13494 	 -5.563
13508 	 -5.585
13514 	 -5.576
13516 	 -5.486
13520 	 -5.271
13534 	 -5.657
13538 	 -5.548
13542 	 -5.544
13546 	 -5.294
13548 	 -5.174
13554 	 -5.348
13560 	 -5.418
13562 	 -5.395
13566 	 -5.369
13568 	 -5.58
13572 	 -5.56
13584 	 -5.3
13588 	 -4.815
13592 	 -4.746
13598 	 -4.647
13602 	 -5.043
13608 	 -5.272
13610 	 -5.216
13612 	 -5.35
13618 	 -5.336
13620 	 -5.456
13624 	 -5.259
13626 	 -5.446
13638 	 -5.434
13658 	 -5.102
13664 	 -5.141
13670 	 -5.225
13682 	 -5.051
13698 	 -4.867
13702 	 -4.958
13708 	 -4.965
13740 	 -5.001
13744 	 -3.447
13762 	 -3.315
13766 	 -3.374
13768 	 -3.362
13776 	 -3.44
13792 	 -3.367
13800 	 -3.438
13802 	 -3.321
13810 	 -3.189
13812 	 -3.15
13814 	 -3.21
13816 	 -3.209
13824 	 -2.999
13828 	 -3.024
13830 	 -3.465
13832 	 -3.436
13838 	 -3.478
13844 	 -3.317
13848 	 -3.392
13854 	 -3.317
13858 	 -3.519
13862 	 -3.528
13876 	 -3.512
13886 	 -3.625
13888 	 -3.733
13890 	 -3.57
13896 	 -3.582
13900 	 -3.555
13902 	 -3.417
13904 	 -3.39
13906 	 -3.753
13910 	 -3.676
13912 	 -3.67
13914 	 -3.345
13918 	 -3.72
13922 	 -3.812
13938 	 -3.953
13940 	 -3.683
13942 	 -3.646
13958 	 -3.417
13966 	 -3.917
13984 	 -3.302
13990 	 -3.248
13992 	 -3.155
13994 	 -2.98
13996 	 -2.97
14006 	 -2.974
14010 	 -2.888
14012 	 -2.826
14016 	 -2.662
14028 	 -2.68
14032 	 -2.315
14034 	 -2.294
14038 	 -2.157
14042 	 -2.082
14044 	 -2.073
14050 	 -2.008
14058 	 -1.944
14062 	 -1.924
14064 	 -1.996
14076 	 -1.993
14080 	 -1.843
14082 	 -1.732
14106 	 -1.572
14108 	 -1.558
14110 	 -1.556
14112 	 -1.57
14114 	 -1.475
14116 	 -1.453
14138 	 -1.43
14156 	 -1.565
14166 	 -2.146
14182 	 -2.247
14188 	 -2.241
14190 	 -2.434
14192 	 -2.39
14194 	 -2.388
14200 	 -2.319
14202 	 -2.309
14206 	 -2.207
14214 	 -2.18
14216 	 -2.17
14220 	 -1.918
14226 	 -1.947
14234 	 -1.846
14248 	 -1.821
14250 	 -1.845
14256 	 -1.816
14260 	 -1.814
14262 	 -1.57
14294 	 -1.562
14296 	 -0.618
14298 	 -0.61
14300 	 -0.979
14312 	 -0.991
14314 	 -0.816
14316 	 -0.909
14318 	 -0.907
14320 	 -0.887
14326 	 -0.886
14338 	 -0.946
14348 	 -0.995
14352 	 -0.982
14362 	 -0.98
14374 	 -0.958
14388 	 -1.16
14394 	 -1.156
14402 	 -1.151
14404 	 -1.149
14412 	 -1.177
14416 	 -1.161
14426 	 -1
14430 	 -0.992
14436 	 -0.989
14438 	 -1.026
14454 	 -1.025
14464 	 -1.044
14484 	 -1.091
14490 	 -1.09
14498 	 -0.998
14502 	 -1.029
14518 	 -0.894
14520 	 -0.799
14540 	 -0.639
14554 	 -0.585
14564 	 -0.467
14596 	 -0.424
14600 	 -0.371
14604 	 -0.366
14612 	 -0.349
14664 	 -0.327
14706 	 -0.295
14738 	 -0.294
14780 	 -0.287
14824 	 -0.281
15000 	 -1.427
15024 	 -1.566
15050 	 -2.345
15078 	 -2.923
15112 	 -3.368
15158 	 -3.393
15162 	 -3.456
15174 	 -3.384
15186 	 -2.707
15216 	 -3.322
15232 	 -3.146
15238 	 -3.339
15250 	 -3.333
15262 	 -2.342
15268 	 -2.083
15282 	 -1.687
15298 	 -1.167
15308 	 -1.201
15334 	 -1.498
15342 	 -1.495
15346 	 -1.417
15354 	 -1.593
15360 	 -1.59
15372 	 -1.391
15374 	 -1.176
15400 	 -0.717
15422 	 -0.541
15460 	 -0.248
15486 	 -0.246
15492 	 -0.105
15574 	 -0.047
15660 	 -0.037
15904 	 -0.029
15916 	 -0.023
16000 	 -0.02
16040 	 -0.019
16164 	 -0.018
16286 	 -0.017
16388 	 -0.011
18000 	 -2.128
18020 	 -2.245
18042 	 -2.757
18064 	 -2.894
18088 	 -2.339
18120 	 -1.764
18154 	 -2.864
18180 	 -2.6
18190 	 -3.253
18234 	 -4.518
18252 	 -4.494
18262 	 -4.306
18270 	 -3.337
18278 	 -3.274
18286 	 -3.133
18296 	 -3.669
18316 	 -3.714
18328 	 -3.958
18336 	 -3.607
18342 	 -3.616
18348 	 -3.025
18360 	 -2.268
18368 	 -1.962
18384 	 -1.976
18402 	 -1.39
18420 	 -0.756
18426 	 -0.668
18434 	 -0.55
18448 	 -0.21
18472 	 -0.18
18552 	 -0.02
18864 	 -0.012
19002 	 0
21000 	 -1.44
21001 	 -1.44
