0 	 0
3000 	 -1.376
3024 	 -1.496
3050 	 -1.88
3062 	 -2.472
3078 	 -3.176
3112 	 -3.62
3158 	 -3.808
3164 	 -3.728
3186 	 -2.828
3198 	 -2.688
3216 	 -1.912
3232 	 -1.736
3238 	 -1.364
3262 	 -0.608
3296 	 -0.264
3400 	 -0.024
3636 	 -0.008
3904 	 0
6000 	 -2.478
6020 	 -2.638
6042 	 -3.286
6064 	 -3.582
6088 	 -3.11
6120 	 -2.686
6138 	 -2.872
6154 	 -3.312
6180 	 -3.048
6190 	 -3.516
6198 	 -3.5
6234 	 -3.9
6284 	 -4.203
6296 	 -4.179
6346 	 -4.159
6360 	 -2.871
6374 	 -2.271
6376 	 -1.719
6424 	 -1.319
6444 	 -0.761
6504 	 -0.637
6506 	 -0.613
6552 	 -0.501
6634 	 -0.359
6704 	 -0.331
6710 	 -0.307
6726 	 -0.295
6728 	 -0.267
6782 	 -0.263
6894 	 -0.165
6990 	 -0.145
6994 	 -0.125
7002 	 -0.093
7272 	 -0.089
7278 	 -0.085
7290 	 -0.073
7324 	 -0.025
9000 	 -1.433
9024 	 -1.537
9050 	 -2.497
9078 	 -3.177
9112 	 -3.761
9158 	 -3.713
9162 	 -3.797
9174 	 -3.705
9186 	 -2.857
9216 	 -3.589
9232 	 -3.413
9238 	 -3.801
9262 	 -1.973
9268 	 -1.305
9298 	 -0.417
9304 	 -0.413
9306 	 -0.409
9334 	 -0.277
9400 	 -0.025
9660 	 -0.009
9904 	 -0.001
12000 	 -2.54
12002 	 -2.421
12004 	 -2.692
12006 	 -3.278
12008 	 -4.1
12010 	 -5.17
12012 	 -5.6
12016 	 -5.929
12018 	 -5.975
12020 	 -6.317
12028 	 -6.451
12032 	 -6.417
12034 	 -6.469
12040 	 -6.426
12042 	 -6.902
12054 	 -6.413
12062 	 -6.605
12064 	 -6.681
12070 	 -7.056
12074 	 -6.577
12088 	 -5.965
12090 	 -6.012
12100 	 -5.949
12102 	 -5.833
12120 	 -5.288
12130 	 -5.045
12140 	 -5.31
12154 	 -6.346
12156 	 -6.333
12160 	 -6.691
12164 	 -6.581
12176 	 -6.524
12178 	 -6.829
12180 	 -6.796
12186 	 -6.796
12190 	 -7.112
12198 	 -7.09
12200 	 -7.011
12210 	 -7.042
12212 	 -8.086
12222 	 -7.979
12228 	 -8.124
12230 	 -8.377
12234 	 -9.725
12236 	 -9.669
12246 	 -9.963
12250 	 -9.946
12252 	 -9.194
12254 	 -8.992
12256 	 -8.866
12262 	 -9.003
12266 	 -8.893
12274 	 -7.641
12276 	 -7.44
12282 	 -7.399
12286 	 -7.315
12290 	 -7.043
12296 	 -7.349
12302 	 -7.332
12304 	 -7.288
12306 	 -7.252
12308 	 -7.237
12310 	 -7.123
12314 	 -7.138
12324 	 -6.534
12326 	 -6.488
12332 	 -6.52
12334 	 -6.535
12338 	 -6.074
12344 	 -5.302
12350 	 -5.335
12358 	 -5.304
12360 	 -4.352
12362 	 -4.32
12368 	 -4.31
12376 	 -4.209
12380 	 -4.16
12382 	 -4.152
12384 	 -4.136
12392 	 -4.13
12404 	 -3.6
12412 	 -3.791
12418 	 -3.706
12420 	 -3.695
12432 	 -3.592
12436 	 -3.912
12438 	 -3.401
12444 	 -3.425
12452 	 -3.652
12456 	 -3.288
12460 	 -3.205
12462 	 -3.292
12466 	 -3.757
12480 	 -3.943
12494 	 -3.904
12508 	 -4.262
12510 	 -4.18
12520 	 -4.247
12528 	 -4.242
12550 	 -4.044
12552 	 -3.924
12554 	 -4.206
12564 	 -4.374
12576 	 -4.37
12578 	 -4.404
12580 	 -4.503
12590 	 -4.492
12604 	 -4.452
12608 	 -4.396
12610 	 -5.226
12624 	 -5.213
12626 	 -5.394
12630 	 -5.865
12638 	 -5.798
12672 	 -5.901
12686 	 -6.331
12700 	 -6.543
12704 	 -6.131
12706 	 -6.359
12708 	 -6.249
12710 	 -6.245
12712 	 -6.232
12714 	 -6.419
12722 	 -6.439
12724 	 -6.492
12726 	 -6.46
12734 	 -6.338
12744 	 -6.363
12748 	 -6.269
12750 	 -6.388
12754 	 -6.169
12758 	 -6.167
12768 	 -6.209
12770 	 -6.442
12774 	 -6.36
12776 	 -6.35
12788 	 -6.005
12790 	 -5.997
12806 	 -5.807
12814 	 -5.92
12824 	 -5.884
12826 	 -6.014
12828 	 -5.977
12836 	 -6.099
12840 	 -6.085
12842 	 -6.074
12848 	 -5.977
12850 	 -5.966
12852 	 -5.837
12860 	 -5.899
12864 	 -6.007
12866 	 -5.98
12868 	 -6.12
12876 	 -6.09
12878 	 -6.146
12888 	 -6.295
12904 	 -6.095
12908 	 -5.963
12920 	 -5.873
12924 	 -5.838
12928 	 -5.967
12932 	 -5.976
12936 	 -6.126
12940 	 -6.292
12942 	 -6.324
12948 	 -6.613
12950 	 -6.587
12954 	 -6.518
12958 	 -7.603
12968 	 -7.588
12970 	 -7.504
12972 	 -7.457
12974 	 -7.526
12976 	 -7.806
12988 	 -7.787
12990 	 -7.781
12992 	 -7.892
12996 	 -7.916
13004 	 -7.842
13008 	 -7.828
13014 	 -7.228
13020 	 -7.699
13022 	 -7.646
13028 	 -7.605
13030 	 -7.938
13034 	 -7.976
13036 	 -7.972
13038 	 -7.761
13042 	 -7.773
13044 	 -8.255
13050 	 -7.889
13054 	 -7.73
13062 	 -7.72
13066 	 -7.818
13068 	 -7.699
13070 	 -7.7
13074 	 -7.412
13080 	 -7.098
13086 	 -7.211
13096 	 -7.538
13098 	 -7.311
13100 	 -7.005
13102 	 -6.931
13104 	 -6.903
13110 	 -6.792
13114 	 -6.771
13116 	 -6.938
13126 	 -6.977
13130 	 -7.091
13134 	 -7.041
13138 	 -7.037
13144 	 -6.878
13150 	 -6.923
13158 	 -6.865
13164 	 -6.863
13170 	 -6.855
13172 	 -6.626
13174 	 -6.607
13182 	 -6.606
13184 	 -6.885
13186 	 -6.852
13188 	 -6.781
13192 	 -6.781
13196 	 -6.621
13198 	 -6.976
13202 	 -7.152
13206 	 -7.406
13212 	 -7.398
13216 	 -7.251
13234 	 -7.176
13248 	 -6.975
13254 	 -6.919
13262 	 -6.872
13266 	 -6.827
13268 	 -6.832
13270 	 -6.527
13272 	 -6.534
13274 	 -6.514
13276 	 -6.528
13278 	 -6.482
13280 	 -6.434
13286 	 -6.38
13288 	 -6.352
13290 	 -6.335
13296 	 -6.367
13300 	 -6.421
13302 	 -6.551
13306 	 -6.382
13316 	 -6.37
13318 	 -6.424
13320 	 -6.061
13322 	 -5.904
13324 	 -6.001
13338 	 -5.811
13340 	 -5.417
13342 	 -5.397
13346 	 -5.308
13370 	 -5.077
13372 	 -5.065
13382 	 -4.92
13386 	 -4.895
13388 	 -4.67
13392 	 -4.359
13394 	 -4.356
13396 	 -4.335
13398 	 -4.38
13402 	 -4.291
13404 	 -4.262
13406 	 -4.225
13410 	 -4.256
13412 	 -4.23
13414 	 -4.25
13426 	 -4.226
13428 	 -4.234
13432 	 -4.179
13434 	 -4.218
13438 	 -4.242
13442 	 -4.161
13450 	 -4.144
13454 	 -4.143
13464 	 -4.231
13466 	 -4.224
13470 	 -4.197
13472 	 -4.193
13486 	 -4.257
13488 	 -4.255
13490 	 -4.245
13496 	 -4.138
13502 	 -4.072
13510 	 -4.123
13514 	 -4.114
13526 	 -4.1
13532 	 -4.03
13542 	 -4.026
13546 	 -3.776
13550 	 -3.741
13552 	 -3.868
13560 	 -3.735
13568 	 -3.562
13576 	 -3.548
13584 	 -3.521
13588 	 -3.502
13592 	 -3.566
13602 	 -3.559
13618 	 -3.545
13620 	 -3.413
13624 	 -3.347
13632 	 -3.364
13642 	 -3.459
13654 	 -3.085
13658 	 -3.03
13662 	 -3
13672 	 -2.919
13680 	 -2.902
13684 	 -2.795
13708 	 -2.783
13744 	 -1.741
13756 	 -1.727
13768 	 -1.7
13788 	 -1.627
13794 	 -1.587
13798 	 -1.53
13802 	 -1.577
13814 	 -1.53
13826 	 -1.529
13834 	 -1.588
13840 	 -1.465
13844 	 -1.452
13880 	 -1.433
13882 	 -1.452
13900 	 -1.444
13902 	 -1.391
13912 	 -1.385
13916 	 -1.334
13924 	 -1.289
13938 	 -1.325
13966 	 -1.316
13984 	 -1.35
13994 	 -1.297
14004 	 -1.417
14012 	 -1.402
14032 	 -1.324
14040 	 -1.293
14042 	 -1.185
14062 	 -1.173
14084 	 -1.05
14086 	 -1.045
14100 	 -0.978
14104 	 -0.971
14108 	 -0.966
14116 	 -0.952
14120 	 -0.899
14140 	 -0.789
14150 	 -0.785
14166 	 -0.778
14170 	 -0.777
14192 	 -0.749
14200 	 -0.751
14202 	 -0.75
14228 	 -0.748
14256 	 -0.775
14266 	 -0.767
14276 	 -0.753
14318 	 -0.751
14326 	 -0.75
14332 	 -0.796
14356 	 -1.184
14360 	 -1.409
14368 	 -1.392
14382 	 -1.39
14416 	 -1.389
14426 	 -1.786
14430 	 -1.773
14454 	 -2.246
14476 	 -2.244
14488 	 -2.586
14516 	 -2.631
14526 	 -2.501
14532 	 -2.408
14550 	 -2.207
14574 	 -1.882
14586 	 -1.794
14598 	 -1.873
14604 	 -2.005
14616 	 -2.444
14620 	 -2.214
14622 	 -2.148
14640 	 -2.421
14644 	 -2.652
14670 	 -2.263
14674 	 -2.109
14676 	 -2.127
14678 	 -2.06
14686 	 -2.034
14688 	 -2.523
14692 	 -2.519
14700 	 -2.661
14702 	 -2.61
14706 	 -2.502
14708 	 -2.515
14712 	 -2.493
14714 	 -2.597
14730 	 -2.511
14738 	 -2.363
14740 	 -2.18
14750 	 -1.896
14760 	 -1.65
14772 	 -1.499
14802 	 -1.102
14822 	 -0.978
14828 	 -1.027
14834 	 -1.013
14836 	 -0.952
14858 	 -0.966
14876 	 -0.914
14882 	 -0.828
14904 	 -0.73
14916 	 -0.715
14924 	 -0.591
14960 	 -0.538
15000 	 -1.544
15024 	 -1.686
15050 	 -2.447
15078 	 -3.025
15084 	 -3.001
15112 	 -3.443
15120 	 -3.441
15158 	 -3.467
15162 	 -3.53
15174 	 -3.459
15182 	 -3.451
15186 	 -2.804
15216 	 -3.356
15232 	 -3.18
15238 	 -3.408
15250 	 -3.402
15262 	 -2.4
15268 	 -2.141
15282 	 -1.744
15286 	 -1.731
15298 	 -1.212
15306 	 -1.197
15308 	 -1.232
15322 	 -1.224
15334 	 -1.521
15342 	 -1.518
15346 	 -1.44
15354 	 -1.622
15360 	 -1.619
15374 	 -1.189
15400 	 -0.743
15422 	 -0.567
15460 	 -0.276
15480 	 -0.267
15486 	 -0.265
15492 	 -0.121
15574 	 -0.078
15594 	 -0.058
15654 	 -0.051
15660 	 -0.042
15904 	 -0.034
15916 	 -0.03
16000 	 -0.027
16082 	 -0.025
16182 	 -0.021
16288 	 -0.02
16388 	 -0.014
18000 	 -2.128
18020 	 -2.245
18042 	 -2.757
18064 	 -2.894
18088 	 -2.339
18120 	 -1.764
18154 	 -2.864
18180 	 -2.6
18190 	 -3.253
18234 	 -4.518
18252 	 -4.494
18262 	 -4.306
18270 	 -3.337
18278 	 -3.274
18286 	 -3.133
18296 	 -3.669
18316 	 -3.714
18328 	 -3.958
18336 	 -3.607
18342 	 -3.616
18348 	 -3.025
18360 	 -2.268
18368 	 -1.962
18384 	 -1.976
18402 	 -1.39
18420 	 -0.756
18426 	 -0.668
18434 	 -0.55
18448 	 -0.21
18472 	 -0.18
18552 	 -0.02
18864 	 -0.012
19002 	 0
21000 	 -1.44
21001 	 -1.44
