0 	 0
3000 	 -1.376
3024 	 -1.496
3050 	 -1.88
3062 	 -2.472
3078 	 -3.176
3112 	 -3.62
3158 	 -3.808
3164 	 -3.728
3186 	 -2.828
3198 	 -2.688
3216 	 -1.912
3232 	 -1.736
3238 	 -1.364
3262 	 -0.608
3296 	 -0.264
3400 	 -0.024
3636 	 -0.008
3904 	 0
6000 	 -2.478
6020 	 -2.638
6042 	 -3.286
6064 	 -3.582
6088 	 -3.11
6120 	 -2.686
6138 	 -2.872
6154 	 -3.312
6180 	 -3.048
6190 	 -3.516
6198 	 -3.5
6234 	 -3.9
6284 	 -4.203
6296 	 -4.179
6346 	 -4.159
6360 	 -2.871
6374 	 -2.271
6376 	 -1.719
6424 	 -1.319
6444 	 -0.761
6504 	 -0.637
6506 	 -0.613
6552 	 -0.501
6634 	 -0.359
6704 	 -0.331
6710 	 -0.307
6726 	 -0.295
6728 	 -0.267
6782 	 -0.263
6894 	 -0.165
6990 	 -0.145
6994 	 -0.125
7002 	 -0.093
7272 	 -0.089
7278 	 -0.085
7290 	 -0.073
7324 	 -0.025
9000 	 -1.433
9024 	 -1.537
9050 	 -2.497
9078 	 -3.177
9112 	 -3.761
9158 	 -3.713
9162 	 -3.797
9174 	 -3.705
9186 	 -2.857
9216 	 -3.589
9232 	 -3.413
9238 	 -3.801
9262 	 -1.973
9268 	 -1.305
9298 	 -0.417
9304 	 -0.413
9306 	 -0.409
9334 	 -0.277
9400 	 -0.025
9660 	 -0.009
9904 	 -0.001
12000 	 -2.54
12002 	 -2.421
12004 	 -2.774
12006 	 -3.36
12008 	 -5.026
12010 	 -6.096
12012 	 -6.954
12016 	 -7.283
12018 	 -7.329
12020 	 -7.888
12028 	 -8.022
12032 	 -7.988
12034 	 -8.04
12040 	 -8.103
12042 	 -8.579
12054 	 -8.09
12062 	 -8.282
12064 	 -8.358
12070 	 -8.908
12074 	 -8.429
12088 	 -7.817
12090 	 -7.864
12100 	 -7.859
12102 	 -7.743
12114 	 -7.884
12120 	 -7.346
12130 	 -7.113
12140 	 -7.378
12154 	 -8.414
12156 	 -8.441
12164 	 -8.331
12176 	 -8.274
12178 	 -8.311
12180 	 -8.278
12182 	 -8.744
12184 	 -8.596
12186 	 -8.59
12190 	 -8.906
12192 	 -8.849
12200 	 -8.46
12208 	 -8.852
12210 	 -9.03
12212 	 -10.074
12222 	 -9.967
12226 	 -10.048
12228 	 -10.193
12230 	 -10.114
12234 	 -11.462
12236 	 -11.406
12242 	 -11.52
12248 	 -11.552
12250 	 -11.458
12252 	 -10.667
12254 	 -10.364
12256 	 -10.272
12264 	 -10.171
12266 	 -10.354
12274 	 -8.876
12276 	 -8.917
12282 	 -8.468
12286 	 -8.381
12290 	 -8.109
12294 	 -8.062
12296 	 -8.225
12300 	 -8.307
12302 	 -8.29
12304 	 -7.996
12306 	 -7.959
12308 	 -7.944
12310 	 -7.827
12320 	 -7.829
12322 	 -7.749
12324 	 -7.145
12328 	 -7.186
12330 	 -7.129
12332 	 -7.161
12338 	 -6.909
12344 	 -6.054
12350 	 -6.035
12358 	 -5.979
12360 	 -5.027
12382 	 -5.019
12384 	 -5.003
12386 	 -4.666
12404 	 -4.394
12406 	 -4.364
12410 	 -4.441
12412 	 -4.385
12420 	 -4.374
12432 	 -4.375
12436 	 -4.697
12437 	 -4.917
12438 	 -4.664
12440 	 -4.806
12444 	 -4.88
12452 	 -5.107
12456 	 -4.674
12460 	 -4.591
12466 	 -5.097
12472 	 -5.024
12476 	 -5.34
12480 	 -5.382
12494 	 -5.343
12508 	 -5.334
12510 	 -5.116
12516 	 -5.289
12520 	 -5.259
12526 	 -5.181
12532 	 -5.172
12534 	 -5.028
12540 	 -5.101
12544 	 -5.04
12550 	 -4.887
12552 	 -4.767
12562 	 -4.68
12564 	 -4.848
12566 	 -4.806
12580 	 -4.806
12590 	 -4.685
12594 	 -4.986
12596 	 -5.546
12598 	 -5.497
12604 	 -5.617
12618 	 -5.634
12620 	 -5.775
12626 	 -5.956
12630 	 -6.427
12638 	 -6.423
12642 	 -6.288
12648 	 -6.415
12664 	 -6.295
12672 	 -5.991
12682 	 -5.873
12706 	 -6.101
12710 	 -6.097
12712 	 -5.736
12746 	 -5.893
12748 	 -5.876
12758 	 -5.874
12768 	 -5.916
12770 	 -6.149
12778 	 -5.971
12782 	 -6.078
12788 	 -6.109
12790 	 -6.101
12792 	 -6.154
12796 	 -6.123
12814 	 -6.121
12820 	 -6.39
12826 	 -6.678
12832 	 -6.619
12840 	 -6.538
12843 	 -6.863
12863 	 -7.141
12872 	 -7.899
12874 	 -8.109
12882 	 -8.084
12898 	 -8.147
12904 	 -7.955
12908 	 -7.657
12916 	 -7.433
12918 	 -7.454
12920 	 -7.362
12922 	 -7.25
12924 	 -7.155
12926 	 -7.188
12928 	 -7.2
12932 	 -7.181
12934 	 -7.14
12936 	 -6.918
12938 	 -6.898
12942 	 -6.93
12948 	 -7.639
12952 	 -7.609
12954 	 -7.54
12956 	 -7.549
12960 	 -7.301
12964 	 -7.264
12970 	 -6.814
12972 	 -6.767
12976 	 -6.81
12978 	 -6.74
12980 	 -6.83
12984 	 -6.768
12988 	 -6.844
12990 	 -6.835
12994 	 -6.796
12996 	 -6.78
13002 	 -6.668
13004 	 -6.487
13006 	 -6.523
13008 	 -6.5
13012 	 -6.159
13016 	 -6.058
13020 	 -6.031
13026 	 -5.888
13028 	 -5.964
13034 	 -5.89
13042 	 -5.89
13044 	 -6.142
13046 	 -6.119
13050 	 -6.208
13060 	 -6.232
13062 	 -6.231
13068 	 -6.112
13074 	 -6.069
13078 	 -5.998
13080 	 -5.684
13084 	 -5.668
13088 	 -5.871
13090 	 -5.81
13096 	 -6.047
13102 	 -6.042
13108 	 -6.188
13110 	 -6.489
13114 	 -6.442
13124 	 -6.637
13126 	 -6.983
13128 	 -6.948
13138 	 -6.873
13150 	 -6.797
13158 	 -6.792
13182 	 -5.807
13186 	 -6.094
13198 	 -5.982
13206 	 -5.911
13210 	 -5.91
13214 	 -5.887
13220 	 -5.878
13222 	 -5.839
13224 	 -5.684
13230 	 -5.476
13232 	 -5.456
13234 	 -5.423
13244 	 -5.101
13248 	 -4.632
13250 	 -4.537
13258 	 -4.527
13268 	 -4.603
13276 	 -4.691
13278 	 -4.511
13288 	 -4.51
13290 	 -4.493
13298 	 -4.56
13300 	 -4.447
13310 	 -4.242
13320 	 -4.209
13338 	 -4.347
13340 	 -3.953
13342 	 -3.912
13344 	 -3.91
13346 	 -4.122
13352 	 -4.257
13360 	 -4.237
13372 	 -4.225
13374 	 -4.313
13378 	 -4.36
13380 	 -4.531
13388 	 -4.477
13392 	 -4.457
13394 	 -4.491
13412 	 -4.496
13414 	 -4.274
13420 	 -4.287
13424 	 -4.307
13426 	 -4.354
13438 	 -4.387
13442 	 -4.459
13446 	 -4.505
13450 	 -4.551
13458 	 -4.471
13466 	 -4.436
13470 	 -4.733
13482 	 -4.763
13490 	 -4.753
13494 	 -4.261
13498 	 -4.515
13500 	 -4.508
13508 	 -4.485
13512 	 -4.352
13514 	 -4.313
13534 	 -4.259
13542 	 -4.255
13544 	 -4.186
13546 	 -3.63
13550 	 -3.607
13552 	 -3.711
13556 	 -3.749
13560 	 -3.719
13566 	 -3.821
13568 	 -3.791
13574 	 -3.754
13586 	 -3.783
13588 	 -3.853
13592 	 -3.784
13598 	 -3.668
13604 	 -3.621
13608 	 -3.683
13612 	 -3.641
13614 	 -3.681
13618 	 -3.571
13654 	 -3.853
13658 	 -3.758
13670 	 -3.645
13690 	 -3.643
13696 	 -3.543
13698 	 -3.951
13702 	 -3.937
13706 	 -3.74
13720 	 -3.732
13724 	 -3.72
13728 	 -3.705
13744 	 -3.09
13746 	 -3.085
13748 	 -3.066
13760 	 -2.885
13782 	 -2.837
13788 	 -2.71
13794 	 -2.406
13798 	 -2.529
13812 	 -2.535
13814 	 -2.493
13818 	 -2.457
13820 	 -2.519
13822 	 -2.505
13824 	 -2.481
13836 	 -2.532
13844 	 -2.519
13848 	 -2.518
13850 	 -2.576
13856 	 -2.637
13870 	 -2.569
13876 	 -2.427
13878 	 -2.438
13886 	 -2.506
13892 	 -2.49
13894 	 -2.533
13900 	 -2.525
13902 	 -2.472
13912 	 -2.466
13920 	 -2.525
13938 	 -2.519
13942 	 -2.433
13958 	 -2.459
13966 	 -2.411
13972 	 -2.383
13978 	 -2.382
13980 	 -2.401
13984 	 -2.483
13996 	 -2.473
14012 	 -2.458
14014 	 -2.457
14030 	 -2.386
14032 	 -2.308
14036 	 -2.37
14044 	 -2.368
14054 	 -2.509
14108 	 -2.504
14112 	 -2.544
14124 	 -2.566
14126 	 -2.489
14158 	 -2.457
14182 	 -2.167
14190 	 -2.297
14200 	 -2.304
14202 	 -2.378
14210 	 -2.35
14212 	 -2.225
14232 	 -2.297
14234 	 -2.267
14248 	 -2.266
14256 	 -2.294
14264 	 -2.314
14266 	 -2.321
14272 	 -2.316
14288 	 -2.383
14298 	 -2.315
14302 	 -2.34
14318 	 -2.338
14322 	 -2.311
14326 	 -2.31
14330 	 -2.642
14338 	 -2.357
14340 	 -2.172
14356 	 -2.265
14358 	 -2.411
14359 	 -2.466
14368 	 -2.451
14376 	 -2.393
14385 	 -2.6
14398 	 -2.421
14399 	 -2.513
14406 	 -2.596
14414 	 -2.595
14426 	 -2.992
14428 	 -2.944
14444 	 -2.911
14446 	 -3.101
14448 	 -3.1
14452 	 -3.104
14454 	 -3.086
14456 	 -2.865
14468 	 -2.854
14476 	 -2.84
14480 	 -3.066
14496 	 -3.037
14500 	 -3.086
14510 	 -3.1
14512 	 -3.257
14514 	 -3.314
14528 	 -3.136
14534 	 -3.093
14536 	 -2.948
14538 	 -2.916
14540 	 -2.857
14548 	 -2.787
14562 	 -2.124
14574 	 -2.036
14576 	 -1.9
14578 	 -1.876
14580 	 -1.753
14588 	 -1.688
14592 	 -1.634
14602 	 -1.431
14606 	 -1.466
14608 	 -2.065
14618 	 -1.957
14620 	 -1.9
14634 	 -1.893
14638 	 -1.904
14644 	 -1.857
14658 	 -1.226
14680 	 -1.201
14686 	 -1.167
14694 	 -1.162
14698 	 -1.012
14716 	 -1.011
14718 	 -0.957
14728 	 -0.768
14756 	 -0.648
14770 	 -0.614
14780 	 -0.606
14782 	 -0.53
14798 	 -0.515
14804 	 -0.513
14840 	 -0.422
14888 	 -0.397
15000 	 -1.46
15024 	 -1.59
15050 	 -2.245
15078 	 -2.692
15112 	 -2.931
15158 	 -2.85
15162 	 -2.892
15174 	 -2.845
15186 	 -2.267
15216 	 -2.413
15232 	 -2.237
15238 	 -2.4
15250 	 -2.394
15262 	 -1.517
15268 	 -1.345
15282 	 -1.08
15292 	 -1.07
15298 	 -0.726
15310 	 -0.747
15336 	 -0.896
15342 	 -0.86
15346 	 -0.834
15356 	 -0.919
15360 	 -0.916
15374 	 -0.726
15390 	 -0.719
15400 	 -0.406
15422 	 -0.326
15432 	 -0.32
15456 	 -0.189
15486 	 -0.092
15558 	 -0.057
15606 	 -0.056
15654 	 -0.054
15660 	 -0.048
15690 	 -0.047
15864 	 -0.043
15904 	 -0.035
16000 	 -0.032
16102 	 -0.029
16154 	 -0.027
16194 	 -0.025
16322 	 -0.024
16368 	 -0.022
16388 	 -0.016
16560 	 -0.015
18000 	 -2.128
18020 	 -2.227
18042 	 -2.675
18064 	 -2.729
18088 	 -2.111
18120 	 -1.491
18154 	 -2.168
18180 	 -1.904
18190 	 -2.225
18234 	 -2.958
18252 	 -2.942
18262 	 -2.849
18270 	 -2.203
18278 	 -2.161
18286 	 -2.067
18296 	 -2.256
18316 	 -2.286
18328 	 -2.408
18336 	 -2.174
18342 	 -2.17
18348 	 -1.776
18360 	 -1.201
18368 	 -1.048
18384 	 -1.055
18402 	 -0.724
18420 	 -0.407
18426 	 -0.363
18434 	 -0.304
18448 	 -0.134
18472 	 -0.119
18552 	 -0.012
18864 	 -0.008
19002 	 0
21000 	 -1.44
21001 	 -1.44
