0 	 0
3000 	 -1.376
3024 	 -1.496
3050 	 -1.88
3062 	 -2.472
3078 	 -3.176
3112 	 -3.62
3158 	 -3.808
3164 	 -3.728
3186 	 -2.828
3198 	 -2.688
3216 	 -1.912
3232 	 -1.736
3238 	 -1.364
3262 	 -0.608
3296 	 -0.264
3400 	 -0.024
3636 	 -0.008
3904 	 0
6000 	 -2.478
6020 	 -2.638
6042 	 -3.286
6064 	 -3.582
6088 	 -3.11
6120 	 -2.686
6138 	 -2.872
6154 	 -3.312
6180 	 -3.048
6190 	 -3.516
6198 	 -3.5
6234 	 -3.9
6284 	 -4.203
6296 	 -4.179
6346 	 -4.159
6360 	 -2.871
6374 	 -2.271
6376 	 -1.719
6424 	 -1.319
6444 	 -0.761
6504 	 -0.637
6506 	 -0.613
6552 	 -0.501
6634 	 -0.359
6704 	 -0.331
6710 	 -0.307
6726 	 -0.295
6728 	 -0.267
6782 	 -0.263
6894 	 -0.165
6990 	 -0.145
6994 	 -0.125
7002 	 -0.093
7272 	 -0.089
7278 	 -0.085
7290 	 -0.073
7324 	 -0.025
9000 	 -1.433
9024 	 -1.537
9050 	 -2.497
9078 	 -3.177
9112 	 -3.761
9158 	 -3.713
9162 	 -3.797
9174 	 -3.705
9186 	 -2.857
9216 	 -3.589
9232 	 -3.413
9238 	 -3.801
9262 	 -1.973
9268 	 -1.305
9298 	 -0.417
9304 	 -0.413
9306 	 -0.409
9334 	 -0.277
9400 	 -0.025
9660 	 -0.009
9904 	 -0.001
12000 	 -2.554
12002 	 -2.49
12004 	 -3.203
12006 	 -4
12008 	 -5.349
12010 	 -5.987
12012 	 -6.621
12016 	 -6.818
12020 	 -7.264
12028 	 -7.398
12032 	 -7.206
12040 	 -7.152
12042 	 -7.628
12048 	 -7.425
12054 	 -6.936
12064 	 -7.036
12070 	 -7.19
12074 	 -6.711
12088 	 -6.099
12100 	 -6.114
12102 	 -5.897
12108 	 -5.946
12120 	 -5.418
12130 	 -5.171
12140 	 -5.436
12154 	 -6.472
12160 	 -6.83
12162 	 -6.803
12164 	 -6.693
12178 	 -6.876
12180 	 -6.843
12182 	 -7.309
12186 	 -7.352
12190 	 -7.668
12198 	 -7.618
12200 	 -7.788
12204 	 -7.778
12208 	 -8.17
12212 	 -9.214
12228 	 -9.359
12230 	 -9.687
12234 	 -11.035
12246 	 -11.356
12252 	 -10.64
12254 	 -10.438
12256 	 -10.431
12262 	 -10.801
12266 	 -11.218
12274 	 -9.966
12276 	 -9.846
12282 	 -9.66
12286 	 -9.831
12290 	 -9.559
12296 	 -9.722
12304 	 -9.678
12306 	 -9.545
12310 	 -9.675
12314 	 -9.398
12322 	 -9.322
12324 	 -8.718
12332 	 -8.75
12334 	 -8.613
12338 	 -8.361
12344 	 -7.534
12350 	 -7.506
12354 	 -7.383
12358 	 -7.319
12360 	 -6.515
12368 	 -6.418
12376 	 -6.317
12380 	 -6.19
12382 	 -6.182
12384 	 -5.823
12386 	 -5.616
12392 	 -5.61
12400 	 -5.448
12404 	 -5.214
12406 	 -5.184
12410 	 -5.271
12412 	 -5.211
12420 	 -5.2
12436 	 -5.57
12437 	 -5.79
12438 	 -5.014
12440 	 -5.156
12444 	 -5.211
12452 	 -5.438
12460 	 -5.355
12466 	 -5.929
12472 	 -5.856
12476 	 -6.075
12480 	 -6.117
12488 	 -6.101
12492 	 -6.048
12494 	 -6.172
12498 	 -6.251
12508 	 -6.242
12516 	 -6.415
12520 	 -6.385
12526 	 -6.253
12532 	 -6.243
12540 	 -6.464
12544 	 -6.403
12550 	 -6.394
12552 	 -6.274
12562 	 -6.32
12564 	 -6.488
12566 	 -6.446
12576 	 -6.442
12578 	 -6.422
12582 	 -6.141
12584 	 -6.151
12590 	 -6.03
12594 	 -6.183
12602 	 -6.166
12604 	 -6.156
12616 	 -6.135
12618 	 -5.949
12624 	 -5.302
12626 	 -5.483
12630 	 -5.954
12638 	 -5.944
12640 	 -5.979
12644 	 -5.993
12648 	 -6.026
12662 	 -6.07
12664 	 -5.95
12668 	 -6.41
12682 	 -6.698
12702 	 -6.793
12706 	 -7.021
12710 	 -7.017
12712 	 -6.34
12722 	 -5.993
12724 	 -5.955
12730 	 -5.97
12742 	 -5.966
12746 	 -5.843
12748 	 -5.826
12752 	 -5.712
12758 	 -5.71
12764 	 -5.729
12768 	 -5.771
12770 	 -6.004
12774 	 -5.91
12776 	 -5.9
12782 	 -5.808
12784 	 -5.832
12788 	 -6.011
12818 	 -6.353
12840 	 -6.569
12850 	 -6.387
12870 	 -6.358
12874 	 -6.336
12886 	 -6.335
12896 	 -6.417
12908 	 -6.237
12910 	 -6.209
12920 	 -6.119
12924 	 -6.176
12930 	 -6.168
12936 	 -6.647
12940 	 -6.959
12942 	 -6.991
12950 	 -7.433
12954 	 -7.364
12964 	 -7.606
12966 	 -7.796
12972 	 -7.749
12976 	 -7.689
12988 	 -7.488
12990 	 -7.877
12996 	 -7.861
13004 	 -8.015
13006 	 -8.131
13008 	 -8.117
13016 	 -7.856
13022 	 -7.377
13028 	 -7.492
13030 	 -7.485
13034 	 -7.459
13042 	 -7.272
13044 	 -7.652
13046 	 -7.657
13048 	 -7.498
13052 	 -7.663
13054 	 -7.534
13068 	 -7.333
13070 	 -7.172
13072 	 -7.494
13076 	 -7.396
13078 	 -7.394
13080 	 -7.08
13088 	 -7.079
13092 	 -7.172
13094 	 -7.17
13098 	 -7.2
13102 	 -7.199
13114 	 -7.152
13120 	 -6.982
13126 	 -6.814
13134 	 -6.927
13142 	 -6.912
13144 	 -6.97
13148 	 -6.901
13150 	 -6.608
13170 	 -6.598
13174 	 -6.784
13176 	 -6.775
13182 	 -6.774
13184 	 -6.782
13186 	 -6.649
13188 	 -6.587
13194 	 -6.661
13198 	 -6.944
13200 	 -7.502
13206 	 -7.397
13208 	 -7.352
13212 	 -7.472
13216 	 -7.395
13220 	 -7.386
13224 	 -7.538
13230 	 -7.486
13232 	 -7.463
13234 	 -7.461
13248 	 -6.81
13252 	 -6.946
13258 	 -6.935
13264 	 -7.053
13272 	 -6.849
13278 	 -6.855
13280 	 -6.862
13282 	 -6.802
13284 	 -6.87
13290 	 -6.686
13300 	 -7
13304 	 -6.84
13306 	 -6.676
13318 	 -6.756
13320 	 -6.491
13322 	 -6.472
13330 	 -5.8
13336 	 -5.624
13340 	 -5.23
13344 	 -5.177
13346 	 -5.005
13358 	 -4.981
13360 	 -4.936
13362 	 -5.03
13370 	 -4.86
13372 	 -4.848
13376 	 -4.937
13388 	 -4.939
13390 	 -4.935
13392 	 -4.884
13394 	 -4.879
13400 	 -4.855
13414 	 -4.925
13416 	 -5.005
13420 	 -4.901
13424 	 -5.016
13430 	 -5.15
13442 	 -5.322
13448 	 -5.822
13450 	 -5.821
13454 	 -5.82
13456 	 -5.641
13460 	 -5.721
13474 	 -5.644
13488 	 -5.616
13490 	 -5.703
13496 	 -5.748
13500 	 -5.877
13508 	 -5.796
13514 	 -5.758
13518 	 -5.781
13532 	 -5.776
13538 	 -5.901
13540 	 -5.888
13542 	 -5.884
13546 	 -5.636
13548 	 -5.612
13550 	 -5.494
13556 	 -5.581
13558 	 -5.44
13564 	 -5.32
13570 	 -4.963
13578 	 -4.947
13582 	 -4.827
13584 	 -4.773
13586 	 -4.898
13590 	 -4.872
13592 	 -4.863
13594 	 -4.838
13600 	 -4.812
13604 	 -4.792
13606 	 -4.773
13618 	 -4.759
13624 	 -4.887
13630 	 -4.76
13632 	 -4.71
13636 	 -4.712
13650 	 -4.783
13656 	 -4.751
13658 	 -4.675
13660 	 -4.636
13666 	 -4.656
13684 	 -4.693
13692 	 -4.647
13716 	 -4.581
13722 	 -4.618
13726 	 -4.662
13734 	 -4.732
13736 	 -4.65
13740 	 -4.651
13744 	 -4.045
13748 	 -4.038
13752 	 -4.04
13756 	 -4.136
13760 	 -4.133
13766 	 -4.101
13768 	 -4.1
13776 	 -4.158
13784 	 -3.942
13796 	 -3.776
13802 	 -3.96
13814 	 -3.918
13818 	 -3.875
13822 	 -3.761
13830 	 -3.747
13832 	 -3.562
13844 	 -3.549
13850 	 -3.592
13852 	 -3.53
13870 	 -3.518
13876 	 -3.546
13880 	 -3.547
13882 	 -3.546
13888 	 -3.603
13890 	 -3.46
13896 	 -3.571
13900 	 -3.563
13902 	 -3.51
13906 	 -3.427
13912 	 -3.421
13918 	 -3.398
13932 	 -3.391
13936 	 -3.375
13946 	 -3.413
13950 	 -3.314
13954 	 -3.317
13962 	 -3.311
13972 	 -3.296
13978 	 -3.275
13984 	 -3.416
13992 	 -3.337
14012 	 -3.248
14016 	 -3.241
14020 	 -3.323
14032 	 -3.245
14034 	 -3.159
14036 	 -3.107
14038 	 -3.106
14044 	 -3.09
14048 	 -2.836
14050 	 -2.816
14054 	 -2.802
14056 	 -2.523
14062 	 -2.513
14076 	 -2.467
14080 	 -2.511
14084 	 -2.471
14088 	 -2.353
14094 	 -2.243
14108 	 -2.238
14120 	 -2.199
14124 	 -2.18
14126 	 -2.101
14138 	 -2.08
14140 	 -1.827
14160 	 -1.818
14168 	 -1.817
14170 	 -1.79
14178 	 -1.724
14186 	 -1.717
14190 	 -1.712
14198 	 -1.711
14200 	 -1.72
14204 	 -1.707
14206 	 -1.538
14208 	 -1.528
14230 	 -1.736
14242 	 -1.702
14276 	 -1.662
14280 	 -2.005
14284 	 -2.115
14290 	 -2.114
14308 	 -2.097
14312 	 -2.041
14318 	 -2.039
14320 	 -2.183
14326 	 -2.182
14336 	 -2.158
14358 	 -2.236
14362 	 -2.586
14382 	 -2.671
14390 	 -2.753
14398 	 -2.751
14412 	 -2.702
14426 	 -2.736
14440 	 -2.561
14442 	 -2.465
14452 	 -2.529
14454 	 -2.16
14476 	 -2.134
14478 	 -2.104
14480 	 -2.14
14490 	 -2.759
14510 	 -3.09
14526 	 -3.077
14528 	 -3.003
14530 	 -2.937
14534 	 -2.639
14544 	 -2.551
14546 	 -2.522
14548 	 -2.52
14562 	 -2.345
14564 	 -2.234
14572 	 -2.605
14574 	 -2.438
14582 	 -2.501
14590 	 -2.667
14594 	 -2.507
14598 	 -2.513
14608 	 -2.34
14614 	 -2.229
14620 	 -2.092
14622 	 -2.319
14626 	 -2.314
14634 	 -2.644
14646 	 -2.567
14654 	 -2.465
14656 	 -2.454
14668 	 -2.352
14674 	 -2.525
14694 	 -2.349
14696 	 -2.314
14698 	 -1.992
14700 	 -1.957
14706 	 -1.835
14708 	 -1.762
14712 	 -1.829
14736 	 -1.717
14748 	 -1.625
14770 	 -1.229
14788 	 -1.222
14806 	 -1.064
14834 	 -0.96
14836 	 -1.015
14844 	 -0.857
14850 	 -1.088
14870 	 -1.256
14896 	 -0.936
14904 	 -0.931
14908 	 -0.927
14928 	 -0.717
15000 	 -1.537
15024 	 -1.668
15050 	 -2.321
15078 	 -2.769
15112 	 -2.996
15134 	 -2.938
15158 	 -2.87
15162 	 -2.912
15174 	 -2.864
15186 	 -2.246
15216 	 -2.461
15232 	 -2.285
15238 	 -2.413
15250 	 -2.407
15262 	 -1.532
15268 	 -1.359
15282 	 -1.095
15298 	 -0.749
15310 	 -0.769
15322 	 -0.766
15328 	 -0.759
15336 	 -0.908
15342 	 -0.905
15346 	 -0.853
15356 	 -0.939
15360 	 -0.936
15374 	 -0.741
15382 	 -0.727
15400 	 -0.419
15422 	 -0.34
15456 	 -0.207
15486 	 -0.111
15490 	 -0.102
15558 	 -0.07
15660 	 -0.064
15690 	 -0.045
15708 	 -0.039
15864 	 -0.038
15904 	 -0.03
16000 	 -0.027
16006 	 -0.025
16252 	 -0.023
16320 	 -0.022
16388 	 -0.016
16776 	 -0.015
18000 	 -2.128
18020 	 -2.227
18042 	 -2.675
18064 	 -2.729
18088 	 -2.111
18120 	 -1.491
18154 	 -2.168
18180 	 -1.904
18190 	 -2.225
18234 	 -2.958
18252 	 -2.942
18262 	 -2.849
18270 	 -2.203
18278 	 -2.161
18286 	 -2.067
18296 	 -2.256
18316 	 -2.286
18328 	 -2.408
18336 	 -2.174
18342 	 -2.17
18348 	 -1.776
18360 	 -1.201
18368 	 -1.048
18384 	 -1.055
18402 	 -0.724
18420 	 -0.407
18426 	 -0.363
18434 	 -0.304
18448 	 -0.134
18472 	 -0.119
18552 	 -0.012
18864 	 -0.008
19002 	 0
21000 	 -1.44
21001 	 -1.44
