0 	 0
3000 	 -1.376
3024 	 -1.496
3050 	 -1.88
3062 	 -2.472
3078 	 -3.176
3112 	 -3.62
3158 	 -3.808
3164 	 -3.728
3186 	 -2.828
3198 	 -2.688
3216 	 -1.912
3232 	 -1.736
3238 	 -1.364
3262 	 -0.608
3296 	 -0.264
3400 	 -0.024
3636 	 -0.008
3904 	 0
6000 	 -2.478
6020 	 -2.638
6042 	 -3.286
6064 	 -3.582
6088 	 -3.11
6120 	 -2.686
6138 	 -2.872
6154 	 -3.312
6180 	 -3.048
6190 	 -3.516
6198 	 -3.5
6234 	 -3.9
6284 	 -4.203
6296 	 -4.179
6346 	 -4.159
6360 	 -2.871
6374 	 -2.271
6376 	 -1.719
6424 	 -1.319
6444 	 -0.761
6504 	 -0.637
6506 	 -0.613
6552 	 -0.501
6634 	 -0.359
6704 	 -0.331
6710 	 -0.307
6726 	 -0.295
6728 	 -0.267
6782 	 -0.263
6894 	 -0.165
6990 	 -0.145
6994 	 -0.125
7002 	 -0.093
7272 	 -0.089
7278 	 -0.085
7290 	 -0.073
7324 	 -0.025
9000 	 -1.433
9024 	 -1.537
9050 	 -2.497
9078 	 -3.177
9112 	 -3.761
9158 	 -3.713
9162 	 -3.797
9174 	 -3.705
9186 	 -2.857
9216 	 -3.589
9232 	 -3.413
9238 	 -3.801
9262 	 -1.973
9268 	 -1.305
9298 	 -0.417
9304 	 -0.413
9306 	 -0.409
9334 	 -0.277
9400 	 -0.025
9660 	 -0.009
9904 	 -0.001
12000 	 -2.54
12002 	 -2.421
12004 	 -2.814
12006 	 -3.4
12008 	 -5.483
12010 	 -6.553
12012 	 -7.622
12016 	 -7.951
12018 	 -7.997
12020 	 -8.663
12028 	 -8.797
12032 	 -8.763
12034 	 -8.815
12040 	 -8.896
12042 	 -9.372
12054 	 -8.883
12062 	 -9.075
12064 	 -9.151
12070 	 -9.701
12074 	 -9.222
12086 	 -9.447
12088 	 -8.835
12090 	 -8.882
12100 	 -8.904
12102 	 -8.788
12114 	 -8.929
12120 	 -8.391
12130 	 -8.158
12132 	 -8.49
12140 	 -8.755
12152 	 -8.892
12154 	 -9.928
12156 	 -9.955
12164 	 -9.845
12176 	 -9.788
12178 	 -9.798
12180 	 -9.653
12182 	 -9.996
12184 	 -9.848
12186 	 -9.865
12188 	 -10.002
12190 	 -10.318
12192 	 -10.261
12200 	 -9.872
12206 	 -9.907
12208 	 -10.121
12210 	 -10.262
12212 	 -11.306
12222 	 -11.199
12226 	 -11.28
12228 	 -11.425
12230 	 -11.346
12234 	 -12.694
12236 	 -12.534
12242 	 -12.648
12248 	 -12.65
12250 	 -12.56
12252 	 -11.769
12254 	 -11.466
12256 	 -11.367
12264 	 -11.266
12266 	 -11.547
12272 	 -11.546
12274 	 -10.111
12276 	 -10.152
12282 	 -9.703
12286 	 -9.616
12290 	 -9.344
12294 	 -9.297
12296 	 -9.46
12300 	 -9.542
12302 	 -9.525
12304 	 -9.194
12306 	 -9.157
12308 	 -9.142
12310 	 -8.969
12320 	 -8.971
12322 	 -8.891
12324 	 -8.287
12328 	 -8.145
12330 	 -8.088
12332 	 -8.12
12338 	 -7.868
12344 	 -7.013
12350 	 -6.994
12354 	 -6.982
12358 	 -6.926
12360 	 -5.974
12372 	 -6.106
12382 	 -6.098
12384 	 -6.082
12386 	 -5.705
12404 	 -5.433
12412 	 -5.377
12420 	 -5.366
12432 	 -5.21
12436 	 -5.517
12438 	 -5.142
12440 	 -5.284
12444 	 -5.243
12452 	 -5.47
12456 	 -5.044
12460 	 -4.961
12464 	 -4.912
12466 	 -5.377
12472 	 -5.304
12476 	 -5.46
12480 	 -5.502
12486 	 -5.51
12494 	 -5.471
12496 	 -6.045
12502 	 -6.026
12508 	 -6.017
12510 	 -5.93
12516 	 -5.88
12518 	 -6.21
12520 	 -6.18
12526 	 -6.102
12532 	 -6.093
12536 	 -6.089
12544 	 -6.028
12550 	 -5.876
12552 	 -5.756
12562 	 -5.257
12564 	 -5.425
12566 	 -5.383
12568 	 -5.423
12570 	 -5.478
12578 	 -5.451
12584 	 -5.3
12590 	 -5.149
12598 	 -5.1
12604 	 -5.085
12614 	 -4.994
12616 	 -4.852
12618 	 -4.804
12626 	 -4.985
12630 	 -5.456
12638 	 -5.452
12656 	 -5.542
12672 	 -5.518
12690 	 -5.563
12694 	 -5.593
12706 	 -5.821
12710 	 -5.817
12712 	 -5.316
12742 	 -5.346
12748 	 -5.329
12750 	 -5.29
12758 	 -5.288
12762 	 -5.575
12766 	 -6.196
12768 	 -6.238
12770 	 -6.471
12778 	 -6.737
12780 	 -6.682
12788 	 -6.943
12790 	 -6.935
12794 	 -7.046
12810 	 -6.932
12814 	 -6.93
12816 	 -7.188
12824 	 -7.621
12826 	 -7.64
12828 	 -7.388
12840 	 -7.36
12842 	 -7.224
12852 	 -7.274
12856 	 -7.216
12864 	 -7.26
12866 	 -7.216
12868 	 -7.244
12870 	 -7.034
12874 	 -6.622
12886 	 -6.377
12894 	 -6.468
12898 	 -6.174
12906 	 -6.226
12908 	 -5.949
12920 	 -5.859
12922 	 -5.97
12924 	 -5.777
12926 	 -5.874
12928 	 -6.307
12942 	 -6.339
12952 	 -6.137
12954 	 -6.068
12964 	 -6.14
12968 	 -6.11
12970 	 -6.105
12972 	 -6.058
12974 	 -5.914
12984 	 -5.809
12988 	 -5.928
12990 	 -5.952
12992 	 -6.004
12996 	 -6.005
13000 	 -6.058
13004 	 -5.976
13006 	 -5.932
13008 	 -5.918
13014 	 -6.349
13018 	 -6.347
13020 	 -6.574
13022 	 -6.429
13024 	 -6.473
13026 	 -6.671
13028 	 -6.63
13032 	 -6.847
13034 	 -6.982
13038 	 -6.995
13044 	 -7.364
13046 	 -7.251
13054 	 -7.319
13056 	 -7.277
13058 	 -7.911
13062 	 -7.91
13068 	 -7.791
13072 	 -7.768
13076 	 -7.522
13078 	 -7.52
13080 	 -7.2
13088 	 -7.16
13102 	 -7.155
13104 	 -5.67
13108 	 -5.69
13114 	 -5.641
13120 	 -5.588
13122 	 -5.44
13124 	 -5.495
13126 	 -5.474
13130 	 -5.586
13136 	 -5.431
13138 	 -5.427
13142 	 -5.104
13150 	 -4.953
13152 	 -4.914
13156 	 -5.27
13158 	 -5.265
13166 	 -5.31
13172 	 -5.165
13174 	 -5.088
13180 	 -5.229
13188 	 -5.289
13194 	 -5.401
13202 	 -5.388
13206 	 -5.378
13210 	 -5.316
13214 	 -5.365
13220 	 -5.356
13228 	 -5.314
13234 	 -5.312
13238 	 -5.426
13248 	 -4.93
13250 	 -4.918
13258 	 -5.059
13268 	 -5.28
13274 	 -5.271
13276 	 -5.349
13278 	 -5.328
13282 	 -5.46
13288 	 -5.459
13290 	 -5.442
13302 	 -5.491
13318 	 -5.474
13324 	 -5.544
13330 	 -5.613
13340 	 -5.24
13346 	 -5.272
13350 	 -5.321
13352 	 -5.147
13354 	 -5.317
13356 	 -5.258
13364 	 -5.518
13368 	 -5.586
13370 	 -5.547
13372 	 -5.535
13386 	 -5.489
13388 	 -5.332
13390 	 -5.331
13394 	 -5.32
13400 	 -5.273
13404 	 -5.127
13410 	 -5.104
13414 	 -4.65
13418 	 -4.639
13424 	 -4.611
13432 	 -4.516
13434 	 -4.406
13442 	 -4.201
13444 	 -4.244
13450 	 -4.228
13460 	 -4.198
13474 	 -4.185
13478 	 -4.179
13480 	 -4.169
13484 	 -4.245
13486 	 -4.177
13490 	 -4.167
13492 	 -4.145
13500 	 -4.252
13512 	 -4.316
13514 	 -4.307
13520 	 -4.28
13526 	 -4.278
13528 	 -4.273
13542 	 -4.269
13544 	 -4.267
13546 	 -4.121
13550 	 -4.159
13552 	 -4.15
13556 	 -4.123
13568 	 -4.278
13570 	 -4.269
13584 	 -4.306
13592 	 -4.237
13594 	 -4.194
13602 	 -4.299
13608 	 -4.401
13618 	 -4.387
13636 	 -4.378
13648 	 -4.17
13654 	 -4.168
13658 	 -4.098
13666 	 -4.09
13688 	 -4.105
13690 	 -4.295
13704 	 -4.248
13718 	 -4.246
13726 	 -4.245
13744 	 -3.66
13754 	 -3.495
13760 	 -3.501
13772 	 -3.453
13778 	 -3.315
13792 	 -3.18
13814 	 -2.983
13816 	 -2.839
13832 	 -2.832
13838 	 -2.756
13840 	 -2.653
13842 	 -2.644
13844 	 -2.631
13858 	 -2.61
13864 	 -2.593
13870 	 -2.553
13882 	 -2.549
13886 	 -2.703
13888 	 -2.695
13892 	 -2.668
13894 	 -2.615
13900 	 -2.607
13902 	 -2.554
13912 	 -2.48
13920 	 -2.445
13934 	 -2.441
13940 	 -1.847
13956 	 -1.825
13968 	 -1.743
13984 	 -1.28
14000 	 -1.205
14008 	 -1.162
14012 	 -1.147
14032 	 -1.045
14036 	 -0.914
14052 	 -0.894
14056 	 -0.888
14072 	 -0.858
14074 	 -0.857
14080 	 -0.837
14092 	 -0.833
14108 	 -0.823
14116 	 -0.782
14176 	 -0.779
14200 	 -0.756
14234 	 -0.753
14252 	 -0.752
14254 	 -0.849
14318 	 -0.847
14322 	 -0.816
14326 	 -0.815
14336 	 -0.811
14358 	 -1.371
14426 	 -1.832
14446 	 -1.831
14450 	 -1.828
14476 	 -1.819
14480 	 -1.818
14484 	 -2.324
14504 	 -2.475
14512 	 -2.473
14516 	 -2.938
14518 	 -3.006
14524 	 -2.701
14556 	 -2.206
14580 	 -2.085
14588 	 -2.497
14598 	 -2.576
14606 	 -2.869
14610 	 -2.899
14622 	 -3.025
14638 	 -3.483
14642 	 -3.246
14652 	 -3.109
14654 	 -3.072
14656 	 -3.195
14664 	 -3.212
14666 	 -3.55
14672 	 -3.547
14676 	 -3.558
14688 	 -2.605
14690 	 -2.881
14692 	 -3.453
14698 	 -3.496
14704 	 -3.328
14706 	 -3.3
14708 	 -3.3
14710 	 -3.516
14712 	 -3.666
14720 	 -3.377
14730 	 -3.524
14734 	 -3.96
14736 	 -3.861
14740 	 -4.251
14742 	 -3.692
14748 	 -3.591
14766 	 -3.516
14768 	 -3.321
14782 	 -3.171
14784 	 -3.222
14788 	 -3.168
14796 	 -3.23
14798 	 -3.211
14804 	 -3.091
14810 	 -2.904
14812 	 -2.739
14814 	 -2.622
14822 	 -2.519
14824 	 -2.462
14838 	 -2.348
14842 	 -2.116
14856 	 -2.253
14870 	 -2.188
14874 	 -2.022
14878 	 -1.933
14884 	 -1.924
14888 	 -1.846
14900 	 -1.877
14908 	 -1.877
14924 	 -1.904
14926 	 -1.808
14928 	 -1.818
14930 	 -1.822
14946 	 -1.68
14950 	 -1.67
14952 	 -1.671
14954 	 -1.68
14970 	 -1.523
14974 	 -1.465
15000 	 -1.805
15022 	 -1.68
15024 	 -1.81
15042 	 -1.764
15050 	 -2.275
15066 	 -2.246
15078 	 -2.57
15102 	 -2.528
15104 	 -2.509
15112 	 -2.567
15120 	 -2.558
15158 	 -2.67
15162 	 -2.686
15174 	 -2.662
15186 	 -2.424
15216 	 -2.231
15230 	 -2.22
15232 	 -2.026
15238 	 -2.09
15250 	 -2.084
15262 	 -2.356
15268 	 -2.235
15274 	 -2.195
15282 	 -2.063
15286 	 -2.028
15292 	 -2.021
15294 	 -2.013
15298 	 -1.839
15308 	 -1.988
15310 	 -2.013
15334 	 -2.392
15336 	 -2.539
15342 	 -2.536
15346 	 -2.51
15348 	 -2.508
15354 	 -2.695
15356 	 -2.863
15360 	 -2.86
15372 	 -2.487
15374 	 -2.297
15376 	 -2.091
15400 	 -1.428
15422 	 -1.092
15456 	 -0.961
15458 	 -0.697
15460 	 -0.558
15486 	 -0.461
15488 	 -0.295
15490 	 -0.208
15514 	 -0.206
15532 	 -0.17
15558 	 -0.135
15566 	 -0.108
15574 	 -0.079
15640 	 -0.068
15642 	 -0.066
15654 	 -0.065
15660 	 -0.062
15696 	 -0.046
15736 	 -0.044
15864 	 -0.04
15890 	 -0.039
15904 	 -0.031
15916 	 -0.028
16000 	 -0.025
16030 	 -0.021
16034 	 -0.019
16086 	 -0.016
16388 	 -0.01
18000 	 -2.128
18020 	 -2.245
18042 	 -2.757
18064 	 -2.888
18088 	 -2.367
18120 	 -1.886
18154 	 -2.464
18180 	 -2.2
18190 	 -2.729
18234 	 -3.326
18252 	 -3.318
18262 	 -2.943
18270 	 -2.62
18278 	 -2.599
18286 	 -2.552
18296 	 -3.827
18316 	 -3.842
18328 	 -4.33
18336 	 -4.213
18342 	 -4.316
18348 	 -4.119
18360 	 -3.994
18368 	 -3.382
18384 	 -3.41
18402 	 -2.618
18420 	 -1.35
18426 	 -1.174
18434 	 -0.938
18448 	 -0.258
18472 	 -0.198
18552 	 -0.02
18864 	 -0.004
19002 	 0
21000 	 -1.44
21001 	 -1.44
