0 	 0
3000 	 -1.376
3024 	 -1.496
3050 	 -1.88
3062 	 -2.472
3078 	 -3.176
3112 	 -3.62
3158 	 -3.808
3164 	 -3.728
3186 	 -2.828
3198 	 -2.688
3216 	 -1.912
3232 	 -1.736
3238 	 -1.364
3262 	 -0.608
3296 	 -0.264
3400 	 -0.024
3636 	 -0.008
3904 	 0
6000 	 -2.478
6020 	 -2.638
6042 	 -3.286
6064 	 -3.582
6088 	 -3.11
6120 	 -2.686
6138 	 -2.872
6154 	 -3.312
6180 	 -3.048
6190 	 -3.516
6198 	 -3.5
6234 	 -3.9
6284 	 -4.203
6296 	 -4.179
6346 	 -4.159
6360 	 -2.871
6374 	 -2.271
6376 	 -1.719
6424 	 -1.319
6444 	 -0.761
6504 	 -0.637
6506 	 -0.613
6552 	 -0.501
6634 	 -0.359
6704 	 -0.331
6710 	 -0.307
6726 	 -0.295
6728 	 -0.267
6782 	 -0.263
6894 	 -0.165
6990 	 -0.145
6994 	 -0.125
7002 	 -0.093
7272 	 -0.089
7278 	 -0.085
7290 	 -0.073
7324 	 -0.025
9000 	 -1.433
9024 	 -1.537
9050 	 -2.497
9078 	 -3.177
9112 	 -3.761
9158 	 -3.713
9162 	 -3.797
9174 	 -3.705
9186 	 -2.857
9216 	 -3.589
9232 	 -3.413
9238 	 -3.801
9262 	 -1.973
9268 	 -1.305
9298 	 -0.417
9304 	 -0.413
9306 	 -0.409
9334 	 -0.277
9400 	 -0.025
9660 	 -0.009
9904 	 -0.001
12000 	 -2.54
12002 	 -2.421
12004 	 -2.774
12006 	 -3.36
12008 	 -5.032
12010 	 -6.102
12012 	 -6.956
12016 	 -7.285
12018 	 -7.331
12020 	 -7.884
12028 	 -8.018
12032 	 -7.984
12034 	 -8.043
12040 	 -8.026
12042 	 -8.502
12054 	 -8.013
12062 	 -8.231
12064 	 -8.307
12070 	 -8.666
12074 	 -8.187
12086 	 -8.412
12088 	 -7.8
12090 	 -7.895
12100 	 -7.963
12102 	 -7.847
12114 	 -7.988
12120 	 -7.279
12130 	 -7.04
12132 	 -7.33
12140 	 -7.595
12152 	 -7.732
12154 	 -8.768
12156 	 -8.886
12164 	 -9.061
12176 	 -9.256
12178 	 -9.236
12180 	 -9.087
12182 	 -9.431
12184 	 -9.283
12186 	 -9.293
12188 	 -9.429
12190 	 -9.745
12192 	 -9.688
12200 	 -9.513
12206 	 -9.548
12208 	 -9.762
12210 	 -9.815
12212 	 -10.859
12222 	 -10.752
12226 	 -10.743
12228 	 -11.065
12230 	 -10.916
12234 	 -12.264
12236 	 -12.115
12248 	 -12.337
12252 	 -11.582
12254 	 -11.38
12260 	 -11.556
12262 	 -11.384
12264 	 -11.319
12266 	 -11.749
12272 	 -11.748
12274 	 -10.496
12276 	 -10.626
12282 	 -10.329
12290 	 -10.185
12296 	 -10.348
12304 	 -10.007
12308 	 -9.992
12310 	 -10.178
12320 	 -10.18
12322 	 -10.1
12324 	 -9.496
12328 	 -9.543
12330 	 -9.512
12332 	 -9.37
12336 	 -9.417
12338 	 -9.165
12340 	 -8.98
12344 	 -8.142
12350 	 -8.123
12354 	 -8.111
12358 	 -8.092
12360 	 -6.899
12368 	 -6.898
12372 	 -6.942
12382 	 -6.771
12386 	 -6.354
12396 	 -6.364
12402 	 -6.076
12404 	 -5.804
12412 	 -5.748
12420 	 -5.737
12432 	 -5.196
12436 	 -5.504
12438 	 -5.196
12440 	 -5.338
12444 	 -5.266
12452 	 -5.493
12456 	 -5.104
12460 	 -5.021
12464 	 -4.964
12466 	 -5.429
12472 	 -5.356
12476 	 -5.498
12480 	 -5.54
12484 	 -5.512
12488 	 -5.507
12494 	 -5.468
12496 	 -5.663
12502 	 -5.644
12508 	 -5.635
12512 	 -6.054
12516 	 -6.004
12518 	 -6.208
12520 	 -6.178
12526 	 -6.1
12532 	 -6.091
12536 	 -6.087
12544 	 -6.026
12548 	 -5.931
12550 	 -5.777
12552 	 -5.657
12556 	 -5.65
12562 	 -5.356
12564 	 -5.524
12566 	 -5.482
12570 	 -5.537
12574 	 -5.523
12578 	 -5.496
12580 	 -5.3
12590 	 -5.149
12592 	 -5.083
12604 	 -5.172
12608 	 -4.992
12614 	 -4.901
12618 	 -4.847
12626 	 -5.028
12628 	 -5.011
12630 	 -5.482
12638 	 -5.478
12644 	 -5.523
12650 	 -5.409
12654 	 -5.568
12674 	 -5.612
12676 	 -5.657
12706 	 -5.885
12708 	 -5.875
12710 	 -5.871
12712 	 -5.3
12718 	 -5.307
12732 	 -5.285
12736 	 -5.308
12746 	 -5.358
12748 	 -5.341
12758 	 -5.339
12760 	 -5.84
12764 	 -6.197
12768 	 -6.239
12770 	 -6.472
12772 	 -6.824
12774 	 -6.794
12780 	 -6.739
12782 	 -6.98
12788 	 -6.971
12794 	 -7.088
12798 	 -7.095
12814 	 -7.093
12816 	 -6.79
12818 	 -7.294
12826 	 -7.298
12828 	 -7.236
12840 	 -7.231
12854 	 -7.336
12856 	 -7.278
12864 	 -7.3
12870 	 -7.201
12872 	 -7.044
12874 	 -6.779
12886 	 -6.485
12888 	 -6.554
12896 	 -6.506
12898 	 -6.053
12900 	 -6.1
12904 	 -6.148
12908 	 -5.886
12912 	 -5.794
12916 	 -5.866
12920 	 -5.776
12922 	 -5.675
12924 	 -5.64
12926 	 -5.513
12938 	 -5.569
12942 	 -5.601
12944 	 -5.599
12952 	 -5.48
12954 	 -5.411
12962 	 -5.305
12964 	 -5.298
12970 	 -5.564
12972 	 -5.517
12984 	 -5.73
12990 	 -5.673
12992 	 -5.717
12994 	 -5.811
12996 	 -5.813
13004 	 -5.721
13008 	 -5.884
13018 	 -5.666
13022 	 -6.105
13028 	 -5.983
13030 	 -6.113
13034 	 -6.086
13038 	 -5.981
13040 	 -6.2
13044 	 -6.622
13046 	 -6.702
13056 	 -6.683
13060 	 -6.653
13062 	 -6.652
13064 	 -6.712
13068 	 -6.593
13072 	 -6.446
13076 	 -6.38
13078 	 -6.378
13080 	 -6.058
13088 	 -6.078
13094 	 -5.907
13098 	 -5.88
13102 	 -5.791
13110 	 -5.787
13114 	 -5.738
13118 	 -5.667
13120 	 -5.454
13122 	 -5.309
13134 	 -4.982
13142 	 -4.964
13146 	 -4.947
13148 	 -4.861
13150 	 -4.793
13160 	 -4.789
13168 	 -4.293
13170 	 -4.287
13174 	 -4.276
13176 	 -4.133
13184 	 -4.137
13190 	 -4.194
13196 	 -4.243
13202 	 -4.23
13206 	 -4.334
13216 	 -4.306
13220 	 -4.297
13225 	 -4.464
13226 	 -4.192
13228 	 -4.12
13234 	 -4.118
13240 	 -4.284
13248 	 -3.799
13250 	 -3.787
13258 	 -3.785
13276 	 -3.773
13282 	 -3.698
13286 	 -3.676
13290 	 -3.659
13292 	 -3.631
13294 	 -3.597
13310 	 -3.607
13314 	 -3.639
13318 	 -3.619
13320 	 -3.663
13324 	 -3.648
13334 	 -3.695
13336 	 -3.672
13340 	 -3.278
13344 	 -3.316
13346 	 -3.442
13358 	 -3.379
13366 	 -3.538
13372 	 -3.526
13376 	 -3.388
13388 	 -3.236
13394 	 -3.233
13396 	 -3.205
13406 	 -3.107
13410 	 -3.081
13414 	 -2.987
13420 	 -2.986
13424 	 -2.906
13432 	 -2.872
13442 	 -2.883
13448 	 -2.864
13474 	 -3.389
13490 	 -3.379
13496 	 -3.301
13504 	 -3.292
13508 	 -3.291
13514 	 -3.282
13536 	 -2.984
13540 	 -2.935
13542 	 -2.931
13546 	 -2.569
13554 	 -2.562
13562 	 -2.557
13576 	 -2.504
13584 	 -2.487
13588 	 -2.486
13592 	 -2.417
13606 	 -2.477
13608 	 -2.616
13612 	 -2.662
13618 	 -2.648
13632 	 -2.635
13634 	 -2.631
13648 	 -2.762
13654 	 -2.76
13658 	 -2.654
13680 	 -2.648
13688 	 -2.6
13692 	 -2.699
13696 	 -2.704
13726 	 -2.703
13744 	 -2.438
13778 	 -2.354
13782 	 -2.412
13800 	 -2.407
13808 	 -2.526
13814 	 -2.484
13820 	 -2.918
13832 	 -2.875
13844 	 -2.862
13858 	 -2.854
13874 	 -2.978
13876 	 -3.31
13886 	 -3.324
13892 	 -3.32
13894 	 -3.317
13900 	 -3.309
13902 	 -3.256
13912 	 -3.25
13916 	 -3.235
13932 	 -2.681
13940 	 -2.604
13944 	 -2.591
13956 	 -2.624
13962 	 -2.622
13964 	 -2.626
13984 	 -2.493
13992 	 -2.484
13998 	 -2.433
14012 	 -2.191
14028 	 -2.242
14032 	 -2.205
14034 	 -2.255
14040 	 -2.237
14048 	 -2.232
14072 	 -2.217
14074 	 -2.216
14076 	 -2.315
14108 	 -2.31
14112 	 -2.248
14114 	 -2.188
14118 	 -2.209
14128 	 -2.364
14130 	 -2.381
14136 	 -2.538
14156 	 -2.339
14172 	 -2.338
14190 	 -2.204
14192 	 -2.246
14200 	 -2.19
14208 	 -2.122
14210 	 -2.113
14218 	 -2.042
14228 	 -1.99
14246 	 -1.89
14254 	 -1.384
14266 	 -1.375
14274 	 -1.372
14282 	 -1.335
14286 	 -1.334
14294 	 -1.205
14306 	 -1.049
14312 	 -0.978
14318 	 -0.976
14324 	 -0.967
14326 	 -0.966
14328 	 -0.881
14330 	 -0.864
14336 	 -0.796
14340 	 -0.769
14344 	 -0.75
14356 	 -0.69
14366 	 -0.689
14378 	 -0.672
14380 	 -0.549
14394 	 -0.543
14398 	 -0.542
14410 	 -0.537
14416 	 -0.523
14424 	 -0.486
14426 	 -0.335
14480 	 -0.32
14520 	 -0.312
14562 	 -0.311
14564 	 -0.272
14578 	 -0.265
14628 	 -0.261
14648 	 -0.257
15000 	 -1.422
15024 	 -1.589
15050 	 -2.321
15078 	 -2.918
15112 	 -3.36
15158 	 -3.368
15162 	 -3.432
15174 	 -3.363
15186 	 -2.826
15216 	 -3.248
15232 	 -3.072
15238 	 -3.336
15250 	 -3.33
15262 	 -2.291
15266 	 -2.261
15268 	 -2.088
15276 	 -1.934
15282 	 -1.669
15298 	 -1.323
15300 	 -1.153
15310 	 -1.194
15336 	 -1.492
15342 	 -1.489
15346 	 -1.437
15350 	 -1.415
15356 	 -1.585
15360 	 -1.582
15374 	 -1.202
15400 	 -0.731
15422 	 -0.571
15456 	 -0.309
15486 	 -0.117
15558 	 -0.047
15658 	 -0.044
15660 	 -0.038
15864 	 -0.03
15904 	 -0.022
16000 	 -0.019
16156 	 -0.017
16388 	 -0.011
18000 	 -2.128
18020 	 -2.245
18042 	 -2.757
18064 	 -2.894
18088 	 -2.339
18120 	 -1.764
18154 	 -2.864
18180 	 -2.6
18190 	 -3.253
18234 	 -4.518
18252 	 -4.494
18262 	 -4.308
18270 	 -3.339
18278 	 -3.276
18286 	 -3.135
18296 	 -3.669
18316 	 -3.714
18328 	 -3.958
18336 	 -3.607
18342 	 -3.616
18348 	 -3.025
18360 	 -2.268
18368 	 -1.962
18384 	 -1.976
18402 	 -1.39
18420 	 -0.756
18426 	 -0.668
18434 	 -0.55
18448 	 -0.21
18472 	 -0.18
18552 	 -0.02
18864 	 -0.012
19002 	 0
21000 	 -1.44
21001 	 -1.44
