0 	 0
3000 	 -1.376
3024 	 -1.496
3050 	 -1.88
3062 	 -2.472
3078 	 -3.176
3112 	 -3.62
3158 	 -3.808
3164 	 -3.728
3186 	 -2.828
3198 	 -2.688
3216 	 -1.912
3232 	 -1.736
3238 	 -1.364
3262 	 -0.608
3296 	 -0.264
3400 	 -0.024
3636 	 -0.008
3904 	 0
6000 	 -2.478
6020 	 -2.638
6042 	 -3.286
6064 	 -3.582
6088 	 -3.11
6120 	 -2.686
6138 	 -2.872
6154 	 -3.312
6180 	 -3.048
6190 	 -3.516
6198 	 -3.5
6234 	 -3.9
6284 	 -4.203
6296 	 -4.179
6346 	 -4.159
6360 	 -2.871
6374 	 -2.271
6376 	 -1.719
6424 	 -1.319
6444 	 -0.761
6504 	 -0.637
6506 	 -0.613
6552 	 -0.501
6634 	 -0.359
6704 	 -0.331
6710 	 -0.307
6726 	 -0.295
6728 	 -0.267
6782 	 -0.263
6894 	 -0.165
6990 	 -0.145
6994 	 -0.125
7002 	 -0.093
7272 	 -0.089
7278 	 -0.085
7290 	 -0.073
7324 	 -0.025
9000 	 -1.433
9024 	 -1.537
9050 	 -2.497
9078 	 -3.177
9112 	 -3.761
9158 	 -3.713
9162 	 -3.797
9174 	 -3.705
9186 	 -2.857
9216 	 -3.589
9232 	 -3.413
9238 	 -3.801
9262 	 -1.973
9268 	 -1.305
9298 	 -0.417
9304 	 -0.413
9306 	 -0.409
9334 	 -0.277
9400 	 -0.025
9660 	 -0.009
9904 	 -0.001
12000 	 -2.54
12002 	 -2.421
12004 	 -2.694
12006 	 -3.28
12008 	 -4.124
12010 	 -5.194
12012 	 -5.622
12016 	 -5.951
12018 	 -5.997
12020 	 -6.33
12028 	 -6.464
12032 	 -6.43
12034 	 -6.489
12040 	 -6.366
12042 	 -6.842
12054 	 -6.353
12062 	 -6.571
12064 	 -6.647
12070 	 -6.83
12074 	 -6.351
12088 	 -5.739
12090 	 -5.834
12100 	 -5.948
12102 	 -5.832
12120 	 -5.123
12130 	 -5.077
12140 	 -5.342
12154 	 -6.378
12156 	 -6.37
12164 	 -6.545
12176 	 -6.74
12178 	 -6.872
12180 	 -6.839
12182 	 -7.305
12186 	 -7.351
12190 	 -7.667
12200 	 -7.78
12206 	 -7.77
12208 	 -8.162
12212 	 -9.206
12222 	 -9.099
12228 	 -9.638
12230 	 -9.768
12234 	 -11.116
12236 	 -11.166
12252 	 -10.45
12254 	 -10.349
12256 	 -10.479
12262 	 -10.307
12264 	 -10.598
12266 	 -11.015
12270 	 -11.053
12274 	 -10.017
12282 	 -9.86
12286 	 -9.724
12290 	 -9.546
12296 	 -9.709
12302 	 -9.696
12304 	 -9.466
12308 	 -9.451
12310 	 -9.424
12312 	 -9.389
12322 	 -9.38
12324 	 -8.873
12332 	 -8.905
12338 	 -8.653
12340 	 -8.532
12344 	 -7.736
12350 	 -7.721
12352 	 -7.675
12354 	 -7.557
12360 	 -6.419
12368 	 -6.319
12372 	 -6.304
12378 	 -6.198
12382 	 -6.127
12384 	 -5.799
12386 	 -5.412
12392 	 -5.495
12394 	 -5.325
12402 	 -5.224
12404 	 -4.952
12406 	 -4.922
12408 	 -5.054
12410 	 -5.129
12412 	 -5.073
12420 	 -5.062
12432 	 -4.788
12436 	 -5.109
12437 	 -5.329
12438 	 -5.018
12440 	 -5.16
12444 	 -5.185
12452 	 -5.412
12456 	 -5.312
12460 	 -5.229
12466 	 -6.087
12472 	 -6.014
12476 	 -6.296
12480 	 -6.338
12484 	 -6.31
12494 	 -6.261
12508 	 -6.252
12510 	 -6.381
12516 	 -6.554
12520 	 -6.524
12526 	 -6.446
12540 	 -6.362
12544 	 -6.301
12548 	 -6.284
12552 	 -6.164
12562 	 -6.229
12564 	 -6.232
12566 	 -6.19
12576 	 -6.17
12578 	 -6.062
12584 	 -6.046
12590 	 -5.925
12592 	 -5.913
12594 	 -6.085
12604 	 -6.075
12614 	 -6.035
12618 	 -5.974
12624 	 -5.324
12626 	 -5.505
12630 	 -6.103
12638 	 -6.222
12644 	 -6.217
12646 	 -6.236
12648 	 -6.207
12660 	 -6.217
12664 	 -6.097
12670 	 -6.641
12672 	 -6.627
12686 	 -6.868
12706 	 -7.149
12708 	 -7.139
12710 	 -7.135
12712 	 -6.297
12724 	 -6.071
12726 	 -5.961
12736 	 -5.858
12748 	 -5.841
12754 	 -5.773
12758 	 -5.771
12762 	 -5.986
12768 	 -5.942
12770 	 -6.175
12782 	 -6.171
12784 	 -5.982
12788 	 -5.973
12794 	 -6.096
12818 	 -6.251
12824 	 -6.245
12828 	 -6.194
12840 	 -6.273
12844 	 -6.474
12856 	 -6.552
12868 	 -6.493
12874 	 -6.579
12886 	 -6.577
12894 	 -6.517
12900 	 -6.597
12904 	 -6.619
12908 	 -6.267
12920 	 -6.453
12924 	 -6.53
12926 	 -6.444
12934 	 -6.737
12936 	 -7.102
12942 	 -7.134
12948 	 -7.532
12954 	 -7.655
12960 	 -7.592
12964 	 -7.691
12968 	 -7.823
12972 	 -7.776
12978 	 -7.913
12982 	 -8.007
12988 	 -7.756
12990 	 -7.753
12992 	 -7.783
12996 	 -7.767
13002 	 -8.235
13004 	 -8.307
13006 	 -8.047
13008 	 -8.033
13014 	 -8.335
13016 	 -8.375
13018 	 -8.226
13024 	 -8.248
13028 	 -8.229
13034 	 -8.599
13042 	 -8.58
13044 	 -8.949
13056 	 -8.111
13062 	 -8.11
13064 	 -8.05
13068 	 -7.534
13076 	 -7.622
13078 	 -7.62
13080 	 -7.076
13082 	 -6.933
13084 	 -6.905
13088 	 -6.923
13094 	 -7.12
13096 	 -7.126
13098 	 -7.145
13102 	 -7.145
13112 	 -7.121
13114 	 -7.195
13116 	 -7.293
13122 	 -7.124
13130 	 -6.936
13132 	 -7.014
13150 	 -6.829
13166 	 -6.756
13168 	 -6.759
13170 	 -6.873
13174 	 -6.677
13176 	 -7.028
13182 	 -7.384
13184 	 -7.805
13190 	 -7.85
13192 	 -7.715
13194 	 -7.811
13202 	 -7.856
13206 	 -7.904
13212 	 -7.797
13220 	 -7.788
13224 	 -7.888
13230 	 -7.775
13234 	 -7.833
13236 	 -7.886
13242 	 -7.865
13246 	 -7.61
13248 	 -7.115
13252 	 -6.828
13260 	 -6.872
13262 	 -6.681
13268 	 -6.665
13270 	 -7.152
13286 	 -7.08
13288 	 -6.937
13290 	 -6.937
13298 	 -6.741
13306 	 -6.585
13310 	 -6.5
13314 	 -6.321
13316 	 -6.189
13320 	 -6.156
13322 	 -5.907
13328 	 -5.892
13332 	 -5.932
13338 	 -5.84
13340 	 -5.446
13344 	 -5.449
13346 	 -5.455
13352 	 -5.401
13360 	 -5.356
13370 	 -5.342
13372 	 -5.33
13374 	 -4.874
13376 	 -4.905
13386 	 -4.784
13388 	 -4.778
13394 	 -4.776
13400 	 -4.757
13402 	 -4.732
13412 	 -5.017
13414 	 -5.461
13436 	 -5.339
13442 	 -5.304
13446 	 -5.235
13448 	 -5.294
13454 	 -5.136
13462 	 -4.956
13468 	 -5.003
13472 	 -5.022
13474 	 -5.104
13480 	 -4.981
13484 	 -5.095
13490 	 -5.085
13496 	 -5.139
13508 	 -4.146
13514 	 -4.137
13520 	 -4.103
13536 	 -3.743
13538 	 -3.598
13542 	 -3.596
13546 	 -3.345
13564 	 -3.312
13566 	 -3.182
13578 	 -3.649
13590 	 -3.937
13592 	 -3.868
13594 	 -3.836
13598 	 -3.912
13612 	 -3.881
13618 	 -3.867
13620 	 -3.716
13644 	 -3.715
13646 	 -3.736
13648 	 -3.789
13658 	 -3.71
13662 	 -3.537
13666 	 -3.524
13678 	 -3.553
13692 	 -3.442
13694 	 -3.35
13710 	 -3.111
13712 	 -2.985
13716 	 -2.974
13744 	 -2.252
13752 	 -2.318
13764 	 -2.383
13780 	 -2.348
13782 	 -2.381
13786 	 -2.368
13802 	 -2.125
13814 	 -2.083
13822 	 -1.736
13824 	 -1.677
13830 	 -1.649
13844 	 -1.604
13848 	 -1.508
13862 	 -1.457
13872 	 -1.548
13884 	 -1.517
13892 	 -1.51
13900 	 -1.502
13902 	 -1.425
13912 	 -1.419
13932 	 -1.181
13948 	 -1.163
13960 	 -1.159
13972 	 -1.017
13976 	 -1.005
13978 	 -0.897
13984 	 -0.801
13986 	 -0.783
13994 	 -0.737
14006 	 -0.729
14010 	 -0.709
14012 	 -0.694
14030 	 -0.681
14032 	 -0.576
14036 	 -0.561
14054 	 -0.54
14056 	 -0.536
14060 	 -0.535
14104 	 -0.526
14108 	 -0.521
14200 	 -0.465
14212 	 -0.451
14284 	 -0.45
14286 	 -0.44
14318 	 -0.438
14326 	 -0.437
14344 	 -0.436
14372 	 -0.424
14392 	 -0.396
14426 	 -0.245
15000 	 -1.419
15024 	 -1.55
15050 	 -2.06
15078 	 -2.382
15112 	 -2.423
15158 	 -2.47
15162 	 -2.49
15174 	 -2.466
15186 	 -2.164
15216 	 -1.968
15232 	 -1.792
15238 	 -1.856
15250 	 -1.85
15262 	 -1.838
15268 	 -1.752
15282 	 -1.62
15298 	 -1.446
15310 	 -1.506
15336 	 -1.954
15342 	 -1.951
15346 	 -1.925
15356 	 -2.179
15360 	 -2.176
15374 	 -1.602
15400 	 -1.073
15422 	 -0.833
15456 	 -0.439
15472 	 -0.436
15486 	 -0.15
15558 	 -0.048
15660 	 -0.045
15708 	 -0.039
15864 	 -0.03
15904 	 -0.022
16000 	 -0.019
16388 	 -0.013
18000 	 -2.128
18020 	 -2.236
18042 	 -2.716
18064 	 -2.807
18088 	 -2.246
18120 	 -1.719
18154 	 -2.216
18180 	 -1.952
18190 	 -2.346
18234 	 -2.844
18252 	 -2.836
18262 	 -2.557
18270 	 -2.234
18278 	 -2.213
18286 	 -2.166
18296 	 -3.081
18316 	 -3.096
18328 	 -3.462
18336 	 -3.345
18342 	 -3.418
18348 	 -3.221
18360 	 -3.029
18368 	 -2.57
18384 	 -2.591
18402 	 -1.978
18420 	 -1.027
18426 	 -0.895
18434 	 -0.718
18448 	 -0.208
18472 	 -0.163
18552 	 -0.016
18864 	 -0.004
19002 	 0
21000 	 -1.44
21001 	 -1.44
