0 	 0
3000 	 -1.376
3024 	 -1.496
3050 	 -1.88
3062 	 -2.472
3078 	 -3.176
3112 	 -3.62
3158 	 -3.808
3164 	 -3.728
3186 	 -2.828
3198 	 -2.688
3216 	 -1.912
3232 	 -1.736
3238 	 -1.364
3262 	 -0.608
3296 	 -0.264
3400 	 -0.024
3636 	 -0.008
3904 	 0
6000 	 -2.478
6020 	 -2.638
6042 	 -3.286
6064 	 -3.582
6088 	 -3.11
6120 	 -2.686
6138 	 -2.872
6154 	 -3.312
6180 	 -3.048
6190 	 -3.516
6198 	 -3.5
6234 	 -3.9
6284 	 -4.203
6296 	 -4.179
6346 	 -4.159
6360 	 -2.871
6374 	 -2.271
6376 	 -1.719
6424 	 -1.319
6444 	 -0.761
6504 	 -0.637
6506 	 -0.613
6552 	 -0.501
6634 	 -0.359
6704 	 -0.331
6710 	 -0.307
6726 	 -0.295
6728 	 -0.267
6782 	 -0.263
6894 	 -0.165
6990 	 -0.145
6994 	 -0.125
7002 	 -0.093
7272 	 -0.089
7278 	 -0.085
7290 	 -0.073
7324 	 -0.025
9000 	 -1.433
9024 	 -1.537
9050 	 -2.497
9078 	 -3.177
9112 	 -3.761
9158 	 -3.713
9162 	 -3.797
9174 	 -3.705
9186 	 -2.857
9216 	 -3.589
9232 	 -3.413
9238 	 -3.801
9262 	 -1.973
9268 	 -1.305
9298 	 -0.417
9304 	 -0.413
9306 	 -0.409
9334 	 -0.277
9400 	 -0.025
9660 	 -0.009
9904 	 -0.001
12000 	 -2.54
12002 	 -2.421
12004 	 -2.852
12006 	 -3.991
12008 	 -4.819
12010 	 -6.396
12012 	 -6.822
12016 	 -7.411
12018 	 -7.457
12020 	 -7.793
12028 	 -7.927
12030 	 -7.995
12032 	 -7.961
12034 	 -8.02
12040 	 -7.897
12042 	 -8.373
12054 	 -7.884
12062 	 -8.102
12064 	 -8.178
12070 	 -8.362
12072 	 -8.409
12074 	 -7.93
12086 	 -8.195
12088 	 -7.583
12090 	 -7.678
12100 	 -7.661
12102 	 -7.545
12120 	 -6.836
12130 	 -6.63
12132 	 -6.95
12140 	 -7.215
12148 	 -7.475
12154 	 -8.643
12156 	 -8.63
12160 	 -8.988
12164 	 -9.163
12176 	 -9.358
12178 	 -9.451
12180 	 -9.531
12186 	 -9.833
12190 	 -10.149
12198 	 -10.127
12200 	 -10.289
12212 	 -11.333
12222 	 -11.226
12226 	 -11.493
12228 	 -11.895
12230 	 -11.966
12234 	 -13.348
12236 	 -13.089
12246 	 -13.383
12252 	 -12.743
12254 	 -12.642
12256 	 -12.619
12260 	 -12.284
12262 	 -12.112
12270 	 -12.239
12272 	 -12.238
12274 	 -11.101
12276 	 -11.175
12282 	 -11.018
12290 	 -10.908
12296 	 -11.304
12304 	 -11.26
12308 	 -11.245
12310 	 -11.464
12314 	 -11.13
12324 	 -10.526
12328 	 -10.748
12332 	 -10.78
12334 	 -10.715
12338 	 -10.463
12340 	 -10.501
12344 	 -9.711
12350 	 -9.683
12352 	 -9.637
12354 	 -9.625
12358 	 -9.213
12360 	 -8.003
12366 	 -8.023
12368 	 -7.923
12376 	 -7.953
12380 	 -7.956
12382 	 -7.944
12384 	 -7.576
12386 	 -7.504
12390 	 -7.541
12392 	 -7.499
12394 	 -7.479
12398 	 -7.474
12402 	 -7.373
12404 	 -7.023
12406 	 -7.275
12408 	 -7.345
12412 	 -7.284
12418 	 -7.326
12420 	 -7.315
12432 	 -7.083
12436 	 -7.524
12438 	 -6.996
12444 	 -6.99
12452 	 -6.887
12454 	 -6.965
12456 	 -6.776
12460 	 -6.693
12462 	 -6.636
12464 	 -6.587
12466 	 -7.044
12484 	 -7.016
12494 	 -6.957
12496 	 -7.044
12498 	 -6.949
12500 	 -6.97
12502 	 -6.951
12510 	 -6.982
12516 	 -6.932
12520 	 -6.902
12522 	 -6.907
12530 	 -7.298
12540 	 -7.31
12542 	 -7.244
12546 	 -7.214
12548 	 -7.257
12550 	 -7.223
12552 	 -7.103
12556 	 -7.262
12574 	 -7.622
12576 	 -7.618
12590 	 -7.577
12592 	 -7.16
12604 	 -7.025
12608 	 -6.711
12614 	 -6.651
12624 	 -6.638
12628 	 -6.556
12630 	 -6.895
12632 	 -6.868
12638 	 -6.864
12640 	 -6.636
12656 	 -6.789
12658 	 -6.768
12664 	 -6.66
12666 	 -6.747
12668 	 -6.783
12670 	 -6.79
12676 	 -6.98
12678 	 -6.961
12700 	 -7.101
12708 	 -7.091
12710 	 -7.087
12714 	 -6.937
12716 	 -6.934
12718 	 -6.742
12726 	 -6.911
12730 	 -6.988
12732 	 -7.014
12736 	 -7.127
12758 	 -7.125
12768 	 -7.21
12774 	 -7.222
12776 	 -7.212
12784 	 -7.211
12786 	 -7.626
12788 	 -7.589
12790 	 -7.587
12792 	 -7.594
12794 	 -8.158
12802 	 -8.136
12804 	 -8.169
12808 	 -8.31
12814 	 -8.617
12818 	 -8.597
12822 	 -8.549
12828 	 -8.514
12830 	 -9.467
12832 	 -9.466
12836 	 -9.402
12854 	 -9.135
12856 	 -9.168
12860 	 -9.664
12864 	 -9.658
12868 	 -9.483
12874 	 -9.437
12880 	 -9.7
12886 	 -9.698
12888 	 -9.892
12896 	 -8.934
12900 	 -9.43
12902 	 -9.455
12908 	 -8.362
12916 	 -8.288
12920 	 -8.198
12928 	 -8.247
12930 	 -7.975
12932 	 -7.847
12934 	 -7.875
12942 	 -7.772
12948 	 -7.822
12952 	 -7.738
12954 	 -7.669
12962 	 -7.731
12970 	 -7.576
12972 	 -7.219
12982 	 -6.969
12986 	 -6.883
12990 	 -6.88
12996 	 -6.888
13004 	 -6.771
13006 	 -6.819
13008 	 -6.805
13024 	 -7.206
13028 	 -7.464
13040 	 -7.833
13042 	 -7.793
13044 	 -7.814
13062 	 -7.813
13064 	 -7.555
13068 	 -7.436
13074 	 -7.561
13080 	 -7.555
13082 	 -7.547
13096 	 -7.271
13098 	 -7.251
13102 	 -7.248
13106 	 -7.139
13114 	 -7.118
13120 	 -7.095
13126 	 -7.072
13128 	 -7.073
13134 	 -7.142
13138 	 -7.148
13150 	 -7.156
13156 	 -6.772
13172 	 -6.672
13174 	 -6.356
13176 	 -6.338
13182 	 -6.337
13188 	 -6.239
13190 	 -6.237
13192 	 -6.33
13206 	 -6.771
13214 	 -7.278
13220 	 -7.265
13230 	 -7.166
13238 	 -8.079
13246 	 -8.01
13248 	 -7.905
13250 	 -7.764
13256 	 -7.76
13258 	 -7.758
13262 	 -7.732
13268 	 -7.722
13270 	 -7.717
13274 	 -7.714
13288 	 -7.499
13290 	 -7.464
13296 	 -7.464
13300 	 -7.52
13314 	 -7.408
13316 	 -7.403
13320 	 -7.569
13324 	 -7.065
13328 	 -7.026
13334 	 -6.889
13340 	 -6.965
13344 	 -7.045
13346 	 -6.537
13360 	 -6.466
13364 	 -6.305
13366 	 -6.487
13368 	 -6.483
13372 	 -6.472
13380 	 -6.42
13384 	 -6.309
13388 	 -6.305
13398 	 -5.08
13408 	 -5.135
13412 	 -5.332
13416 	 -5.327
13418 	 -5.288
13422 	 -5.168
13428 	 -4.983
13432 	 -4.978
13446 	 -4.923
13454 	 -4.907
13456 	 -4.831
13470 	 -4.678
13474 	 -4.666
13476 	 -4.568
13480 	 -4.234
13482 	 -4.181
13484 	 -4.208
13492 	 -4.071
13500 	 -4.066
13508 	 -4.08
13514 	 -4.071
13524 	 -4.07
13528 	 -4.057
13530 	 -4.056
13536 	 -3.526
13542 	 -3.522
13604 	 -3.019
13628 	 -2.909
13644 	 -2.908
13648 	 -2.071
13662 	 -2.063
13668 	 -2.052
13678 	 -2.01
13690 	 -2.101
13696 	 -2.062
13708 	 -2.033
13726 	 -2.032
13732 	 -1.994
13738 	 -2.118
13744 	 -2.002
13760 	 -1.982
13766 	 -1.968
13804 	 -1.983
13820 	 -1.977
13850 	 -2.302
13852 	 -2.441
13858 	 -2.437
13874 	 -2.422
13878 	 -2.404
13882 	 -2.402
13890 	 -2.431
13900 	 -2.426
13902 	 -2.373
13910 	 -2.343
13912 	 -2.337
13932 	 -2.325
13938 	 -2.307
13942 	 -2.298
13962 	 -2.242
13970 	 -2.255
13974 	 -2.389
14008 	 -2.39
14010 	 -2.432
14016 	 -2.431
14020 	 -2.43
14028 	 -2.402
14038 	 -2.236
14048 	 -2.184
14054 	 -2.187
14056 	 -2.204
14058 	 -2.169
14060 	 -2.147
14074 	 -2.189
14088 	 -2.183
14104 	 -2.158
14114 	 -2.218
14120 	 -2.215
14128 	 -2.537
14130 	 -2.591
14134 	 -2.569
14136 	 -2.442
14138 	 -2.435
14150 	 -2.421
14154 	 -2.4
14178 	 -2.414
14198 	 -2.533
14204 	 -2.666
14212 	 -2.664
14226 	 -2.651
14238 	 -2.719
14242 	 -2.718
14248 	 -2.776
14256 	 -2.773
14264 	 -2.772
14270 	 -2.794
14272 	 -2.788
14276 	 -2.779
14304 	 -2.871
14310 	 -2.98
14318 	 -2.978
14324 	 -3.068
14326 	 -3.067
14338 	 -2.806
14350 	 -2.705
14356 	 -2.554
14358 	 -2.534
14370 	 -2.364
14372 	 -2.35
14376 	 -2.318
14378 	 -2.358
14380 	 -2.324
14382 	 -2.321
14392 	 -2.312
14402 	 -2.398
14408 	 -2.227
14424 	 -2.068
14428 	 -2
14430 	 -1.957
14436 	 -1.918
14448 	 -1.853
14450 	 -1.831
14452 	 -1.596
14458 	 -1.533
14460 	 -1.524
14470 	 -1.509
14472 	 -1.408
14474 	 -1.407
14478 	 -1.393
14480 	 -1.431
14488 	 -1.404
14494 	 -1.401
14500 	 -1.341
14506 	 -1.357
14514 	 -1.29
14518 	 -1.283
14532 	 -1.281
14538 	 -1.285
14550 	 -1.277
14570 	 -1.367
14576 	 -1.348
14586 	 -1.249
14590 	 -1.237
14600 	 -1.013
14616 	 -1.009
14624 	 -0.984
14626 	 -1.148
14642 	 -1.01
14654 	 -1.089
14658 	 -0.979
14664 	 -0.937
14698 	 -0.857
14704 	 -0.825
14706 	 -0.5
14720 	 -0.458
14730 	 -0.408
14736 	 -0.356
14756 	 -0.309
14780 	 -0.283
14784 	 -0.275
14788 	 -0.269
14790 	 -0.241
14868 	 -0.233
15000 	 -1.434
15024 	 -1.581
15050 	 -2.203
15078 	 -2.657
15112 	 -2.891
15158 	 -2.802
15162 	 -2.842
15174 	 -2.797
15186 	 -2.276
15216 	 -2.384
15222 	 -2.381
15232 	 -2.205
15238 	 -2.362
15262 	 -1.424
15266 	 -1.403
15268 	 -1.317
15276 	 -1.167
15282 	 -1.034
15298 	 -0.861
15300 	 -0.684
15310 	 -0.705
15336 	 -0.854
15342 	 -0.852
15346 	 -0.826
15356 	 -0.911
15372 	 -0.907
15374 	 -0.717
15382 	 -0.716
15400 	 -0.397
15422 	 -0.317
15456 	 -0.186
15470 	 -0.181
15486 	 -0.084
15558 	 -0.049
15660 	 -0.042
15754 	 -0.038
15764 	 -0.037
15806 	 -0.036
15810 	 -0.034
15840 	 -0.032
15864 	 -0.028
15888 	 -0.022
15904 	 -0.014
15906 	 -0.012
16128 	 -0.011
18000 	 -2.128
18020 	 -2.227
18042 	 -2.675
18064 	 -2.729
18088 	 -2.111
18120 	 -1.491
18154 	 -2.168
18180 	 -1.904
18190 	 -2.225
18234 	 -2.958
18252 	 -2.942
18262 	 -2.849
18270 	 -2.203
18278 	 -2.161
18286 	 -2.067
18296 	 -2.256
18316 	 -2.286
18328 	 -2.408
18336 	 -2.174
18342 	 -2.17
18348 	 -1.776
18360 	 -1.201
18368 	 -1.048
18384 	 -1.055
18402 	 -0.724
18420 	 -0.407
18426 	 -0.363
18434 	 -0.304
18448 	 -0.134
18472 	 -0.119
18552 	 -0.012
18864 	 -0.008
19002 	 0
21000 	 -1.44
21001 	 -1.44
