0 	 0
3000 	 -1.376
3024 	 -1.496
3050 	 -1.88
3062 	 -2.472
3078 	 -3.176
3112 	 -3.62
3158 	 -3.808
3164 	 -3.728
3186 	 -2.828
3198 	 -2.688
3216 	 -1.912
3232 	 -1.736
3238 	 -1.364
3262 	 -0.608
3296 	 -0.264
3400 	 -0.024
3636 	 -0.008
3904 	 0
6000 	 -2.478
6020 	 -2.638
6042 	 -3.286
6064 	 -3.582
6088 	 -3.11
6120 	 -2.686
6138 	 -2.872
6154 	 -3.312
6180 	 -3.048
6190 	 -3.516
6198 	 -3.5
6234 	 -3.9
6284 	 -4.203
6296 	 -4.179
6346 	 -4.159
6360 	 -2.871
6374 	 -2.271
6376 	 -1.719
6424 	 -1.319
6444 	 -0.761
6504 	 -0.637
6506 	 -0.613
6552 	 -0.501
6634 	 -0.359
6704 	 -0.331
6710 	 -0.307
6726 	 -0.295
6728 	 -0.267
6782 	 -0.263
6894 	 -0.165
6990 	 -0.145
6994 	 -0.125
7002 	 -0.093
7272 	 -0.089
7278 	 -0.085
7290 	 -0.073
7324 	 -0.025
9000 	 -1.433
9024 	 -1.537
9050 	 -2.497
9078 	 -3.177
9112 	 -3.761
9158 	 -3.713
9162 	 -3.797
9174 	 -3.705
9186 	 -2.857
9216 	 -3.589
9232 	 -3.413
9238 	 -3.801
9262 	 -1.973
9268 	 -1.305
9298 	 -0.417
9304 	 -0.413
9306 	 -0.409
9334 	 -0.277
9400 	 -0.025
9660 	 -0.009
9904 	 -0.001
12000 	 -2.54
12002 	 -2.421
12004 	 -2.812
12006 	 -3.951
12008 	 -4.368
12010 	 -5.945
12012 	 -6.156
12016 	 -6.745
12018 	 -6.791
12020 	 -7.014
12028 	 -7.148
12030 	 -7.216
12032 	 -7.182
12034 	 -7.241
12040 	 -7.03
12042 	 -7.506
12054 	 -7.017
12062 	 -7.235
12064 	 -7.311
12072 	 -7.358
12074 	 -6.879
12086 	 -7.144
12088 	 -6.532
12090 	 -6.627
12102 	 -6.511
12120 	 -5.802
12132 	 -6.122
12140 	 -6.387
12148 	 -6.647
12154 	 -7.815
12156 	 -7.82
12164 	 -7.995
12176 	 -8.19
12178 	 -8.169
12180 	 -8.249
12186 	 -8.551
12190 	 -8.867
12200 	 -8.904
12212 	 -9.948
12222 	 -9.841
12226 	 -10.108
12228 	 -10.453
12234 	 -11.835
12236 	 -11.505
12252 	 -10.865
12260 	 -10.55
12262 	 -10.731
12270 	 -10.858
12272 	 -10.857
12274 	 -9.605
12282 	 -9.477
12290 	 -9.336
12296 	 -9.732
12304 	 -9.688
12306 	 -9.896
12308 	 -9.881
12310 	 -9.854
12324 	 -9.25
12328 	 -9.567
12332 	 -9.599
12338 	 -9.347
12340 	 -9.535
12344 	 -8.739
12350 	 -8.72
12352 	 -8.674
12354 	 -8.662
12356 	 -8.718
12358 	 -8.37
12360 	 -7.475
12366 	 -7.494
12368 	 -7.394
12376 	 -7.364
12382 	 -7.352
12384 	 -7.384
12386 	 -7.487
12394 	 -7.467
12398 	 -7.462
12402 	 -7.361
12404 	 -7.089
12406 	 -7.236
12412 	 -7.086
12420 	 -7.075
12432 	 -6.952
12436 	 -7.407
12448 	 -7.47
12452 	 -7.367
12454 	 -7.445
12460 	 -7.336
12464 	 -7.287
12466 	 -7.744
12472 	 -7.451
12484 	 -7.423
12494 	 -7.374
12496 	 -7.413
12498 	 -7.255
12500 	 -7.133
12502 	 -7.056
12504 	 -7.048
12506 	 -7.087
12516 	 -7.037
12520 	 -7.007
12522 	 -6.943
12524 	 -7.129
12536 	 -7.18
12542 	 -7.114
12546 	 -7.101
12548 	 -6.722
12550 	 -6.856
12552 	 -6.736
12558 	 -7.241
12574 	 -7.801
12590 	 -7.76
12592 	 -7.569
12600 	 -7.117
12604 	 -7.112
12606 	 -7.103
12608 	 -7.313
12614 	 -7.136
12630 	 -7.462
12638 	 -7.466
12640 	 -7.154
12652 	 -7.15
12654 	 -6.939
12656 	 -7.092
12658 	 -7.071
12668 	 -7.107
12670 	 -7.142
12672 	 -7.129
12688 	 -7.114
12700 	 -7.27
12708 	 -7.26
12710 	 -7.256
12714 	 -7.106
12716 	 -7.103
12732 	 -7.129
12736 	 -6.967
12740 	 -6.972
12758 	 -6.97
12768 	 -7.188
12786 	 -6.909
12788 	 -6.9
12796 	 -6.875
12802 	 -6.853
12804 	 -6.882
12808 	 -6.83
12810 	 -7.16
12816 	 -7.533
12828 	 -7.828
12840 	 -8.12
12862 	 -7.968
12864 	 -7.962
12868 	 -8.632
12874 	 -8.586
12886 	 -8.584
12888 	 -8.794
12892 	 -8.744
12896 	 -8.086
12902 	 -8.231
12908 	 -7.68
12916 	 -7.587
12920 	 -7.497
12926 	 -7.386
12932 	 -7.047
12942 	 -6.941
12944 	 -6.906
12946 	 -6.9
12952 	 -6.816
12954 	 -6.747
12960 	 -6.163
12966 	 -6.147
12970 	 -6.142
12972 	 -5.968
12976 	 -6.044
12978 	 -5.992
12980 	 -6.005
12982 	 -5.754
12984 	 -5.857
12986 	 -5.828
12992 	 -5.655
12996 	 -5.653
12998 	 -5.646
13004 	 -5.529
13006 	 -5.539
13008 	 -5.525
13012 	 -5.576
13028 	 -5.456
13042 	 -5.416
13044 	 -5.249
13056 	 -5.613
13060 	 -5.473
13062 	 -5.472
13064 	 -5.37
13066 	 -5.757
13068 	 -5.638
13070 	 -5.703
13080 	 -5.697
13082 	 -5.571
13086 	 -5.584
13096 	 -5.687
13102 	 -5.684
13104 	 -5.672
13106 	 -5.764
13108 	 -5.698
13112 	 -5.748
13114 	 -5.727
13120 	 -5.704
13124 	 -5.68
13126 	 -5.679
13130 	 -5.405
13136 	 -5.446
13142 	 -5.348
13146 	 -5.377
13150 	 -5.355
13156 	 -5.305
13168 	 -5.262
13172 	 -5.083
13176 	 -4.935
13206 	 -4.112
13210 	 -4.443
13214 	 -4.354
13222 	 -4.346
13226 	 -4.536
13234 	 -4.573
13238 	 -4.529
13246 	 -4.46
13248 	 -4.238
13250 	 -4.097
13256 	 -4.093
13258 	 -4.136
13262 	 -4.11
13268 	 -4.105
13270 	 -4.1
13274 	 -4.097
13276 	 -4.167
13290 	 -4.15
13314 	 -4.233
13318 	 -4.253
13328 	 -4.214
13338 	 -4.205
13346 	 -4.238
13352 	 -4.214
13366 	 -4.17
13372 	 -4.158
13374 	 -4.208
13376 	 -4.153
13378 	 -4.201
13384 	 -4.09
13388 	 -4.086
13396 	 -4.108
13398 	 -4.05
13400 	 -4.064
13408 	 -4.005
13416 	 -4.004
13418 	 -3.826
13422 	 -3.637
13430 	 -3.632
13438 	 -3.606
13442 	 -3.58
13444 	 -3.462
13450 	 -3.372
13454 	 -3.368
13470 	 -3.334
13474 	 -3.322
13476 	 -3.3
13484 	 -3.402
13498 	 -3.397
13508 	 -3.396
13514 	 -3.387
13526 	 -3.317
13530 	 -3.266
13536 	 -3.371
13542 	 -3.367
13596 	 -3.352
13604 	 -3.23
13606 	 -3.217
13648 	 -2.092
13666 	 -2.108
13692 	 -2.181
13696 	 -2.142
13698 	 -2.121
13704 	 -2.293
13716 	 -2.194
13726 	 -2.193
13744 	 -2.092
13746 	 -1.909
13750 	 -1.999
13760 	 -1.979
13762 	 -1.957
13766 	 -1.953
13768 	 -1.949
13778 	 -1.902
13796 	 -1.757
13804 	 -1.38
13820 	 -1.374
13826 	 -1.344
13836 	 -1.481
13854 	 -1.588
13876 	 -1.677
13878 	 -1.577
13882 	 -1.572
13892 	 -1.562
13900 	 -1.557
13902 	 -1.504
13904 	 -1.424
13912 	 -1.418
13916 	 -1.502
13918 	 -1.487
13920 	 -1.485
13932 	 -1.507
13936 	 -1.635
13942 	 -1.626
13956 	 -1.713
13964 	 -1.663
13976 	 -1.639
13984 	 -1.623
13990 	 -1.665
13992 	 -1.624
14000 	 -1.653
14020 	 -1.652
14032 	 -1.651
14038 	 -1.858
14042 	 -1.825
14048 	 -1.773
14050 	 -1.753
14054 	 -1.833
14058 	 -1.828
14090 	 -1.963
14094 	 -2.103
14110 	 -2.113
14120 	 -2.112
14124 	 -2.102
14128 	 -2.126
14136 	 -2
14138 	 -2.022
14142 	 -2.019
14146 	 -2.075
14162 	 -2.077
14182 	 -2.262
14190 	 -2.082
14200 	 -2.087
14202 	 -1.965
14208 	 -1.942
14212 	 -1.94
14216 	 -1.939
14226 	 -1.936
14228 	 -1.91
14244 	 -2.006
14286 	 -2.077
14318 	 -2.075
14326 	 -2.074
14330 	 -1.952
14336 	 -1.999
14340 	 -2.012
14350 	 -1.922
14354 	 -2.045
14364 	 -2.015
14374 	 -1.879
14376 	 -1.848
14378 	 -1.808
14386 	 -1.799
14390 	 -1.743
14404 	 -1.683
14408 	 -1.62
14414 	 -1.434
14428 	 -1.323
14430 	 -1.311
14438 	 -1.452
14450 	 -1.398
14454 	 -1.255
14472 	 -1.155
14474 	 -1.146
14476 	 -1.102
14482 	 -1.085
14502 	 -0.971
14508 	 -0.899
14514 	 -0.876
14518 	 -0.844
14522 	 -0.837
14536 	 -0.814
14538 	 -0.767
14542 	 -0.766
14546 	 -0.598
14552 	 -0.573
14572 	 -0.524
14578 	 -0.425
14594 	 -0.408
14598 	 -0.406
14612 	 -0.401
14624 	 -0.387
14646 	 -0.38
14648 	 -0.269
14658 	 -0.263
14720 	 -0.215
14730 	 -0.184
14736 	 -0.183
14774 	 -0.175
15000 	 -1.422
15024 	 -1.586
15050 	 -2.319
15078 	 -2.912
15112 	 -3.353
15158 	 -3.363
15162 	 -3.405
15164 	 -3.395
15174 	 -3.349
15186 	 -2.788
15216 	 -3.322
15222 	 -3.321
15232 	 -3.145
15238 	 -3.327
15262 	 -2.234
15266 	 -2.176
15268 	 -2.09
15276 	 -1.788
15282 	 -1.655
15298 	 -1.482
15300 	 -1.122
15310 	 -1.162
15336 	 -1.461
15342 	 -1.459
15346 	 -1.433
15356 	 -1.603
15372 	 -1.599
15374 	 -1.219
15382 	 -1.218
15400 	 -0.731
15422 	 -0.571
15456 	 -0.309
15470 	 -0.304
15486 	 -0.112
15558 	 -0.042
15660 	 -0.035
15666 	 -0.031
15736 	 -0.03
15810 	 -0.029
15864 	 -0.021
15888 	 -0.02
15904 	 -0.012
15966 	 -0.008
16386 	 -0.007
18000 	 -2.129
18020 	 -2.246
18042 	 -2.758
18064 	 -2.895
18088 	 -2.34
18120 	 -1.765
18154 	 -2.865
18180 	 -2.601
18190 	 -3.254
18234 	 -4.519
18252 	 -4.495
18262 	 -4.309
18270 	 -3.34
18278 	 -3.277
18286 	 -3.136
18296 	 -3.67
18316 	 -3.715
18328 	 -3.959
18336 	 -3.608
18342 	 -3.617
18348 	 -3.026
18360 	 -2.269
18368 	 -1.963
18384 	 -1.977
18402 	 -1.391
18420 	 -0.757
18426 	 -0.669
18434 	 -0.551
18448 	 -0.211
18472 	 -0.181
18552 	 -0.021
18864 	 -0.013
19002 	 -0.001
21000 	 -1.441
21001 	 -1.441
