0 	 0
3000 	 -1.376
3024 	 -1.496
3050 	 -1.88
3062 	 -2.472
3078 	 -3.176
3112 	 -3.62
3158 	 -3.808
3164 	 -3.728
3186 	 -2.828
3198 	 -2.688
3216 	 -1.912
3232 	 -1.736
3238 	 -1.364
3262 	 -0.608
3296 	 -0.264
3400 	 -0.024
3636 	 -0.008
3904 	 0
6000 	 -2.478
6020 	 -2.638
6042 	 -3.286
6064 	 -3.582
6088 	 -3.11
6120 	 -2.686
6138 	 -2.872
6154 	 -3.312
6180 	 -3.048
6190 	 -3.516
6198 	 -3.5
6234 	 -3.9
6284 	 -4.203
6296 	 -4.179
6346 	 -4.159
6360 	 -2.871
6374 	 -2.271
6376 	 -1.719
6424 	 -1.319
6444 	 -0.761
6504 	 -0.637
6506 	 -0.613
6552 	 -0.501
6634 	 -0.359
6704 	 -0.331
6710 	 -0.307
6726 	 -0.295
6728 	 -0.267
6782 	 -0.263
6894 	 -0.165
6990 	 -0.145
6994 	 -0.125
7002 	 -0.093
7272 	 -0.089
7278 	 -0.085
7290 	 -0.073
7324 	 -0.025
9000 	 -1.433
9024 	 -1.537
9050 	 -2.497
9078 	 -3.177
9112 	 -3.761
9158 	 -3.713
9162 	 -3.797
9174 	 -3.705
9186 	 -2.857
9216 	 -3.589
9232 	 -3.413
9238 	 -3.801
9262 	 -1.973
9268 	 -1.305
9298 	 -0.417
9304 	 -0.413
9306 	 -0.409
9334 	 -0.277
9400 	 -0.025
9660 	 -0.009
9904 	 -0.001
12000 	 -2.54
12002 	 -2.421
12004 	 -2.812
12006 	 -3.951
12008 	 -4.362
12010 	 -5.939
12012 	 -6.154
12016 	 -6.743
12018 	 -6.789
12020 	 -7.018
12028 	 -7.152
12030 	 -7.22
12032 	 -7.186
12034 	 -7.245
12040 	 -7.104
12042 	 -7.58
12054 	 -7.091
12062 	 -7.309
12064 	 -7.385
12070 	 -7.568
12072 	 -7.615
12074 	 -7.136
12088 	 -6.524
12090 	 -6.619
12100 	 -6.596
12102 	 -6.48
12120 	 -5.771
12130 	 -5.725
12140 	 -5.99
12148 	 -6.25
12154 	 -7.286
12156 	 -7.278
12164 	 -7.453
12176 	 -7.648
12178 	 -7.78
12180 	 -7.852
12186 	 -8.206
12190 	 -8.522
12200 	 -8.635
12206 	 -8.625
12212 	 -9.669
12222 	 -9.562
12226 	 -9.834
12228 	 -10.387
12230 	 -10.517
12234 	 -11.899
12236 	 -11.949
12252 	 -11.309
12254 	 -11.208
12256 	 -11.338
12260 	 -11.021
12262 	 -10.849
12264 	 -11.14
12270 	 -11.305
12274 	 -10.269
12282 	 -10.112
12286 	 -9.976
12290 	 -9.798
12296 	 -10.194
12302 	 -10.181
12304 	 -9.951
12308 	 -9.936
12310 	 -9.909
12312 	 -9.874
12324 	 -9.367
12332 	 -9.399
12338 	 -9.147
12340 	 -9.026
12344 	 -8.23
12350 	 -8.215
12352 	 -8.169
12354 	 -8.051
12358 	 -7.703
12360 	 -6.567
12366 	 -6.572
12368 	 -6.472
12372 	 -6.457
12376 	 -6.427
12378 	 -6.321
12382 	 -6.25
12384 	 -5.93
12392 	 -6.013
12394 	 -5.843
12398 	 -5.838
12402 	 -5.737
12404 	 -5.465
12408 	 -5.494
12410 	 -5.569
12412 	 -5.361
12420 	 -5.35
12432 	 -5.013
12436 	 -5.45
12438 	 -5.085
12444 	 -5.103
12452 	 -5
12454 	 -5.078
12456 	 -5.23
12460 	 -5.147
12466 	 -5.604
12484 	 -5.576
12492 	 -5.669
12494 	 -5.62
12498 	 -5.525
12510 	 -5.734
12520 	 -5.704
12522 	 -5.709
12542 	 -5.643
12546 	 -5.43
12548 	 -5.394
12552 	 -5.274
12562 	 -5.135
12564 	 -5.129
12574 	 -5.345
12576 	 -5.325
12578 	 -5.32
12590 	 -5.309
12592 	 -5.118
12608 	 -5.328
12610 	 -5.217
12614 	 -5.177
12624 	 -5.079
12630 	 -5.416
12638 	 -5.363
12640 	 -5.306
12644 	 -5.301
12652 	 -5.35
12656 	 -5.503
12658 	 -5.482
12664 	 -5.615
12668 	 -5.651
12672 	 -5.637
12674 	 -5.586
12682 	 -5.653
12692 	 -5.705
12700 	 -6.232
12708 	 -6.222
12710 	 -6.218
12714 	 -6.162
12716 	 -6.159
12726 	 -6.267
12732 	 -6.293
12746 	 -6.213
12758 	 -6.211
12764 	 -6.009
12768 	 -6.291
12780 	 -6.137
12788 	 -6.128
12804 	 -6.3
12824 	 -6.294
12828 	 -6.259
12840 	 -6.355
12844 	 -6.474
12846 	 -6.498
12864 	 -6.492
12874 	 -6.346
12882 	 -6.391
12886 	 -6.389
12888 	 -6.61
12894 	 -6.594
12902 	 -6.619
12908 	 -6.167
12912 	 -6.161
12916 	 -6.087
12920 	 -6.049
12922 	 -6.107
12942 	 -5.994
12946 	 -5.989
12950 	 -5.986
12954 	 -6.069
12960 	 -6.124
12970 	 -6.128
12972 	 -6.766
12976 	 -6.847
12980 	 -7.282
12982 	 -7.148
12986 	 -7.119
12990 	 -7.116
12992 	 -7.37
12996 	 -7.327
12998 	 -7.41
13002 	 -7.364
13004 	 -7.263
13006 	 -7.273
13008 	 -7.259
13018 	 -7.151
13024 	 -7.24
13026 	 -7.172
13028 	 -7.074
13036 	 -6.785
13038 	 -6.823
13042 	 -6.783
13046 	 -7.35
13048 	 -7.051
13050 	 -7.073
13062 	 -6.97
13064 	 -6.728
13068 	 -6.504
13076 	 -6.576
13078 	 -6.385
13082 	 -6.377
13086 	 -6.413
13088 	 -6.451
13092 	 -6.335
13100 	 -6.31
13102 	 -6.307
13114 	 -6.297
13120 	 -6.274
13126 	 -5.022
13128 	 -5.001
13130 	 -5.439
13136 	 -5.173
13140 	 -5.255
13142 	 -5.2
13162 	 -5.271
13166 	 -5.286
13170 	 -5.25
13172 	 -5.23
13178 	 -5.209
13184 	 -5.238
13186 	 -5.188
13200 	 -5.099
13206 	 -5.45
13218 	 -5.994
13222 	 -6.286
13224 	 -6.222
13234 	 -6.421
13238 	 -6.403
13246 	 -6.334
13248 	 -6.248
13250 	 -5.974
13256 	 -5.961
13262 	 -5.935
13264 	 -5.762
13268 	 -5.757
13270 	 -5.752
13274 	 -5.748
13286 	 -5.795
13288 	 -5.241
13290 	 -5.198
13294 	 -5.303
13298 	 -5.066
13308 	 -5.063
13310 	 -5.058
13312 	 -4.764
13322 	 -4.783
13328 	 -4.749
13330 	 -4.781
13332 	 -4.756
13336 	 -4.727
13344 	 -4.709
13354 	 -4.592
13356 	 -4.249
13366 	 -4.353
13368 	 -4.233
13372 	 -4.221
13374 	 -4.242
13382 	 -4.336
13384 	 -4.225
13386 	 -4.096
13388 	 -4.092
13390 	 -4.097
13398 	 -4.136
13402 	 -4.134
13404 	 -4.124
13410 	 -4.144
13414 	 -4.131
13424 	 -4.124
13430 	 -4.089
13438 	 -4.083
13448 	 -4.077
13450 	 -4.581
13454 	 -4.571
13474 	 -4.612
13482 	 -4.606
13484 	 -4.701
13490 	 -4.763
13504 	 -4.73
13508 	 -4.729
13514 	 -4.72
13522 	 -4.745
13536 	 -4.891
13542 	 -4.91
13546 	 -4.958
13554 	 -4.976
13560 	 -5.078
13566 	 -5.095
13584 	 -4.741
13586 	 -4.663
13590 	 -4.668
13592 	 -4.259
13602 	 -4.238
13604 	 -4.116
13610 	 -4.088
13616 	 -4.084
13626 	 -4.015
13642 	 -3.987
13648 	 -2.983
13686 	 -3.044
13696 	 -3.005
13702 	 -2.958
13708 	 -2.938
13732 	 -3
13744 	 -2.903
13760 	 -2.883
13762 	 -2.767
13766 	 -2.758
13778 	 -2.692
13782 	 -2.592
13784 	 -2.532
13804 	 -2.267
13806 	 -2.265
13808 	 -2.065
13820 	 -2.059
13826 	 -2.007
13832 	 -2.002
13846 	 -1.999
13848 	 -1.998
13850 	 -2.047
13852 	 -2.009
13856 	 -2.008
13860 	 -2.065
13862 	 -2.004
13878 	 -1.879
13880 	 -1.936
13900 	 -1.931
13902 	 -1.864
13910 	 -1.694
13912 	 -1.688
13916 	 -1.679
13924 	 -1.607
13926 	 -1.606
13930 	 -1.605
13942 	 -1.542
13946 	 -1.541
13954 	 -1.534
13960 	 -1.469
13962 	 -1.443
13984 	 -1.08
14002 	 -1.075
14004 	 -1.072
14006 	 -1.054
14024 	 -1.053
14032 	 -1.036
14046 	 -0.931
14048 	 -0.879
14058 	 -0.866
14074 	 -0.898
14090 	 -0.889
14096 	 -0.888
14118 	 -0.85
14120 	 -0.848
14126 	 -0.847
14136 	 -0.72
14144 	 -0.707
14158 	 -0.701
14176 	 -0.693
14182 	 -0.67
14196 	 -0.662
14210 	 -0.657
14212 	 -0.655
14230 	 -0.701
14260 	 -0.714
14276 	 -0.698
14304 	 -0.694
14306 	 -0.511
14318 	 -0.509
14320 	 -0.448
14326 	 -0.447
14336 	 -0.371
14342 	 -0.365
14360 	 -0.309
14370 	 -0.275
14378 	 -0.235
14380 	 -0.216
14402 	 -0.194
14426 	 -0.183
14432 	 -0.16
14450 	 -0.158
14540 	 -0.156
14562 	 -0.145
14666 	 -0.14
15000 	 -1.409
15024 	 -1.56
15050 	 -2.323
15078 	 -2.905
15112 	 -3.346
15158 	 -3.467
15162 	 -3.529
15174 	 -3.459
15186 	 -2.906
15216 	 -3.432
15222 	 -3.43
15232 	 -3.254
15238 	 -3.482
15262 	 -2.737
15268 	 -2.478
15282 	 -2.08
15298 	 -1.561
15310 	 -1.621
15336 	 -2.069
15342 	 -2.067
15346 	 -1.989
15356 	 -2.245
15372 	 -2.241
15374 	 -1.661
15384 	 -1.66
15400 	 -1.07
15422 	 -0.832
15456 	 -0.435
15470 	 -0.43
15486 	 -0.145
15558 	 -0.046
15660 	 -0.037
15708 	 -0.025
15864 	 -0.019
15888 	 -0.017
15904 	 -0.009
15966 	 -0.007
18000 	 -2.128
18020 	 -2.254
18042 	 -2.798
18064 	 -2.975
18088 	 -2.46
18120 	 -1.931
18154 	 -3.112
18180 	 -2.848
18190 	 -3.636
18234 	 -5
18252 	 -4.976
18262 	 -4.697
18270 	 -3.728
18278 	 -3.665
18286 	 -3.524
18296 	 -4.415
18316 	 -4.46
18328 	 -4.826
18336 	 -4.475
18342 	 -4.514
18348 	 -3.923
18360 	 -3.233
18368 	 -2.774
18384 	 -2.795
18402 	 -2.03
18420 	 -1.079
18426 	 -0.947
18434 	 -0.77
18448 	 -0.26
18472 	 -0.215
18552 	 -0.024
18864 	 -0.012
19002 	 0
21000 	 -1.44
21001 	 -1.44
