0 	 0
3000 	 -1.376
3024 	 -1.496
3050 	 -1.88
3062 	 -2.472
3078 	 -3.176
3112 	 -3.62
3158 	 -3.808
3164 	 -3.728
3186 	 -2.828
3198 	 -2.688
3216 	 -1.912
3232 	 -1.736
3238 	 -1.364
3262 	 -0.608
3296 	 -0.264
3400 	 -0.024
3636 	 -0.008
3904 	 0
6000 	 -2.478
6020 	 -2.638
6042 	 -3.286
6064 	 -3.582
6088 	 -3.11
6120 	 -2.686
6138 	 -2.872
6154 	 -3.312
6180 	 -3.048
6190 	 -3.516
6198 	 -3.5
6234 	 -3.9
6284 	 -4.203
6296 	 -4.179
6346 	 -4.159
6360 	 -2.871
6374 	 -2.271
6376 	 -1.719
6424 	 -1.319
6444 	 -0.761
6504 	 -0.637
6506 	 -0.613
6552 	 -0.501
6634 	 -0.359
6704 	 -0.331
6710 	 -0.307
6726 	 -0.295
6728 	 -0.267
6782 	 -0.263
6894 	 -0.165
6990 	 -0.145
6994 	 -0.125
7002 	 -0.093
7272 	 -0.089
7278 	 -0.085
7290 	 -0.073
7324 	 -0.025
9000 	 -1.433
9024 	 -1.537
9050 	 -2.497
9078 	 -3.177
9112 	 -3.761
9158 	 -3.713
9162 	 -3.797
9174 	 -3.705
9186 	 -2.857
9216 	 -3.589
9232 	 -3.413
9238 	 -3.801
9262 	 -1.973
9268 	 -1.305
9298 	 -0.417
9304 	 -0.413
9306 	 -0.409
9334 	 -0.277
9400 	 -0.025
9660 	 -0.009
9904 	 -0.001
12000 	 -2.554
12002 	 -2.49
12004 	 -3.361
12006 	 -4.711
12008 	 -6.044
12010 	 -7.189
12012 	 -7.821
12016 	 -8.278
12020 	 -8.727
12028 	 -8.861
12030 	 -8.929
12032 	 -8.737
12040 	 -8.683
12042 	 -9.159
12048 	 -8.956
12054 	 -8.467
12064 	 -8.567
12070 	 -8.72
12072 	 -8.767
12074 	 -8.288
12086 	 -8.553
12088 	 -7.941
12100 	 -7.813
12102 	 -7.596
12108 	 -7.645
12120 	 -7.117
12130 	 -7.03
12132 	 -7.35
12140 	 -7.615
12148 	 -7.875
12154 	 -9.043
12162 	 -9.016
12164 	 -8.906
12178 	 -9.163
12180 	 -9.252
12186 	 -9.655
12190 	 -9.971
12198 	 -9.943
12200 	 -10.062
12204 	 -10.052
12206 	 -10.042
12212 	 -11.086
12226 	 -11.354
12228 	 -11.513
12230 	 -11.886
12234 	 -13.268
12236 	 -12.845
12252 	 -12.205
12254 	 -12.003
12256 	 -12.119
12260 	 -11.784
12262 	 -12.199
12264 	 -12.409
12270 	 -12.615
12272 	 -12.614
12274 	 -11.362
12282 	 -11.176
12286 	 -11.165
12288 	 -11.303
12290 	 -11.031
12296 	 -11.427
12300 	 -11.49
12304 	 -11.26
12306 	 -11.243
12312 	 -11.208
12318 	 -11.199
12324 	 -10.599
12328 	 -10.706
12332 	 -10.738
12334 	 -10.635
12338 	 -10.383
12344 	 -9.556
12350 	 -9.541
12354 	 -9.373
12356 	 -9.208
12358 	 -8.856
12360 	 -7.904
12364 	 -7.882
12372 	 -7.867
12376 	 -7.837
12378 	 -7.407
12380 	 -7.277
12382 	 -7.21
12384 	 -7.119
12386 	 -7.047
12394 	 -6.897
12398 	 -6.892
12400 	 -6.73
12404 	 -6.458
12406 	 -6.671
12412 	 -6.68
12420 	 -6.669
12422 	 -6.725
12436 	 -7.476
12438 	 -6.833
12444 	 -6.804
12452 	 -6.701
12454 	 -6.69
12460 	 -6.607
12462 	 -6.507
12464 	 -6.458
12466 	 -6.971
12488 	 -6.955
12494 	 -6.853
12496 	 -6.869
12498 	 -6.774
12500 	 -6.765
12502 	 -6.746
12504 	 -6.702
12512 	 -6.855
12516 	 -6.961
12520 	 -6.931
12522 	 -6.906
12528 	 -6.985
12530 	 -6.965
12532 	 -6.955
12540 	 -7.316
12542 	 -7.25
12550 	 -7.57
12552 	 -7.45
12562 	 -7.443
12564 	 -7.437
12574 	 -7.778
12576 	 -7.758
12578 	 -7.794
12590 	 -7.863
12592 	 -7.684
12594 	 -7.487
12602 	 -7.47
12604 	 -7.465
12608 	 -7.525
12610 	 -7.626
12614 	 -7.781
12618 	 -7.778
12622 	 -7.774
12630 	 -8.349
12632 	 -8.176
12638 	 -8.147
12640 	 -7.996
12650 	 -7.931
12652 	 -8.075
12656 	 -8.292
12658 	 -8.257
12666 	 -8.35
12668 	 -8.386
12670 	 -8.411
12672 	 -8.399
12680 	 -8.272
12682 	 -8.476
12696 	 -8.536
12700 	 -8.542
12710 	 -8.538
12712 	 -8.546
12714 	 -8.357
12716 	 -8.354
12732 	 -8.124
12742 	 -8.136
12748 	 -8.161
12754 	 -8.336
12758 	 -8.334
12768 	 -8.555
12770 	 -8.153
12778 	 -8.146
12786 	 -7.739
12800 	 -8.224
12802 	 -8.183
12804 	 -8.21
12812 	 -8.177
12816 	 -8.218
12818 	 -8.282
12822 	 -8.243
12828 	 -8.208
12830 	 -9.036
12834 	 -9.19
12838 	 -9.305
12840 	 -9.273
12846 	 -9.341
12864 	 -9.272
12872 	 -9.333
12874 	 -9.287
12878 	 -9.521
12888 	 -9.742
12894 	 -9.739
12896 	 -9.284
12902 	 -9.309
12908 	 -8.311
12916 	 -8.237
12920 	 -8.147
12932 	 -8.215
12934 	 -8.147
12942 	 -8.033
12944 	 -7.435
12950 	 -7.433
12952 	 -7.349
12954 	 -7.28
12956 	 -7.213
12962 	 -7.143
12964 	 -7.163
12970 	 -7.185
12972 	 -7.016
12982 	 -6.683
12984 	 -6.627
12986 	 -6.598
12990 	 -6.592
12996 	 -6.611
13004 	 -6.494
13006 	 -6.504
13008 	 -6.49
13012 	 -6.487
13016 	 -5.791
13028 	 -5.671
13032 	 -5.64
13042 	 -5.6
13050 	 -5.446
13054 	 -5.702
13062 	 -5.911
13064 	 -5.668
13068 	 -5.549
13070 	 -5.529
13072 	 -5.773
13074 	 -5.993
13076 	 -5.924
13080 	 -5.918
13082 	 -5.91
13084 	 -6.021
13088 	 -6.125
13094 	 -6.337
13102 	 -6.261
13110 	 -6.253
13114 	 -6.232
13120 	 -6.209
13126 	 -5.899
13128 	 -5.901
13138 	 -5.835
13140 	 -5.827
13144 	 -5.803
13146 	 -5.824
13152 	 -5.85
13166 	 -5.615
13176 	 -5.479
13186 	 -5.362
13206 	 -5.04
13214 	 -4.895
13230 	 -5.009
13236 	 -4.982
13238 	 -4.969
13246 	 -4.9
13248 	 -4.577
13250 	 -4.323
13252 	 -4.23
13256 	 -4.226
13258 	 -4.224
13262 	 -4.198
13268 	 -4.193
13270 	 -4.115
13274 	 -4.112
13276 	 -4.259
13278 	 -4.4
13286 	 -4.538
13290 	 -4.521
13308 	 -4.275
13310 	 -4.273
13316 	 -4.244
13322 	 -4.335
13328 	 -4.297
13334 	 -4.28
13342 	 -4.287
13350 	 -4.236
13362 	 -4.247
13364 	 -4.28
13366 	 -4.235
13372 	 -4.223
13374 	 -4.011
13384 	 -3.9
13386 	 -3.952
13388 	 -3.948
13394 	 -3.99
13398 	 -3.909
13408 	 -3.825
13412 	 -3.818
13414 	 -3.723
13430 	 -3.578
13434 	 -3.443
13454 	 -3.297
13456 	 -3.266
13470 	 -3.191
13474 	 -3.179
13480 	 -3.133
13484 	 -3.119
13496 	 -3.09
13510 	 -3.067
13514 	 -3.033
13542 	 -3.029
13576 	 -2.992
13590 	 -2.968
13604 	 -2.846
13648 	 -1.8
13680 	 -1.61
13694 	 -1.594
13696 	 -1.555
13702 	 -1.543
13704 	 -1.495
13710 	 -1.444
13726 	 -1.443
13730 	 -1.395
13732 	 -1.352
13744 	 -1.249
13760 	 -1.229
13762 	 -1.203
13766 	 -1.194
13776 	 -1.169
13804 	 -0.71
13820 	 -0.704
13830 	 -0.628
13848 	 -0.627
13850 	 -0.622
13872 	 -0.613
13878 	 -0.513
13900 	 -0.508
13902 	 -0.455
13908 	 -0.413
13912 	 -0.407
13942 	 -0.398
14032 	 -0.397
14038 	 -0.396
14048 	 -0.344
14058 	 -0.339
14062 	 -0.338
14076 	 -0.336
14120 	 -0.334
14136 	 -0.207
14142 	 -0.188
14160 	 -0.183
14212 	 -0.181
14228 	 -0.18
14230 	 -0.179
14246 	 -0.174
14318 	 -0.172
14326 	 -0.171
14378 	 -0.131
15000 	 -1.406
15024 	 -1.526
15050 	 -1.91
15078 	 -2.102
15112 	 -1.94
15158 	 -1.882
15186 	 -1.626
15216 	 -1.042
15222 	 -1.04
15232 	 -0.864
15262 	 -0.968
15310 	 -1.008
15336 	 -1.306
15342 	 -1.304
15356 	 -1.474
15372 	 -1.47
15374 	 -1.086
15388 	 -1.085
15400 	 -0.716
15422 	 -0.557
15456 	 -0.293
15470 	 -0.288
15486 	 -0.097
15558 	 -0.03
15708 	 -0.024
15864 	 -0.017
15888 	 -0.015
15904 	 -0.007
18000 	 -2.128
18020 	 -2.218
18042 	 -2.634
18064 	 -2.642
18088 	 -2.018
18120 	 -1.446
18154 	 -1.52
18180 	 -1.256
18190 	 -1.318
18234 	 -1.284
18262 	 -1.098
18296 	 -1.668
18328 	 -1.912
18342 	 -1.972
18360 	 -1.962
18368 	 -1.656
18384 	 -1.67
18402 	 -1.312
18420 	 -0.678
18426 	 -0.59
18434 	 -0.472
18448 	 -0.132
18472 	 -0.102
18552 	 -0.008
18864 	 0
21000 	 -1.44
21001 	 -1.44
