0 	 0
3000 	 -1.376
3024 	 -1.496
3050 	 -1.88
3062 	 -2.472
3078 	 -3.176
3112 	 -3.62
3158 	 -3.808
3164 	 -3.728
3186 	 -2.828
3198 	 -2.688
3216 	 -1.912
3232 	 -1.736
3238 	 -1.364
3262 	 -0.608
3296 	 -0.264
3400 	 -0.024
3636 	 -0.008
3904 	 0
6000 	 -2.478
6020 	 -2.638
6042 	 -3.286
6064 	 -3.582
6088 	 -3.11
6120 	 -2.686
6138 	 -2.872
6154 	 -3.312
6180 	 -3.048
6190 	 -3.516
6198 	 -3.5
6234 	 -3.9
6284 	 -4.203
6296 	 -4.179
6346 	 -4.159
6360 	 -2.871
6374 	 -2.271
6376 	 -1.719
6424 	 -1.319
6444 	 -0.761
6504 	 -0.637
6506 	 -0.613
6552 	 -0.501
6634 	 -0.359
6704 	 -0.331
6710 	 -0.307
6726 	 -0.295
6728 	 -0.267
6782 	 -0.263
6894 	 -0.165
6990 	 -0.145
6994 	 -0.125
7002 	 -0.093
7272 	 -0.089
7278 	 -0.085
7290 	 -0.073
7324 	 -0.025
9000 	 -1.433
9024 	 -1.537
9050 	 -2.497
9078 	 -3.177
9112 	 -3.761
9158 	 -3.713
9162 	 -3.797
9174 	 -3.705
9186 	 -2.857
9216 	 -3.589
9232 	 -3.413
9238 	 -3.801
9262 	 -1.973
9268 	 -1.305
9298 	 -0.417
9304 	 -0.413
9306 	 -0.409
9334 	 -0.277
9400 	 -0.025
9660 	 -0.009
9904 	 -0.001
12000 	 -2.54
12002 	 -2.421
12004 	 -2.852
12006 	 -3.991
12008 	 -4.819
12010 	 -6.396
12012 	 -6.822
12016 	 -7.411
12018 	 -7.457
12020 	 -7.793
12028 	 -7.927
12030 	 -7.995
12032 	 -7.961
12034 	 -8.013
12040 	 -7.9
12042 	 -8.376
12054 	 -7.887
12062 	 -8.079
12064 	 -8.155
12070 	 -8.346
12072 	 -8.393
12074 	 -7.914
12086 	 -8.179
12088 	 -7.567
12090 	 -7.614
12100 	 -7.568
12102 	 -7.452
12120 	 -6.907
12130 	 -6.87
12132 	 -7.144
12140 	 -7.409
12148 	 -7.669
12154 	 -8.837
12156 	 -8.859
12164 	 -8.749
12176 	 -8.692
12178 	 -8.791
12180 	 -8.846
12186 	 -9.165
12190 	 -9.481
12200 	 -9.304
12210 	 -9.33
12212 	 -10.374
12222 	 -10.267
12226 	 -10.538
12228 	 -10.697
12230 	 -10.825
12234 	 -12.207
12236 	 -11.829
12248 	 -11.941
12250 	 -11.941
12252 	 -11.265
12254 	 -11.164
12260 	 -10.829
12266 	 -10.719
12270 	 -10.846
12272 	 -10.845
12274 	 -9.593
12282 	 -9.532
12286 	 -9.448
12290 	 -9.176
12296 	 -9.572
12302 	 -9.555
12304 	 -9.511
12306 	 -9.456
12308 	 -9.506
12310 	 -9.484
12324 	 -8.88
12328 	 -9.224
12332 	 -9.256
12338 	 -9.004
12344 	 -8.232
12346 	 -7.921
12350 	 -7.902
12354 	 -7.89
12358 	 -7.545
12360 	 -6.593
12376 	 -6.563
12378 	 -6.465
12382 	 -6.457
12384 	 -6.433
12386 	 -6.29
12388 	 -6.454
12398 	 -6.449
12404 	 -6.177
12406 	 -6.251
12412 	 -6.035
12420 	 -6.024
12432 	 -5.747
12436 	 -6.175
12438 	 -5.907
12444 	 -5.853
12452 	 -5.75
12454 	 -5.828
12456 	 -5.597
12460 	 -5.514
12462 	 -5.472
12464 	 -5.353
12466 	 -5.81
12494 	 -5.771
12496 	 -5.748
12498 	 -5.653
12500 	 -5.73
12502 	 -5.73
12510 	 -5.567
12512 	 -5.504
12514 	 -5.568
12516 	 -5.518
12520 	 -5.488
12522 	 -5.493
12524 	 -5.922
12536 	 -6.251
12542 	 -6.185
12552 	 -6.065
12574 	 -5.969
12590 	 -5.928
12592 	 -5.749
12604 	 -5.744
12608 	 -5.954
12610 	 -5.797
12614 	 -5.774
12618 	 -5.726
12630 	 -6.063
12638 	 -6.059
12640 	 -6.067
12642 	 -5.971
12656 	 -6.124
12658 	 -6.103
12668 	 -6.139
12672 	 -6.11
12694 	 -6.214
12700 	 -6.187
12704 	 -6.076
12710 	 -6.072
12714 	 -5.928
12716 	 -5.925
12728 	 -6.015
12732 	 -6.046
12734 	 -6.121
12758 	 -6.119
12768 	 -6.234
12782 	 -6.407
12786 	 -6.307
12790 	 -6.295
12792 	 -6.91
12794 	 -7.366
12802 	 -7.344
12804 	 -7.645
12820 	 -7.737
12822 	 -7.673
12824 	 -7.802
12826 	 -7.869
12828 	 -7.834
12840 	 -7.545
12842 	 -8.078
12854 	 -8.205
12856 	 -8.231
12864 	 -8.225
12866 	 -8.835
12868 	 -9.112
12874 	 -9.058
12880 	 -8.888
12888 	 -9.095
12896 	 -9
12902 	 -9.025
12908 	 -7.527
12912 	 -7.893
12916 	 -7.819
12918 	 -7.777
12920 	 -7.687
12924 	 -7.707
12936 	 -7.515
12942 	 -7.545
12944 	 -7.523
12952 	 -7.439
12954 	 -7.37
12960 	 -7.907
12966 	 -7.87
12970 	 -7.865
12972 	 -7.691
12976 	 -7.466
12978 	 -7.431
12982 	 -7.179
12986 	 -7.154
12990 	 -7.151
12992 	 -7.139
12994 	 -7.956
12996 	 -7.963
13004 	 -7.846
13006 	 -7.856
13008 	 -7.842
13010 	 -7.965
13014 	 -7.82
13018 	 -7.833
13028 	 -8.273
13030 	 -8.303
13042 	 -8.263
13044 	 -8.552
13046 	 -8.935
13054 	 -8.907
13058 	 -8.848
13062 	 -8.805
13064 	 -8.417
13066 	 -8.322
13068 	 -8.203
13072 	 -8.157
13074 	 -8.136
13078 	 -8.102
13080 	 -8.096
13082 	 -8.088
13084 	 -8.06
13086 	 -8.095
13094 	 -7.777
13100 	 -7.888
13102 	 -7.885
13106 	 -7.783
13108 	 -7.829
13114 	 -7.808
13120 	 -7.762
13124 	 -7.723
13126 	 -7.494
13128 	 -7.446
13130 	 -7.472
13132 	 -7.493
13138 	 -7.319
13144 	 -7.357
13152 	 -7.396
13156 	 -7.228
13158 	 -6.987
13170 	 -6.833
13176 	 -6.778
13178 	 -6.745
13180 	 -6.528
13190 	 -6.668
13192 	 -6.767
13198 	 -6.914
13200 	 -7.052
13206 	 -7.693
13214 	 -7.617
13216 	 -7.48
13220 	 -7.445
13224 	 -7.477
13244 	 -7.502
13246 	 -7.492
13248 	 -7.262
13250 	 -7.213
13254 	 -8.367
13256 	 -8.365
13258 	 -8.363
13262 	 -8.337
13266 	 -8.323
13268 	 -8.313
13274 	 -8.31
13276 	 -8.306
13282 	 -8.349
13286 	 -8.516
13290 	 -8.499
13292 	 -8.588
13298 	 -8.633
13304 	 -8.757
13310 	 -8.882
13316 	 -9.186
13320 	 -9.299
13322 	 -9.29
13328 	 -8.976
13334 	 -8.949
13346 	 -8.995
13350 	 -9.039
13356 	 -9.091
13366 	 -8.585
13370 	 -8.572
13372 	 -8.597
13382 	 -8.631
13384 	 -8.52
13388 	 -8.516
13398 	 -7.528
13408 	 -7.156
13424 	 -7.047
13426 	 -7.046
13434 	 -7.039
13438 	 -7.075
13442 	 -7.165
13444 	 -7.161
13454 	 -7.151
13466 	 -7.19
13468 	 -7.228
13470 	 -7.22
13472 	 -7.166
13474 	 -7.185
13484 	 -7.201
13486 	 -7.353
13502 	 -7.407
13506 	 -7.465
13508 	 -7.521
13514 	 -7.512
13530 	 -7.545
13532 	 -7.614
13536 	 -7.63
13540 	 -7.701
13542 	 -7.697
13548 	 -7.794
13550 	 -7.63
13552 	 -7.622
13562 	 -7.619
13566 	 -7.763
13574 	 -7.732
13576 	 -7.727
13604 	 -7.917
13618 	 -7.78
13622 	 -7.758
13630 	 -7.747
13632 	 -8.001
13646 	 -7.988
13648 	 -7.046
13668 	 -7.748
13686 	 -7.95
13696 	 -7.911
13698 	 -8.146
13712 	 -7.956
13716 	 -8.11
13718 	 -7.922
13720 	 -8.013
13722 	 -8.191
13726 	 -8.19
13736 	 -8.109
13740 	 -8.268
13742 	 -8.289
13744 	 -8.446
13754 	 -8.062
13756 	 -8.071
13760 	 -8.051
13764 	 -7.632
13766 	 -7.622
13774 	 -7.538
13780 	 -7.39
13784 	 -6.68
13788 	 -6.545
13792 	 -6.684
13796 	 -6.662
13800 	 -6.664
13804 	 -6.175
13808 	 -6.201
13814 	 -6.459
13818 	 -6.398
13820 	 -6.402
13826 	 -6.372
13830 	 -6.228
13834 	 -6.235
13840 	 -6.437
13842 	 -6.412
13848 	 -6.59
13850 	 -6.544
13856 	 -6.54
13868 	 -6.5
13878 	 -5.995
13880 	 -5.969
13886 	 -6.318
13892 	 -6.296
13894 	 -6.558
13896 	 -6.247
13900 	 -6.242
13902 	 -6.189
13904 	 -6.139
13912 	 -6.133
13922 	 -4.783
13934 	 -4.529
13936 	 -4.807
13942 	 -5.134
13944 	 -5.132
13946 	 -5.143
13952 	 -5.322
13958 	 -5.159
13960 	 -4.951
13966 	 -4.664
13970 	 -4.674
13972 	 -4.773
13974 	 -4.669
13976 	 -4.593
13980 	 -4.292
13988 	 -4.015
13996 	 -4.099
14004 	 -3.913
14008 	 -3.863
14010 	 -3.767
14012 	 -3.657
14018 	 -3.57
14022 	 -3.569
14028 	 -3.432
14034 	 -2.853
14038 	 -2.733
14040 	 -2.837
14044 	 -2.929
14048 	 -2.83
14054 	 -2.797
14056 	 -2.853
14058 	 -2.673
14060 	 -2.664
14062 	 -2.58
14078 	 -2.278
14080 	 -2.25
14090 	 -2.255
14106 	 -2.109
14110 	 -2.087
14112 	 -2.089
14114 	 -2.077
14120 	 -2.075
14126 	 -2.015
14128 	 -1.818
14132 	 -1.648
14134 	 -1.612
14136 	 -1.485
14138 	 -1.471
14152 	 -1.462
14154 	 -1.246
14158 	 -1.141
14176 	 -1.154
14194 	 -1.103
14202 	 -1.099
14204 	 -1.04
14208 	 -1.022
14212 	 -1.02
14224 	 -1.021
14236 	 -0.981
14238 	 -0.968
14244 	 -0.805
14260 	 -0.804
14264 	 -0.675
14270 	 -0.672
14274 	 -0.653
14276 	 -0.644
14282 	 -0.562
14290 	 -0.431
14318 	 -0.429
14326 	 -0.428
14356 	 -0.426
14368 	 -0.41
14378 	 -0.37
14450 	 -0.246
14492 	 -0.244
14516 	 -0.201
14566 	 -0.199
14714 	 -0.188
15000 	 -1.416
15024 	 -1.547
15050 	 -2.057
15078 	 -2.379
15112 	 -2.419
15158 	 -2.321
15164 	 -2.309
15186 	 -1.825
15216 	 -1.64
15222 	 -1.638
15232 	 -1.462
15238 	 -1.539
15262 	 -1.052
15268 	 -0.877
15290 	 -0.87
15298 	 -0.634
15308 	 -0.652
15334 	 -0.8
15338 	 -0.768
15342 	 -0.766
15354 	 -0.852
15372 	 -0.649
15382 	 -0.648
15400 	 -0.369
15422 	 -0.281
15460 	 -0.135
15470 	 -0.13
15486 	 -0.128
15492 	 -0.057
15574 	 -0.028
15656 	 -0.024
15888 	 -0.022
15904 	 -0.014
15916 	 -0.011
16160 	 -0.01
18000 	 -2.128
18020 	 -2.218
18042 	 -2.634
18064 	 -2.645
18088 	 -2.004
18120 	 -1.385
18154 	 -1.72
18180 	 -1.456
18190 	 -1.58
18234 	 -1.88
18252 	 -1.872
18262 	 -1.778
18270 	 -1.455
18278 	 -1.434
18286 	 -1.387
18296 	 -1.589
18316 	 -1.604
18328 	 -1.726
18336 	 -1.609
18342 	 -1.622
18348 	 -1.425
18360 	 -1.099
18368 	 -0.946
18384 	 -0.953
18402 	 -0.698
18420 	 -0.381
18426 	 -0.337
18434 	 -0.278
18448 	 -0.108
18472 	 -0.093
18552 	 -0.008
18864 	 -0.004
19002 	 0
21000 	 -1.44
21001 	 -1.44
