0 	 0
3000 	 -1.376
3024 	 -1.496
3050 	 -1.88
3062 	 -2.472
3078 	 -3.176
3112 	 -3.62
3158 	 -3.808
3164 	 -3.728
3186 	 -2.828
3198 	 -2.688
3216 	 -1.912
3232 	 -1.736
3238 	 -1.364
3262 	 -0.608
3296 	 -0.264
3400 	 -0.024
3636 	 -0.008
3904 	 0
6000 	 -2.478
6020 	 -2.638
6042 	 -3.286
6064 	 -3.582
6088 	 -3.11
6120 	 -2.686
6138 	 -2.872
6154 	 -3.312
6180 	 -3.048
6190 	 -3.516
6198 	 -3.5
6234 	 -3.9
6284 	 -4.203
6296 	 -4.179
6346 	 -4.159
6360 	 -2.871
6374 	 -2.271
6376 	 -1.719
6424 	 -1.319
6444 	 -0.761
6504 	 -0.637
6506 	 -0.613
6552 	 -0.501
6634 	 -0.359
6704 	 -0.331
6710 	 -0.307
6726 	 -0.295
6728 	 -0.267
6782 	 -0.263
6894 	 -0.165
6990 	 -0.145
6994 	 -0.125
7002 	 -0.093
7272 	 -0.089
7278 	 -0.085
7290 	 -0.073
7324 	 -0.025
9000 	 -1.433
9024 	 -1.537
9050 	 -2.497
9078 	 -3.177
9112 	 -3.761
9158 	 -3.713
9162 	 -3.797
9174 	 -3.705
9186 	 -2.857
9216 	 -3.589
9232 	 -3.413
9238 	 -3.801
9262 	 -1.973
9268 	 -1.305
9298 	 -0.417
9304 	 -0.413
9306 	 -0.409
9334 	 -0.277
9400 	 -0.025
9660 	 -0.009
9904 	 -0.001
12000 	 -2.554
12002 	 -2.49
12004 	 -3.321
12006 	 -4.671
12008 	 -5.587
12010 	 -6.732
12012 	 -7.153
12016 	 -7.61
12020 	 -7.952
12028 	 -8.086
12030 	 -8.154
12032 	 -7.962
12040 	 -7.89
12042 	 -8.366
12048 	 -8.163
12054 	 -7.674
12064 	 -7.774
12070 	 -7.928
12072 	 -7.975
12074 	 -7.496
12088 	 -6.884
12100 	 -6.762
12102 	 -6.545
12108 	 -6.594
12120 	 -6.066
12130 	 -5.819
12140 	 -6.084
12148 	 -6.344
12154 	 -7.38
12160 	 -7.738
12162 	 -7.711
12164 	 -7.601
12178 	 -7.784
12180 	 -7.856
12186 	 -8.207
12190 	 -8.523
12198 	 -8.473
12200 	 -8.643
12204 	 -8.633
12212 	 -9.677
12226 	 -9.949
12228 	 -10.108
12230 	 -10.436
12234 	 -11.818
12246 	 -12.139
12252 	 -11.499
12254 	 -11.297
12256 	 -11.29
12260 	 -10.973
12262 	 -11.343
12270 	 -11.47
12274 	 -10.218
12276 	 -10.098
12282 	 -9.912
12286 	 -10.083
12290 	 -9.811
12296 	 -10.207
12304 	 -10.163
12306 	 -10.03
12310 	 -10.16
12314 	 -9.883
12324 	 -9.279
12332 	 -9.311
12334 	 -9.134
12338 	 -8.882
12344 	 -8.055
12350 	 -8.027
12354 	 -7.904
12358 	 -7.492
12360 	 -6.619
12366 	 -6.624
12368 	 -6.527
12376 	 -6.396
12380 	 -6.269
12382 	 -6.261
12384 	 -5.878
12386 	 -6.151
12392 	 -6.109
12398 	 -6.104
12400 	 -5.942
12404 	 -5.708
12412 	 -5.496
12420 	 -5.485
12436 	 -5.959
12438 	 -5.037
12444 	 -5.062
12452 	 -4.959
12454 	 -5.037
12460 	 -4.954
12462 	 -5.078
12466 	 -5.535
12488 	 -5.519
12492 	 -5.466
12494 	 -5.491
12498 	 -5.461
12520 	 -5.431
12522 	 -5.436
12526 	 -5.382
12532 	 -5.543
12542 	 -5.477
12550 	 -5.474
12552 	 -5.354
12562 	 -5.347
12574 	 -5.621
12576 	 -5.617
12578 	 -5.597
12582 	 -5.317
12590 	 -5.306
12592 	 -5.127
12602 	 -5.11
12608 	 -5.32
12610 	 -5.14
12614 	 -5.133
12616 	 -5.112
12624 	 -5.053
12630 	 -5.39
12638 	 -5.444
12640 	 -5.355
12650 	 -5.19
12656 	 -5.343
12658 	 -5.322
12668 	 -5.358
12670 	 -5.266
12678 	 -5.352
12700 	 -5.386
12704 	 -5.921
12710 	 -5.917
12716 	 -5.914
12720 	 -5.816
12722 	 -5.953
12724 	 -5.915
12732 	 -5.941
12742 	 -5.989
12754 	 -5.977
12758 	 -5.975
12760 	 -5.734
12764 	 -5.849
12768 	 -6.07
12772 	 -5.951
12776 	 -5.941
12784 	 -5.931
12796 	 -5.848
12804 	 -6.035
12828 	 -6
12830 	 -5.848
12834 	 -5.966
12838 	 -6.09
12854 	 -6.249
12864 	 -6.243
12868 	 -6.176
12870 	 -6.146
12886 	 -6.145
12888 	 -6.365
12902 	 -6.39
12906 	 -6.346
12908 	 -5.804
12910 	 -5.833
12916 	 -5.759
12920 	 -5.669
12940 	 -5.754
12942 	 -5.64
12948 	 -5.664
12954 	 -5.595
12960 	 -5.96
12962 	 -5.87
12972 	 -5.701
12974 	 -6.053
12978 	 -6.243
12982 	 -5.993
12986 	 -5.967
12990 	 -6.37
12996 	 -6.354
13000 	 -6.481
13004 	 -6.315
13006 	 -6.325
13008 	 -6.311
13012 	 -6.308
13020 	 -6.329
13028 	 -6.209
13032 	 -6.236
13034 	 -6.696
13038 	 -6.457
13042 	 -6.417
13046 	 -6.377
13052 	 -5.981
13056 	 -5.978
13058 	 -6.323
13064 	 -6.101
13068 	 -5.982
13072 	 -5.946
13082 	 -5.938
13088 	 -5.937
13094 	 -5.935
13098 	 -5.154
13102 	 -5.151
13104 	 -5.11
13114 	 -5.089
13116 	 -5
13118 	 -4.957
13120 	 -4.934
13122 	 -4.817
13124 	 -4.84
13126 	 -4.678
13128 	 -4.657
13132 	 -4.817
13134 	 -4.801
13140 	 -4.85
13144 	 -4.847
13176 	 -4.847
13178 	 -4.718
13182 	 -4.68
13196 	 -4.727
13202 	 -4.629
13206 	 -4.797
13218 	 -5.007
13220 	 -4.766
13232 	 -5.112
13234 	 -5.313
13238 	 -5.183
13240 	 -5.058
13242 	 -5.203
13246 	 -5.134
13248 	 -4.912
13250 	 -4.775
13252 	 -4.881
13256 	 -4.877
13262 	 -4.813
13266 	 -4.673
13268 	 -4.663
13270 	 -4.658
13274 	 -4.654
13280 	 -4.612
13290 	 -4.595
13292 	 -4.624
13298 	 -3.913
13302 	 -4.148
13314 	 -4.057
13316 	 -4.094
13322 	 -4.048
13328 	 -4.014
13332 	 -3.998
13334 	 -3.828
13348 	 -3.677
13358 	 -3.041
13364 	 -3.164
13366 	 -3.383
13372 	 -3.371
13374 	 -3.452
13382 	 -3.483
13384 	 -3.372
13388 	 -3.368
13390 	 -3.35
13398 	 -3.292
13402 	 -3.328
13408 	 -3.228
13416 	 -3.312
13436 	 -3.357
13446 	 -3.544
13450 	 -3.529
13454 	 -3.513
13472 	 -3.594
13474 	 -3.582
13484 	 -3.77
13508 	 -3.6
13514 	 -3.591
13532 	 -3.642
13536 	 -3.702
13542 	 -3.687
13544 	 -3.763
13548 	 -3.759
13554 	 -3.832
13574 	 -3.683
13594 	 -3.391
13598 	 -3.39
13604 	 -3.268
13616 	 -3.233
13630 	 -3.08
13648 	 -2.329
13652 	 -2.29
13666 	 -2.26
13672 	 -2.204
13686 	 -2.396
13692 	 -2.604
13696 	 -2.565
13714 	 -2.551
13724 	 -2.547
13726 	 -2.534
13734 	 -2.658
13738 	 -2.614
13744 	 -2.672
13760 	 -2.652
13766 	 -2.638
13772 	 -2.626
13798 	 -2.624
13804 	 -2.638
13808 	 -2.634
13820 	 -2.628
13838 	 -2.584
13848 	 -2.578
13868 	 -2.71
13876 	 -2.55
13878 	 -2.45
13894 	 -2.912
13900 	 -2.899
13902 	 -2.846
13908 	 -2.828
13912 	 -2.822
13930 	 -2.744
13934 	 -2.732
13936 	 -2.781
13942 	 -2.772
13948 	 -2.778
13954 	 -2.844
13960 	 -2.933
13968 	 -3.022
14000 	 -3.006
14006 	 -2.654
14014 	 -2.65
14016 	 -2.53
14024 	 -2.529
14026 	 -2.444
14032 	 -2.533
14036 	 -2.536
14038 	 -2.535
14044 	 -2.498
14048 	 -2.446
14056 	 -2.434
14058 	 -2.429
14062 	 -2.391
14080 	 -2.346
14084 	 -2.367
14086 	 -2.364
14090 	 -2.365
14094 	 -2.398
14102 	 -2.395
14104 	 -2.392
14120 	 -2.389
14124 	 -2.422
14136 	 -2.295
14138 	 -2.311
14148 	 -2.303
14158 	 -2.349
14160 	 -2.367
14182 	 -2.514
14194 	 -2.517
14210 	 -2.357
14212 	 -2.355
14220 	 -2.365
14226 	 -2.374
14246 	 -2.351
14248 	 -2.234
14250 	 -2.209
14254 	 -2.308
14266 	 -2.238
14268 	 -2.338
14278 	 -2.33
14286 	 -2.316
14288 	 -2.354
14292 	 -2.304
14296 	 -2.307
14316 	 -2.29
14318 	 -2.288
14320 	 -2.262
14326 	 -2.261
14328 	 -2.285
14336 	 -2.262
14338 	 -2.028
14344 	 -2.066
14354 	 -2.047
14356 	 -2.117
14370 	 -2.07
14374 	 -2.061
14378 	 -2.021
14386 	 -1.897
14394 	 -1.614
14396 	 -1.427
14400 	 -1.413
14402 	 -1.51
14414 	 -1.461
14418 	 -1.458
14436 	 -1.432
14442 	 -1.278
14464 	 -1.221
14466 	 -1.049
14478 	 -0.966
14482 	 -0.954
14488 	 -0.956
14492 	 -0.934
14502 	 -0.769
14508 	 -0.725
14520 	 -0.671
14530 	 -0.479
14548 	 -0.472
14552 	 -0.468
14558 	 -0.405
14582 	 -0.388
14584 	 -0.347
14602 	 -0.333
14644 	 -0.329
14650 	 -0.32
14660 	 -0.241
14674 	 -0.226
14682 	 -0.218
14714 	 -0.207
14736 	 -0.199
14764 	 -0.196
15000 	 -1.429
15024 	 -1.596
15050 	 -2.472
15078 	 -3.186
15112 	 -3.834
15158 	 -3.859
15162 	 -3.939
15174 	 -3.846
15186 	 -3.195
15216 	 -4.043
15222 	 -4.04
15232 	 -3.864
15238 	 -4.151
15262 	 -2.687
15266 	 -2.637
15268 	 -2.465
15276 	 -2.159
15282 	 -1.894
15298 	 -1.548
15300 	 -1.2
15310 	 -1.241
15336 	 -1.539
15342 	 -1.537
15346 	 -1.485
15350 	 -1.463
15356 	 -1.633
15372 	 -1.629
15374 	 -1.249
15384 	 -1.248
15400 	 -0.738
15422 	 -0.578
15456 	 -0.316
15470 	 -0.311
15486 	 -0.119
15558 	 -0.049
15658 	 -0.042
15660 	 -0.036
15822 	 -0.032
15864 	 -0.024
15888 	 -0.021
15904 	 -0.013
15978 	 -0.012
16020 	 -0.011
16494 	 -0.009
18000 	 -2.128
18020 	 -2.254
18042 	 -2.798
18064 	 -2.978
18088 	 -2.446
18120 	 -1.87
18154 	 -3.312
18180 	 -3.048
18190 	 -3.898
18234 	 -5.596
18252 	 -5.564
18262 	 -5.378
18270 	 -4.086
18278 	 -4.002
18286 	 -3.814
18296 	 -4.336
18316 	 -4.396
18328 	 -4.64
18336 	 -4.172
18342 	 -4.164
18348 	 -3.376
18360 	 -2.37
18368 	 -2.064
18384 	 -2.078
18402 	 -1.416
18420 	 -0.782
18426 	 -0.694
18434 	 -0.576
18448 	 -0.236
18472 	 -0.206
18552 	 -0.024
18864 	 -0.016
19002 	 0
21000 	 -1.44
21001 	 -1.44
