0 	 0
3000 	 -1.376
3024 	 -1.496
3050 	 -1.88
3062 	 -2.472
3078 	 -3.176
3112 	 -3.62
3158 	 -3.808
3164 	 -3.728
3186 	 -2.828
3198 	 -2.688
3216 	 -1.912
3232 	 -1.736
3238 	 -1.364
3262 	 -0.608
3296 	 -0.264
3400 	 -0.024
3636 	 -0.008
3904 	 0
6000 	 -2.478
6020 	 -2.638
6042 	 -3.286
6064 	 -3.582
6088 	 -3.11
6120 	 -2.686
6138 	 -2.872
6154 	 -3.312
6180 	 -3.048
6190 	 -3.516
6198 	 -3.5
6234 	 -3.9
6284 	 -4.203
6296 	 -4.179
6346 	 -4.159
6360 	 -2.871
6374 	 -2.271
6376 	 -1.719
6424 	 -1.319
6444 	 -0.761
6504 	 -0.637
6506 	 -0.613
6552 	 -0.501
6634 	 -0.359
6704 	 -0.331
6710 	 -0.307
6726 	 -0.295
6728 	 -0.267
6782 	 -0.263
6894 	 -0.165
6990 	 -0.145
6994 	 -0.125
7002 	 -0.093
7272 	 -0.089
7278 	 -0.085
7290 	 -0.073
7324 	 -0.025
9000 	 -1.433
9024 	 -1.537
9050 	 -2.497
9078 	 -3.177
9112 	 -3.761
9158 	 -3.713
9162 	 -3.797
9174 	 -3.705
9186 	 -2.857
9216 	 -3.589
9232 	 -3.413
9238 	 -3.801
9262 	 -1.973
9268 	 -1.305
9298 	 -0.417
9304 	 -0.413
9306 	 -0.409
9334 	 -0.277
9400 	 -0.025
9660 	 -0.009
9904 	 -0.001
12000 	 -2.54
12002 	 -2.421
12004 	 -2.894
12006 	 -4.033
12008 	 -5.294
12010 	 -6.871
12012 	 -7.51
12016 	 -8.099
12018 	 -8.145
12020 	 -8.585
12028 	 -8.719
12030 	 -8.787
12032 	 -8.753
12034 	 -8.812
12040 	 -8.707
12042 	 -9.183
12054 	 -8.694
12062 	 -8.912
12064 	 -8.988
12070 	 -9.172
12072 	 -9.214
12074 	 -8.735
12086 	 -8.96
12088 	 -8.348
12090 	 -8.443
12100 	 -8.606
12102 	 -8.49
12120 	 -7.781
12130 	 -7.575
12132 	 -7.911
12140 	 -8.176
12148 	 -8.416
12152 	 -8.553
12154 	 -9.589
12156 	 -9.576
12160 	 -9.934
12164 	 -10.109
12176 	 -10.304
12178 	 -10.397
12180 	 -10.382
12182 	 -10.79
12186 	 -11.092
12188 	 -11.22
12190 	 -11.536
12198 	 -11.514
12200 	 -11.676
12206 	 -11.778
12212 	 -12.822
12222 	 -12.715
12226 	 -13.238
12228 	 -13.661
12230 	 -13.732
12234 	 -15.114
12236 	 -15.026
12246 	 -15.351
12252 	 -14.711
12254 	 -14.61
12256 	 -14.587
12260 	 -14.27
12262 	 -14.098
12266 	 -14.554
12270 	 -14.681
12272 	 -14.68
12274 	 -13.543
12276 	 -13.617
12282 	 -13.46
12290 	 -13.346
12296 	 -13.599
12300 	 -13.743
12304 	 -13.699
12308 	 -13.684
12310 	 -13.788
12314 	 -13.454
12324 	 -12.85
12328 	 -13.142
12332 	 -13.174
12334 	 -13.109
12338 	 -12.857
12340 	 -12.863
12344 	 -12.067
12350 	 -12.039
12352 	 -11.993
12354 	 -11.981
12358 	 -11.267
12360 	 -9.973
12366 	 -9.997
12368 	 -9.897
12376 	 -9.796
12380 	 -9.799
12382 	 -9.787
12384 	 -9.398
12386 	 -9.349
12392 	 -9.317
12394 	 -9.297
12398 	 -9.292
12400 	 -9.18
12402 	 -9.079
12404 	 -8.729
12406 	 -8.826
12408 	 -8.92
12410 	 -8.984
12412 	 -8.673
12420 	 -8.567
12426 	 -8.543
12430 	 -8.476
12432 	 -8.238
12436 	 -8.68
12438 	 -8.185
12444 	 -8.143
12448 	 -8.036
12452 	 -7.933
12456 	 -7.739
12460 	 -7.656
12464 	 -7.607
12466 	 -7.968
12476 	 -8.193
12480 	 -8.027
12484 	 -7.999
12492 	 -7.971
12494 	 -7.922
12502 	 -7.903
12508 	 -7.894
12510 	 -8.101
12512 	 -8.05
12516 	 -7.926
12520 	 -7.896
12522 	 -7.949
12530 	 -8.427
12536 	 -8.427
12546 	 -8.411
12548 	 -8.407
12550 	 -8.425
12552 	 -8.305
12556 	 -8.361
12562 	 -8.345
12566 	 -8.277
12570 	 -8.505
12574 	 -8.758
12576 	 -8.754
12578 	 -8.727
12580 	 -8.725
12590 	 -8.815
12592 	 -8.402
12604 	 -8.387
12606 	 -8.262
12608 	 -8.338
12614 	 -8.217
12618 	 -8.16
12624 	 -8.147
12628 	 -8.155
12630 	 -8.557
12632 	 -8.494
12638 	 -8.49
12640 	 -8.433
12648 	 -8.354
12658 	 -8.353
12660 	 -8.493
12664 	 -8.545
12666 	 -8.548
12668 	 -8.584
12670 	 -8.613
12678 	 -8.604
12682 	 -8.524
12708 	 -8.514
12710 	 -8.51
12712 	 -7.276
12716 	 -7.273
12732 	 -7.299
12736 	 -7.352
12740 	 -7.329
12748 	 -7.312
12754 	 -7.257
12758 	 -7.255
12768 	 -7.307
12776 	 -7.297
12780 	 -7.454
12782 	 -7.154
12786 	 -7.509
12788 	 -7.472
12790 	 -7.47
12792 	 -7.408
12794 	 -7.414
12796 	 -7.72
12798 	 -8.122
12804 	 -8.226
12818 	 -8.182
12820 	 -8.251
12822 	 -8.36
12826 	 -8.356
12828 	 -8.321
12832 	 -8.32
12836 	 -8.327
12840 	 -8.061
12850 	 -8.406
12854 	 -8.449
12856 	 -8.24
12858 	 -8.378
12868 	 -8.376
12870 	 -8.233
12874 	 -7.855
12876 	 -7.865
12878 	 -7.933
12880 	 -7.912
12882 	 -7.686
12886 	 -7.684
12888 	 -7.734
12894 	 -7.542
12902 	 -7.398
12908 	 -7.088
12916 	 -7.014
12920 	 -6.924
12936 	 -6.192
12954 	 -5.996
12958 	 -5.778
12960 	 -5.807
12964 	 -5.8
12966 	 -5.873
12970 	 -5.868
12972 	 -5.689
12976 	 -5.634
12982 	 -5.509
12984 	 -5.268
12986 	 -5.239
12990 	 -5.236
12992 	 -5.322
12996 	 -5.352
13000 	 -5.332
13004 	 -5.258
13006 	 -5.268
13008 	 -5.254
13010 	 -5.269
13018 	 -5.292
13022 	 -5.456
13028 	 -5.509
13034 	 -5.744
13038 	 -5.674
13042 	 -5.634
13048 	 -5.798
13052 	 -5.762
13062 	 -5.761
13064 	 -6.068
13068 	 -5.976
13070 	 -5.839
13072 	 -5.802
13080 	 -5.796
13082 	 -5.788
13084 	 -5.545
13086 	 -5.512
13088 	 -5.524
13092 	 -5.515
13094 	 -5.565
13096 	 -5.51
13098 	 -5.401
13102 	 -5.396
13104 	 -5.369
13114 	 -5.34
13116 	 -5.379
13122 	 -5.351
13124 	 -5.119
13126 	 -5.118
13128 	 -5.057
13136 	 -4.873
13140 	 -5.026
13142 	 -5.058
13150 	 -4.992
13162 	 -4.872
13164 	 -4.57
13168 	 -4.5
13174 	 -4.347
13182 	 -4.346
13186 	 -4.125
13190 	 -4.124
13198 	 -4.192
13202 	 -4.133
13206 	 -4.519
13212 	 -4.449
13220 	 -4.44
13230 	 -4.308
13234 	 -4.306
13246 	 -4.31
13248 	 -4.076
13250 	 -4.142
13258 	 -4.14
13262 	 -4.114
13268 	 -4.109
13270 	 -4.104
13272 	 -4.26
13282 	 -4.249
13284 	 -4.342
13290 	 -4.325
13312 	 -4.374
13328 	 -4.34
13336 	 -4.365
13344 	 -4.433
13356 	 -4.476
13366 	 -4.499
13372 	 -4.487
13374 	 -4.446
13384 	 -4.335
13388 	 -4.329
13392 	 -4.008
13396 	 -3.985
13398 	 -3.805
13408 	 -3.817
13410 	 -3.664
13416 	 -3.657
13418 	 -3.544
13428 	 -3.52
13438 	 -3.436
13444 	 -3.481
13446 	 -3.45
13454 	 -3.439
13458 	 -3.421
13474 	 -3.396
13484 	 -3.534
13496 	 -3.472
13498 	 -3.416
13508 	 -3.415
13514 	 -3.406
13524 	 -3.405
13536 	 -3.411
13542 	 -3.407
13560 	 -3.385
13594 	 -3.367
13604 	 -3.245
13642 	 -3.235
13648 	 -2.183
13662 	 -2.174
13680 	 -2.342
13692 	 -2.545
13696 	 -2.506
13698 	 -2.484
13704 	 -2.478
13706 	 -2.45
13716 	 -2.243
13722 	 -2.235
13726 	 -2.234
13738 	 -2.233
13744 	 -2.263
13750 	 -2.117
13756 	 -2.111
13760 	 -2.091
13766 	 -2.024
13800 	 -1.904
13804 	 -1.611
13820 	 -1.605
13844 	 -1.588
13852 	 -1.586
13878 	 -1.486
13882 	 -1.485
13892 	 -1.975
13894 	 -1.973
13900 	 -1.965
13902 	 -1.912
13912 	 -1.906
13918 	 -1.892
13932 	 -1.865
13936 	 -1.836
13942 	 -1.827
13946 	 -1.888
13954 	 -1.966
13962 	 -1.965
13984 	 -1.95
14000 	 -1.926
14002 	 -1.814
14004 	 -1.801
14016 	 -1.64
14028 	 -1.618
14038 	 -1.579
14040 	 -1.607
14048 	 -1.555
14050 	 -1.543
14058 	 -1.538
14074 	 -1.576
14088 	 -1.608
14108 	 -1.62
14112 	 -1.618
14120 	 -1.616
14128 	 -1.595
14132 	 -1.594
14136 	 -1.467
14142 	 -1.456
14144 	 -1.464
14174 	 -1.579
14178 	 -1.563
14190 	 -1.553
14212 	 -1.551
14226 	 -1.547
14228 	 -1.515
14236 	 -1.491
14242 	 -1.48
14252 	 -1.475
14256 	 -1.472
14258 	 -1.568
14260 	 -1.378
14268 	 -1.372
14274 	 -1.358
14288 	 -1.194
14290 	 -1.141
14304 	 -1.152
14310 	 -1.054
14318 	 -1.052
14322 	 -1.039
14326 	 -1.038
14328 	 -1.045
14342 	 -1.011
14346 	 -0.936
14374 	 -0.887
14378 	 -0.847
14398 	 -0.83
14458 	 -0.709
14532 	 -0.625
14544 	 -0.616
14558 	 -0.586
14620 	 -0.562
14652 	 -0.559
14660 	 -0.516
14688 	 -0.432
14710 	 -0.431
14768 	 -0.316
14836 	 -0.226
14882 	 -0.219
14916 	 -0.195
15000 	 -1.435
15024 	 -1.586
15050 	 -2.197
15078 	 -2.655
15112 	 -2.893
15158 	 -2.871
15162 	 -2.893
15164 	 -2.882
15174 	 -2.858
15186 	 -2.403
15216 	 -2.606
15222 	 -2.604
15232 	 -2.428
15238 	 -2.52
15252 	 -2.514
15262 	 -1.796
15266 	 -1.737
15276 	 -1.429
15300 	 -1.089
15310 	 -1.131
15336 	 -1.429
15342 	 -1.426
15350 	 -1.382
15356 	 -1.552
15372 	 -1.548
15374 	 -1.168
15400 	 -0.731
15422 	 -0.571
15456 	 -0.309
15470 	 -0.304
15486 	 -0.112
15558 	 -0.042
15656 	 -0.039
15658 	 -0.036
15736 	 -0.035
15764 	 -0.034
15802 	 -0.033
15864 	 -0.025
15888 	 -0.023
15904 	 -0.015
16008 	 -0.013
16020 	 -0.01
18000 	 -2.129
18020 	 -2.237
18042 	 -2.717
18064 	 -2.811
18088 	 -2.233
18120 	 -1.659
18154 	 -2.417
18180 	 -2.153
18190 	 -2.609
18234 	 -3.441
18252 	 -3.425
18262 	 -3.239
18270 	 -2.593
18278 	 -2.551
18286 	 -2.457
18296 	 -3.003
18316 	 -3.033
18328 	 -3.277
18336 	 -3.043
18342 	 -3.069
18348 	 -2.675
18360 	 -2.167
18368 	 -1.861
18384 	 -1.875
18402 	 -1.365
18420 	 -0.731
18426 	 -0.643
18434 	 -0.525
18448 	 -0.185
18472 	 -0.155
18552 	 -0.017
18864 	 -0.009
19002 	 -0.001
21000 	 -1.441
21001 	 -1.441
