0 	 0
3000 	 -1.376
3024 	 -1.496
3050 	 -1.88
3062 	 -2.472
3078 	 -3.176
3112 	 -3.62
3158 	 -3.808
3164 	 -3.728
3186 	 -2.828
3198 	 -2.688
3216 	 -1.912
3232 	 -1.736
3238 	 -1.364
3262 	 -0.608
3296 	 -0.264
3400 	 -0.024
3636 	 -0.008
3904 	 0
6000 	 -2.478
6020 	 -2.638
6042 	 -3.286
6064 	 -3.582
6088 	 -3.11
6120 	 -2.686
6138 	 -2.872
6154 	 -3.312
6180 	 -3.048
6190 	 -3.516
6198 	 -3.5
6234 	 -3.9
6284 	 -4.203
6296 	 -4.179
6346 	 -4.159
6360 	 -2.871
6374 	 -2.271
6376 	 -1.719
6424 	 -1.319
6444 	 -0.761
6504 	 -0.637
6506 	 -0.613
6552 	 -0.501
6634 	 -0.359
6704 	 -0.331
6710 	 -0.307
6726 	 -0.295
6728 	 -0.267
6782 	 -0.263
6894 	 -0.165
6990 	 -0.145
6994 	 -0.125
7002 	 -0.093
7272 	 -0.089
7278 	 -0.085
7290 	 -0.073
7324 	 -0.025
9000 	 -1.433
9024 	 -1.537
9050 	 -2.497
9078 	 -3.177
9112 	 -3.761
9158 	 -3.713
9162 	 -3.797
9174 	 -3.705
9186 	 -2.857
9216 	 -3.589
9232 	 -3.413
9238 	 -3.801
9262 	 -1.973
9268 	 -1.305
9298 	 -0.417
9304 	 -0.413
9306 	 -0.409
9334 	 -0.277
9400 	 -0.025
9660 	 -0.009
9904 	 -0.001
12000 	 -2.554
12002 	 -2.49
12004 	 -3.403
12006 	 -4.753
12008 	 -6.519
12010 	 -7.664
12012 	 -8.509
12016 	 -8.966
12020 	 -9.519
12028 	 -9.653
12030 	 -9.721
12032 	 -9.528
12040 	 -9.511
12042 	 -9.987
12048 	 -9.752
12054 	 -9.263
12064 	 -9.363
12070 	 -9.518
12072 	 -9.56
12074 	 -9.081
12086 	 -9.306
12088 	 -8.694
12100 	 -8.778
12102 	 -8.537
12114 	 -8.678
12120 	 -8.15
12130 	 -7.937
12132 	 -8.269
12140 	 -8.534
12148 	 -8.774
12152 	 -8.911
12154 	 -9.947
12162 	 -9.92
12164 	 -9.81
12178 	 -9.828
12180 	 -9.789
12182 	 -10.196
12184 	 -10.048
12186 	 -10.374
12188 	 -10.511
12190 	 -10.827
12192 	 -10.77
12198 	 -10.74
12200 	 -10.528
12206 	 -10.563
12210 	 -10.653
12212 	 -11.697
12226 	 -12.214
12228 	 -12.373
12230 	 -12.224
12234 	 -13.606
12236 	 -13.463
12242 	 -13.502
12248 	 -13.469
12252 	 -12.79
12254 	 -12.913
12260 	 -12.596
12264 	 -12.531
12266 	 -13.015
12270 	 -13.142
12272 	 -13.141
12274 	 -11.889
12276 	 -12.095
12282 	 -11.798
12290 	 -11.526
12296 	 -11.779
12300 	 -11.923
12304 	 -11.776
12320 	 -11.778
12324 	 -11.174
12328 	 -11.245
12330 	 -11.245
12332 	 -11.277
12334 	 -11.147
12336 	 -11.201
12338 	 -10.949
12344 	 -10.153
12350 	 -10.134
12352 	 -10.103
12354 	 -10.091
12358 	 -9.42
12360 	 -8.468
12376 	 -8.378
12382 	 -8.233
12386 	 -7.853
12398 	 -7.778
12400 	 -7.666
12402 	 -7.487
12404 	 -7.215
12412 	 -6.904
12420 	 -6.798
12426 	 -6.774
12430 	 -6.707
12436 	 -7.202
12438 	 -6.601
12444 	 -6.505
12448 	 -6.398
12452 	 -6.295
12456 	 -6.258
12460 	 -6.175
12464 	 -6.042
12466 	 -6.403
12476 	 -6.507
12480 	 -6.341
12492 	 -6.313
12494 	 -6.274
12502 	 -6.255
12508 	 -6.246
12510 	 -6.631
12516 	 -6.507
12520 	 -6.477
12524 	 -6.761
12532 	 -6.752
12536 	 -6.748
12542 	 -6.907
12550 	 -6.786
12552 	 -6.666
12562 	 -6.566
12570 	 -6.621
12574 	 -6.958
12578 	 -6.931
12582 	 -6.733
12590 	 -6.692
12592 	 -6.513
12598 	 -6.3
12604 	 -6.285
12614 	 -6.194
12618 	 -6.144
12624 	 -6.09
12630 	 -6.483
12638 	 -6.479
12640 	 -6.422
12646 	 -6.424
12668 	 -6.63
12680 	 -6.584
12710 	 -6.58
12712 	 -6.143
12714 	 -6.091
12716 	 -6.088
12732 	 -6.114
12742 	 -6.172
12746 	 -6.255
12748 	 -6.238
12756 	 -6.437
12758 	 -6.435
12768 	 -6.588
12780 	 -6.533
12784 	 -6.858
12794 	 -7.549
12804 	 -7.656
12808 	 -7.985
12814 	 -7.983
12826 	 -7.997
12828 	 -7.962
12834 	 -8.004
12840 	 -7.998
12844 	 -8.246
12846 	 -7.836
12852 	 -8.302
12856 	 -8.124
12858 	 -8.068
12868 	 -8.073
12870 	 -8.145
12874 	 -7.893
12876 	 -7.903
12882 	 -7.71
12892 	 -7.489
12898 	 -7.487
12902 	 -7.594
12908 	 -7.081
12916 	 -7.007
12918 	 -6.913
12920 	 -6.544
12922 	 -6.349
12928 	 -6.245
12930 	 -6.21
12942 	 -6.261
12948 	 -6.408
12954 	 -6.339
12956 	 -6.341
12960 	 -6.338
12964 	 -6.331
12966 	 -6.231
12970 	 -6.226
12972 	 -6.047
12974 	 -5.952
12982 	 -5.871
12984 	 -6.118
12986 	 -6.202
12990 	 -6.196
12994 	 -6.113
12996 	 -6.051
13002 	 -6.064
13004 	 -5.99
13006 	 -6
13008 	 -5.986
13010 	 -6.001
13012 	 -5.936
13018 	 -5.93
13028 	 -6.347
13036 	 -6.268
13042 	 -6.161
13052 	 -6.125
13056 	 -6.232
13058 	 -6.236
13060 	 -6.202
13068 	 -6.142
13070 	 -6.116
13080 	 -5.953
13082 	 -5.953
13090 	 -5.704
13094 	 -5.67
13096 	 -5.561
13102 	 -5.48
13104 	 -5.45
13106 	 -5.496
13114 	 -5.447
13116 	 -5.206
13122 	 -5.232
13126 	 -5.231
13128 	 -5.258
13132 	 -5.325
13148 	 -5.208
13150 	 -5.142
13162 	 -5.053
13164 	 -5.035
13168 	 -4.965
13172 	 -4.483
13174 	 -4.427
13180 	 -4.415
13184 	 -4.365
13202 	 -4.352
13206 	 -4.343
13216 	 -4.075
13220 	 -4.066
13228 	 -4.095
13234 	 -4.093
13242 	 -4.166
13246 	 -4.156
13248 	 -3.922
13250 	 -3.821
13258 	 -3.92
13260 	 -3.886
13262 	 -3.86
13264 	 -3.832
13268 	 -3.822
13270 	 -3.8
13278 	 -3.926
13290 	 -3.9
13292 	 -3.99
13302 	 -3.907
13328 	 -3.873
13334 	 -3.824
13344 	 -3.784
13346 	 -3.781
13348 	 -3.763
13352 	 -3.741
13358 	 -3.795
13366 	 -3.889
13372 	 -3.915
13374 	 -3.902
13384 	 -3.791
13386 	 -3.78
13388 	 -3.774
13390 	 -3.71
13398 	 -3.652
13404 	 -3.498
13408 	 -3.362
13412 	 -3.41
13424 	 -3.401
13430 	 -3.293
13434 	 -3.176
13450 	 -3.173
13454 	 -3.158
13458 	 -3.139
13464 	 -3.114
13468 	 -3.25
13474 	 -3.225
13484 	 -3.332
13486 	 -3.252
13504 	 -3.231
13506 	 -3.175
13510 	 -3.171
13514 	 -3.162
13522 	 -3.199
13526 	 -3.334
13542 	 -3.33
13562 	 -3.313
13580 	 -3.2
13604 	 -3.06
13648 	 -1.987
13654 	 -1.985
13668 	 -2.019
13670 	 -1.931
13696 	 -1.892
13704 	 -1.91
13708 	 -2.029
13726 	 -2.028
13744 	 -1.935
13754 	 -2.007
13760 	 -1.987
13766 	 -1.973
13804 	 -1.583
13820 	 -1.577
13826 	 -1.492
13856 	 -1.662
13874 	 -1.897
13878 	 -1.797
13882 	 -1.795
13892 	 -1.597
13900 	 -1.589
13902 	 -1.536
13910 	 -1.552
13912 	 -1.546
13928 	 -1.439
13930 	 -1.547
13942 	 -1.665
13944 	 -1.598
13966 	 -1.54
13978 	 -1.537
13984 	 -1.505
13986 	 -1.486
13990 	 -1.474
13994 	 -1.439
14006 	 -1.415
14010 	 -1.393
14024 	 -1.381
14032 	 -1.37
14048 	 -1.267
14058 	 -1.262
14074 	 -1.231
14080 	 -1.229
14082 	 -0.949
14106 	 -1.013
14113 	 -1.012
14120 	 -1.009
14128 	 -1.075
14136 	 -0.948
14142 	 -1.012
14160 	 -0.991
14180 	 -0.993
14182 	 -0.96
14188 	 -0.95
14192 	 -0.94
14212 	 -0.938
14230 	 -1.104
14258 	 -1.11
14288 	 -1.105
14292 	 -1.038
14306 	 -1.012
14318 	 -1.01
14322 	 -0.957
14326 	 -0.956
14338 	 -0.83
14364 	 -0.747
14366 	 -0.7
14378 	 -0.66
14392 	 -0.646
14404 	 -0.433
14420 	 -0.401
14438 	 -0.352
14444 	 -0.313
14458 	 -0.209
14498 	 -0.187
14514 	 -0.178
14518 	 -0.177
14532 	 -0.168
14576 	 -0.167
14590 	 -0.15
14600 	 -0.144
14622 	 -0.14
14678 	 -0.139
15000 	 -1.408
15024 	 -1.538
15050 	 -2.193
15078 	 -2.639
15112 	 -2.884
15158 	 -2.943
15162 	 -2.985
15174 	 -2.937
15186 	 -2.553
15216 	 -2.71
15222 	 -2.707
15232 	 -2.531
15238 	 -2.66
15262 	 -2.23
15266 	 -2.201
15268 	 -2.115
15276 	 -1.961
15282 	 -1.829
15298 	 -1.656
15300 	 -1.486
15308 	 -1.505
15310 	 -1.547
15334 	 -1.691
15336 	 -1.989
15342 	 -1.986
15346 	 -1.96
15350 	 -1.938
15354 	 -2.038
15356 	 -2.208
15372 	 -2.027
15374 	 -1.647
15400 	 -1.065
15422 	 -0.819
15456 	 -0.557
15460 	 -0.418
15470 	 -0.413
15486 	 -0.221
15490 	 -0.134
15558 	 -0.064
15574 	 -0.035
15658 	 -0.032
15660 	 -0.029
15864 	 -0.021
15888 	 -0.018
15904 	 -0.01
15916 	 -0.007
16134 	 -0.006
18000 	 -2.128
18020 	 -2.245
18042 	 -2.757
18064 	 -2.891
18088 	 -2.353
18120 	 -1.825
18154 	 -2.664
18180 	 -2.4
18190 	 -2.991
18234 	 -3.922
18252 	 -3.906
18262 	 -3.626
18270 	 -2.98
18278 	 -2.938
18286 	 -2.844
18296 	 -3.748
18316 	 -3.778
18328 	 -4.144
18336 	 -3.91
18342 	 -3.966
18348 	 -3.572
18360 	 -3.131
18368 	 -2.672
18384 	 -2.693
18402 	 -2.004
18420 	 -1.053
18426 	 -0.921
18434 	 -0.744
18448 	 -0.234
18472 	 -0.189
18552 	 -0.02
18864 	 -0.008
19002 	 0
21000 	 -1.44
21001 	 -1.44
