0 	 0
3000 	 -1.376
3024 	 -1.496
3050 	 -1.88
3062 	 -2.472
3078 	 -3.176
3112 	 -3.62
3158 	 -3.808
3164 	 -3.728
3186 	 -2.828
3198 	 -2.688
3216 	 -1.912
3232 	 -1.736
3238 	 -1.364
3262 	 -0.608
3296 	 -0.264
3400 	 -0.024
3636 	 -0.008
3904 	 0
6000 	 -2.478
6020 	 -2.638
6042 	 -3.286
6064 	 -3.582
6088 	 -3.11
6120 	 -2.686
6138 	 -2.872
6154 	 -3.312
6180 	 -3.048
6190 	 -3.516
6198 	 -3.5
6234 	 -3.9
6284 	 -4.203
6296 	 -4.179
6346 	 -4.159
6360 	 -2.871
6374 	 -2.271
6376 	 -1.719
6424 	 -1.319
6444 	 -0.761
6504 	 -0.637
6506 	 -0.613
6552 	 -0.501
6634 	 -0.359
6704 	 -0.331
6710 	 -0.307
6726 	 -0.295
6728 	 -0.267
6782 	 -0.263
6894 	 -0.165
6990 	 -0.145
6994 	 -0.125
7002 	 -0.093
7272 	 -0.089
7278 	 -0.085
7290 	 -0.073
7324 	 -0.025
9000 	 -1.433
9024 	 -1.537
9050 	 -2.497
9078 	 -3.177
9112 	 -3.761
9158 	 -3.713
9162 	 -3.797
9174 	 -3.705
9186 	 -2.857
9216 	 -3.589
9232 	 -3.413
9238 	 -3.801
9262 	 -1.973
9268 	 -1.305
9298 	 -0.417
9304 	 -0.413
9306 	 -0.409
9334 	 -0.277
9400 	 -0.025
9660 	 -0.009
9904 	 -0.001
12000 	 -2.54
12002 	 -2.421
12004 	 -2.894
12006 	 -4.033
12008 	 -5.288
12010 	 -6.865
12012 	 -7.508
12016 	 -8.097
12018 	 -8.143
12020 	 -8.589
12028 	 -8.723
12030 	 -8.791
12032 	 -8.757
12034 	 -8.809
12040 	 -8.784
12042 	 -9.26
12054 	 -8.771
12062 	 -8.963
12064 	 -9.039
12070 	 -9.414
12072 	 -9.456
12074 	 -8.977
12088 	 -8.365
12090 	 -8.412
12100 	 -8.502
12102 	 -8.386
12120 	 -7.841
12130 	 -7.598
12140 	 -7.863
12148 	 -8.103
12154 	 -9.139
12156 	 -9.126
12160 	 -9.484
12164 	 -9.374
12176 	 -9.317
12178 	 -9.622
12180 	 -9.694
12182 	 -10.224
12186 	 -10.526
12190 	 -10.842
12198 	 -10.82
12200 	 -10.741
12208 	 -10.919
12210 	 -10.95
12212 	 -11.994
12222 	 -11.887
12226 	 -12.408
12228 	 -12.567
12230 	 -12.82
12234 	 -14.202
12236 	 -14.146
12246 	 -14.44
12250 	 -14.423
12252 	 -13.747
12254 	 -13.545
12256 	 -13.419
12260 	 -13.102
12262 	 -13.239
12266 	 -13.537
12270 	 -13.664
12274 	 -12.412
12276 	 -12.211
12282 	 -12.17
12286 	 -12.086
12290 	 -11.814
12296 	 -12.067
12300 	 -12.211
12302 	 -12.194
12304 	 -12.15
12306 	 -12.114
12308 	 -12.099
12310 	 -12.002
12314 	 -12.017
12324 	 -11.413
12326 	 -11.367
12332 	 -11.399
12334 	 -11.414
12338 	 -10.961
12344 	 -10.189
12350 	 -10.222
12358 	 -9.558
12360 	 -8.606
12362 	 -8.574
12368 	 -8.564
12376 	 -8.463
12380 	 -8.414
12382 	 -8.406
12384 	 -8.39
12386 	 -8.104
12392 	 -8.098
12398 	 -8.093
12400 	 -7.981
12404 	 -7.455
12406 	 -7.425
12410 	 -7.464
12412 	 -7.153
12418 	 -7.068
12420 	 -6.962
12426 	 -6.949
12430 	 -6.893
12432 	 -6.92
12436 	 -7.361
12437 	 -7.581
12438 	 -7.095
12444 	 -7.149
12448 	 -7.042
12452 	 -6.939
12456 	 -6.475
12460 	 -6.392
12466 	 -6.735
12476 	 -7.042
12480 	 -6.876
12488 	 -6.994
12492 	 -6.954
12494 	 -6.915
12508 	 -6.872
12510 	 -6.79
12516 	 -6.89
12520 	 -6.86
12540 	 -6.987
12550 	 -6.501
12552 	 -6.381
12562 	 -6.438
12574 	 -6.615
12576 	 -6.611
12590 	 -6.6
12592 	 -6.421
12594 	 -6.709
12604 	 -6.627
12606 	 -6.514
12618 	 -6.508
12624 	 -6.495
12630 	 -7.294
12638 	 -7.29
12640 	 -7.233
12644 	 -7.518
12648 	 -7.637
12664 	 -7.517
12668 	 -7.553
12672 	 -7.333
12690 	 -7.088
12700 	 -7.027
12710 	 -7.023
12712 	 -6.584
12716 	 -6.581
12732 	 -6.607
12748 	 -6.59
12758 	 -6.588
12768 	 -6.666
12776 	 -6.656
12782 	 -6.926
12790 	 -7.079
12798 	 -7.27
12800 	 -7.043
12804 	 -7.158
12812 	 -7.155
12824 	 -7.342
12828 	 -7.376
12832 	 -7.354
12840 	 -7.229
12874 	 -7.115
12876 	 -7.101
12888 	 -7.132
12894 	 -7.831
12900 	 -8.296
12908 	 -8.177
12910 	 -8.202
12916 	 -8.17
12918 	 -8.115
12920 	 -8.025
12922 	 -8.198
12924 	 -8.138
12926 	 -8.097
12930 	 -8.302
12940 	 -8.342
12942 	 -8.141
12950 	 -8.133
12954 	 -8.55
12960 	 -8.578
12962 	 -8.557
12964 	 -8.228
12968 	 -8.082
12972 	 -7.903
12980 	 -7.771
12982 	 -7.832
12986 	 -7.806
12988 	 -7.642
12990 	 -7.602
12994 	 -7.762
12996 	 -7.904
13004 	 -7.83
13006 	 -7.84
13008 	 -7.667
13010 	 -7.557
13016 	 -7.456
13022 	 -7.358
13028 	 -7.309
13036 	 -7.009
13040 	 -5.667
13042 	 -6.25
13048 	 -6.441
13050 	 -6.614
13052 	 -6.656
13056 	 -6.586
13058 	 -6.713
13062 	 -6.712
13064 	 -6.669
13066 	 -6.583
13068 	 -6.443
13070 	 -6.348
13076 	 -6.342
13082 	 -6.334
13086 	 -6.796
13096 	 -6.592
13102 	 -6.587
13104 	 -6.307
13114 	 -6.26
13120 	 -6.305
13126 	 -6.304
13132 	 -6.293
13136 	 -6.446
13138 	 -6.442
13150 	 -7.223
13152 	 -7.099
13156 	 -7.344
13158 	 -7.338
13162 	 -7.289
13164 	 -7.287
13168 	 -7.217
13172 	 -7.091
13174 	 -7.274
13182 	 -7.273
13188 	 -7.291
13194 	 -7.247
13206 	 -6.416
13208 	 -6.462
13212 	 -6.53
13218 	 -6.546
13220 	 -6.581
13224 	 -6.56
13226 	 -6.556
13228 	 -6.652
13234 	 -6.65
13240 	 -6.649
13244 	 -6.338
13246 	 -6.324
13248 	 -6.066
13250 	 -5.977
13262 	 -5.951
13264 	 -5.659
13266 	 -5.526
13268 	 -5.516
13270 	 -5.393
13272 	 -5.426
13274 	 -5.42
13278 	 -5.416
13280 	 -5.429
13290 	 -5.412
13296 	 -5.424
13300 	 -5.577
13302 	 -5.566
13304 	 -5.511
13328 	 -5.564
13338 	 -5.542
13340 	 -5.526
13350 	 -5.467
13360 	 -5.422
13366 	 -5.894
13372 	 -5.882
13376 	 -5.986
13384 	 -5.875
13388 	 -5.869
13398 	 -6.182
13406 	 -6.224
13414 	 -6.398
13428 	 -6.418
13430 	 -6.507
13438 	 -6.579
13440 	 -6.563
13454 	 -6.547
13456 	 -6.644
13474 	 -6.632
13484 	 -6.383
13488 	 -5.836
13500 	 -6.024
13506 	 -5.887
13508 	 -5.721
13510 	 -5.693
13514 	 -5.684
13516 	 -5.592
13518 	 -5.515
13522 	 -5.523
13526 	 -5.496
13528 	 -5.48
13536 	 -5.413
13542 	 -5.409
13546 	 -5.37
13550 	 -5.251
13568 	 -5.284
13570 	 -5.054
13578 	 -5.025
13596 	 -5.005
13600 	 -5.016
13604 	 -4.611
13648 	 -3.339
13652 	 -3.248
13658 	 -3.21
13688 	 -3.386
13696 	 -3.235
13718 	 -3.22
13720 	 -3.206
13728 	 -3.234
13744 	 -3.136
13748 	 -2.997
13760 	 -2.977
13766 	 -3.001
13778 	 -2.984
13802 	 -3.002
13804 	 -2.438
13820 	 -2.432
13822 	 -2.418
13828 	 -2.462
13830 	 -2.526
13842 	 -2.524
13850 	 -2.52
13864 	 -2.568
13878 	 -2.483
13888 	 -2.251
13900 	 -2.243
13902 	 -2.19
13904 	 -2.195
13908 	 -2.184
13910 	 -2.15
13912 	 -2.144
13920 	 -2.129
13926 	 -2.065
13936 	 -1.898
13940 	 -1.87
13942 	 -1.857
13952 	 -1.714
13958 	 -1.875
13962 	 -1.857
13978 	 -1.856
13986 	 -1.69
13988 	 -1.667
13996 	 -1.74
13998 	 -1.55
14006 	 -1.526
14020 	 -1.386
14022 	 -1.322
14032 	 -1.334
14036 	 -1.284
14042 	 -1.207
14048 	 -1.143
14050 	 -1.125
14058 	 -1.073
14062 	 -1.072
14076 	 -0.989
14078 	 -0.949
14094 	 -0.923
14100 	 -0.917
14110 	 -0.78
14116 	 -0.765
14120 	 -0.762
14136 	 -0.635
14140 	 -0.805
14174 	 -0.76
14176 	 -0.751
14178 	 -0.744
14194 	 -0.711
14204 	 -0.591
14212 	 -0.589
14220 	 -0.558
14234 	 -0.557
14248 	 -0.406
14262 	 -0.395
14268 	 -0.393
14272 	 -0.392
14276 	 -0.327
14280 	 -0.309
14306 	 -0.294
14312 	 -0.273
14318 	 -0.271
14326 	 -0.27
14332 	 -0.256
14346 	 -0.241
14358 	 -0.218
14378 	 -0.178
14384 	 -0.171
14566 	 -0.159
14756 	 -0.157
15000 	 -1.409
15024 	 -1.539
15050 	 -2.193
15078 	 -2.641
15112 	 -2.863
15158 	 -2.805
15162 	 -2.847
15174 	 -2.799
15186 	 -2.182
15216 	 -2.397
15222 	 -2.394
15232 	 -2.218
15238 	 -2.347
15262 	 -1.47
15268 	 -1.297
15282 	 -1.033
15298 	 -0.687
15310 	 -0.707
15336 	 -0.857
15342 	 -0.854
15346 	 -0.802
15356 	 -0.887
15372 	 -0.883
15374 	 -0.688
15400 	 -0.38
15422 	 -0.3
15456 	 -0.168
15470 	 -0.163
15486 	 -0.067
15558 	 -0.035
15660 	 -0.029
15708 	 -0.023
15864 	 -0.022
15888 	 -0.019
15904 	 -0.011
16452 	 -0.01
18000 	 -2.128
18020 	 -2.227
18042 	 -2.675
18064 	 -2.729
18088 	 -2.111
18120 	 -1.491
18154 	 -2.168
18180 	 -1.904
18190 	 -2.225
18234 	 -2.958
18252 	 -2.942
18262 	 -2.849
18270 	 -2.203
18278 	 -2.161
18286 	 -2.067
18296 	 -2.256
18316 	 -2.286
18328 	 -2.408
18336 	 -2.174
18342 	 -2.17
18348 	 -1.776
18360 	 -1.201
18368 	 -1.048
18384 	 -1.055
18402 	 -0.724
18420 	 -0.407
18426 	 -0.363
18434 	 -0.304
18448 	 -0.134
18472 	 -0.119
18552 	 -0.012
18864 	 -0.008
19002 	 0
21000 	 -1.44
21001 	 -1.44
