0 	 0
3000 	 -1.376
3024 	 -1.496
3050 	 -1.88
3062 	 -2.472
3078 	 -3.176
3112 	 -3.62
3158 	 -3.808
3164 	 -3.728
3186 	 -2.828
3198 	 -2.688
3216 	 -1.912
3232 	 -1.736
3238 	 -1.364
3262 	 -0.608
3296 	 -0.264
3400 	 -0.024
3636 	 -0.008
3904 	 0
6000 	 -2.478
6020 	 -2.638
6042 	 -3.286
6064 	 -3.582
6088 	 -3.11
6120 	 -2.686
6138 	 -2.872
6154 	 -3.312
6180 	 -3.048
6190 	 -3.516
6198 	 -3.5
6234 	 -3.9
6284 	 -4.203
6296 	 -4.179
6346 	 -4.159
6360 	 -2.871
6374 	 -2.271
6376 	 -1.719
6424 	 -1.319
6444 	 -0.761
6504 	 -0.637
6506 	 -0.613
6552 	 -0.501
6634 	 -0.359
6704 	 -0.331
6710 	 -0.307
6726 	 -0.295
6728 	 -0.267
6782 	 -0.263
6894 	 -0.165
6990 	 -0.145
6994 	 -0.125
7002 	 -0.093
7272 	 -0.089
7278 	 -0.085
7290 	 -0.073
7324 	 -0.025
9000 	 -1.433
9024 	 -1.537
9050 	 -2.497
9078 	 -3.177
9112 	 -3.761
9158 	 -3.713
9162 	 -3.797
9174 	 -3.705
9186 	 -2.857
9216 	 -3.589
9232 	 -3.413
9238 	 -3.801
9262 	 -1.973
9268 	 -1.305
9298 	 -0.417
9304 	 -0.413
9306 	 -0.409
9334 	 -0.277
9400 	 -0.025
9660 	 -0.009
9904 	 -0.001
12000 	 -2.554
12002 	 -2.49
12004 	 -3.323
12006 	 -4.673
12008 	 -5.611
12010 	 -6.756
12012 	 -7.175
12016 	 -7.632
12020 	 -7.965
12028 	 -8.099
12030 	 -8.167
12032 	 -7.975
12040 	 -7.833
12042 	 -8.309
12048 	 -8.106
12054 	 -7.617
12064 	 -7.717
12070 	 -7.687
12072 	 -7.729
12074 	 -7.25
12088 	 -6.638
12100 	 -6.686
12102 	 -6.469
12108 	 -6.518
12120 	 -5.99
12130 	 -5.949
12140 	 -6.214
12148 	 -6.454
12154 	 -7.49
12162 	 -7.463
12164 	 -7.353
12178 	 -7.491
12180 	 -7.563
12182 	 -8.093
12186 	 -8.444
12190 	 -8.76
12198 	 -8.732
12200 	 -8.773
12204 	 -8.763
12208 	 -8.941
12212 	 -9.985
12226 	 -10.506
12228 	 -10.665
12230 	 -10.77
12234 	 -12.152
12252 	 -11.512
12254 	 -11.411
12256 	 -11.563
12260 	 -11.246
12262 	 -11.65
12266 	 -12.09
12270 	 -12.217
12274 	 -10.965
12282 	 -10.808
12286 	 -10.951
12290 	 -10.679
12296 	 -10.932
12300 	 -11.076
12304 	 -11.032
12306 	 -10.899
12322 	 -10.97
12324 	 -10.366
12332 	 -10.398
12334 	 -10.458
12338 	 -10.206
12344 	 -9.379
12350 	 -9.36
12354 	 -9.237
12358 	 -8.599
12360 	 -7.647
12378 	 -7.809
12380 	 -7.679
12382 	 -7.671
12386 	 -7.421
12398 	 -7.54
12400 	 -7.266
12404 	 -6.976
12406 	 -6.946
12412 	 -6.635
12420 	 -6.529
12426 	 -6.505
12430 	 -6.438
12436 	 -6.903
12437 	 -7.123
12438 	 -7.068
12444 	 -7.093
12448 	 -6.986
12452 	 -6.883
12460 	 -6.8
12466 	 -7.256
12468 	 -7.415
12474 	 -7.401
12476 	 -7.594
12480 	 -7.428
12486 	 -7.386
12488 	 -7.37
12492 	 -7.337
12494 	 -7.298
12508 	 -7.289
12512 	 -7.162
12516 	 -7.261
12520 	 -7.201
12532 	 -7.191
12540 	 -7.291
12552 	 -7.171
12562 	 -7.359
12564 	 -7.336
12568 	 -7.197
12574 	 -7.714
12578 	 -7.694
12590 	 -7.683
12592 	 -7.587
12594 	 -7.732
12602 	 -7.715
12604 	 -7.872
12618 	 -7.782
12630 	 -8.139
12636 	 -7.99
12638 	 -7.98
12640 	 -7.923
12648 	 -7.98
12654 	 -7.831
12664 	 -7.711
12666 	 -7.667
12668 	 -7.703
12672 	 -7.785
12674 	 -7.573
12678 	 -7.666
12708 	 -7.629
12710 	 -7.625
12712 	 -7.041
12716 	 -7.038
12722 	 -7.291
12730 	 -7.757
12732 	 -7.783
12742 	 -7.779
12748 	 -7.762
12752 	 -7.888
12758 	 -7.886
12768 	 -8.134
12776 	 -8.128
12782 	 -8.031
12786 	 -7.77
12804 	 -7.877
12806 	 -7.902
12818 	 -8.094
12828 	 -8.059
12830 	 -8.058
12834 	 -7.888
12840 	 -7.977
12854 	 -7.893
12874 	 -7.878
12908 	 -6.659
12916 	 -6.585
12920 	 -6.524
12924 	 -6.551
12936 	 -6.501
12954 	 -6.432
12958 	 -6.431
12964 	 -6.397
12972 	 -6.218
12982 	 -6.796
12986 	 -6.77
12990 	 -6.767
12992 	 -6.698
12996 	 -6.682
13004 	 -6.608
13006 	 -6.618
13008 	 -6.604
13010 	 -6.551
13012 	 -6.498
13016 	 -6.387
13018 	 -6.382
13024 	 -6.899
13028 	 -6.623
13038 	 -6.98
13042 	 -7.096
13050 	 -7.047
13052 	 -7.011
13064 	 -6.813
13068 	 -6.835
13070 	 -6.878
13072 	 -6.953
13080 	 -6.851
13082 	 -6.843
13088 	 -6.691
13090 	 -6.723
13094 	 -6.685
13096 	 -6.548
13100 	 -6.475
13102 	 -6.47
13114 	 -6.423
13116 	 -6.284
13122 	 -6.274
13126 	 -6.273
13130 	 -5.826
13132 	 -5.586
13136 	 -5.676
13146 	 -5.796
13150 	 -5.119
13152 	 -5.205
13154 	 -5.066
13156 	 -5.059
13168 	 -4.989
13174 	 -4.902
13176 	 -4.97
13182 	 -4.931
13202 	 -4.851
13204 	 -4.753
13206 	 -5.427
13220 	 -5.418
13224 	 -5.653
13226 	 -5.701
13228 	 -5.568
13234 	 -5.668
13242 	 -5.916
13244 	 -5.922
13246 	 -5.853
13248 	 -5.604
13250 	 -5.515
13262 	 -5.326
13266 	 -5.158
13268 	 -5.148
13270 	 -5.143
13290 	 -4.624
13310 	 -4.671
13312 	 -4.709
13316 	 -4.675
13320 	 -4.518
13328 	 -4.491
13346 	 -4.358
13352 	 -3.758
13360 	 -3.713
13366 	 -3.634
13368 	 -3.606
13372 	 -3.594
13374 	 -3.692
13378 	 -3.56
13380 	 -3.543
13384 	 -3.432
13388 	 -3.426
13390 	 -3.425
13398 	 -3.442
13408 	 -3.434
13412 	 -3.394
13420 	 -3.454
13426 	 -3.591
13436 	 -3.612
13454 	 -3.597
13458 	 -3.693
13474 	 -3.681
13476 	 -3.676
13484 	 -4.177
13488 	 -4.167
13508 	 -4.003
13510 	 -3.952
13514 	 -3.943
13524 	 -3.966
13528 	 -3.994
13532 	 -4.044
13540 	 -4.042
13542 	 -4.038
13544 	 -4.026
13548 	 -4.065
13552 	 -4.053
13560 	 -4.088
13568 	 -4.076
13582 	 -3.815
13586 	 -3.678
13600 	 -3.646
13604 	 -3.524
13612 	 -3.404
13632 	 -3.371
13634 	 -3.37
13638 	 -3.349
13644 	 -3.345
13648 	 -2.525
13650 	 -2.516
13670 	 -2.394
13680 	 -2.372
13696 	 -2.333
13700 	 -2.283
13702 	 -2.247
13708 	 -2.232
13710 	 -2.314
13724 	 -2.309
13728 	 -2.301
13743 	 -2.219
13744 	 -2.22
13752 	 -2.218
13760 	 -2.198
13764 	 -2.197
13766 	 -2.183
13770 	 -2.226
13772 	 -2.223
13786 	 -2.219
13804 	 -1.828
13820 	 -1.811
13822 	 -1.754
13844 	 -1.755
13876 	 -2.14
13878 	 -2.04
13900 	 -2.032
13902 	 -1.979
13906 	 -2.033
13912 	 -2.027
13934 	 -2.008
13936 	 -1.67
13938 	 -1.686
13942 	 -1.677
13954 	 -1.745
13974 	 -1.743
13978 	 -1.874
13988 	 -1.873
14002 	 -1.896
14006 	 -1.82
14014 	 -1.936
14038 	 -1.925
14040 	 -2.048
14042 	 -2.117
14048 	 -2.065
14052 	 -2.067
14058 	 -2.062
14066 	 -2.211
14080 	 -2.191
14084 	 -2.322
14090 	 -2.286
14102 	 -2.411
14106 	 -2.409
14120 	 -2.406
14122 	 -2.185
14126 	 -2.213
14130 	 -2.207
14136 	 -2.08
14138 	 -2.074
14144 	 -2.133
14160 	 -1.944
14164 	 -2.022
14180 	 -1.974
14208 	 -1.876
14212 	 -1.844
14230 	 -1.809
14234 	 -2.175
14238 	 -2.15
14262 	 -2.144
14278 	 -2.122
14282 	 -2.113
14294 	 -2.211
14298 	 -2.288
14306 	 -2.287
14308 	 -2.402
14318 	 -2.364
14326 	 -2.363
14334 	 -2.32
14362 	 -2.216
14378 	 -2.176
14394 	 -2.145
14434 	 -1.842
14456 	 -1.828
14492 	 -1.866
14502 	 -1.971
14504 	 -2.06
14510 	 -2.062
14524 	 -2.007
14554 	 -1.988
14556 	 -2.013
14578 	 -1.927
14584 	 -1.902
14592 	 -1.978
14612 	 -1.948
14618 	 -1.731
14622 	 -1.817
14634 	 -1.79
14638 	 -1.753
14644 	 -1.917
14652 	 -1.77
14672 	 -1.632
14674 	 -1.638
14678 	 -1.556
14682 	 -1.41
14696 	 -1.248
14698 	 -1.195
14708 	 -1.101
14710 	 -1.078
14712 	 -1.005
14716 	 -0.95
14724 	 -0.904
14732 	 -0.903
14734 	 -0.771
14736 	 -0.716
14738 	 -0.712
14752 	 -0.559
14754 	 -0.55
14756 	 -0.53
14762 	 -0.498
14768 	 -0.479
14774 	 -0.442
14778 	 -0.419
14780 	 -0.374
14800 	 -0.358
14804 	 -0.328
14808 	 -0.324
14824 	 -0.312
14838 	 -0.3
14840 	 -0.29
14850 	 -0.275
14858 	 -0.259
14864 	 -0.251
14878 	 -0.247
15000 	 -1.451
15024 	 -1.624
15050 	 -2.332
15078 	 -2.927
15112 	 -3.401
15158 	 -3.355
15162 	 -3.428
15174 	 -3.361
15186 	 -2.847
15216 	 -3.332
15222 	 -3.329
15232 	 -3.153
15238 	 -3.329
15262 	 -2.169
15266 	 -2.095
15276 	 -1.646
15300 	 -1.112
15310 	 -1.154
15336 	 -1.452
15342 	 -1.449
15356 	 -1.619
15372 	 -1.615
15374 	 -1.235
15400 	 -0.743
15422 	 -0.583
15426 	 -0.582
15456 	 -0.32
15470 	 -0.315
15486 	 -0.122
15558 	 -0.052
15600 	 -0.051
15656 	 -0.047
15658 	 -0.043
15660 	 -0.039
15798 	 -0.038
15864 	 -0.03
15888 	 -0.027
15904 	 -0.019
15984 	 -0.017
16010 	 -0.014
16120 	 -0.013
16436 	 -0.011
18000 	 -2.128
18020 	 -2.245
18042 	 -2.757
18064 	 -2.894
18088 	 -2.339
18120 	 -1.764
18154 	 -2.864
18180 	 -2.6
18190 	 -3.253
18234 	 -4.518
18252 	 -4.494
18262 	 -4.308
18270 	 -3.339
18278 	 -3.276
18286 	 -3.135
18296 	 -3.669
18316 	 -3.714
18328 	 -3.958
18336 	 -3.607
18342 	 -3.616
18348 	 -3.025
18360 	 -2.268
18368 	 -1.962
18384 	 -1.976
18402 	 -1.39
18420 	 -0.756
18426 	 -0.668
18434 	 -0.55
18448 	 -0.21
18472 	 -0.18
18552 	 -0.02
18864 	 -0.012
19002 	 0
21000 	 -1.44
21001 	 -1.44
