0 	 0
3000 	 -1.376
3024 	 -1.496
3050 	 -1.88
3062 	 -2.472
3078 	 -3.176
3112 	 -3.62
3158 	 -3.808
3164 	 -3.728
3186 	 -2.828
3198 	 -2.688
3216 	 -1.912
3232 	 -1.736
3238 	 -1.364
3262 	 -0.608
3296 	 -0.264
3400 	 -0.024
3636 	 -0.008
3904 	 0
6000 	 -2.478
6020 	 -2.638
6042 	 -3.286
6064 	 -3.582
6088 	 -3.11
6120 	 -2.686
6138 	 -2.872
6154 	 -3.312
6180 	 -3.048
6190 	 -3.516
6198 	 -3.5
6234 	 -3.9
6284 	 -4.203
6296 	 -4.179
6346 	 -4.159
6360 	 -2.871
6374 	 -2.271
6376 	 -1.719
6424 	 -1.319
6444 	 -0.761
6504 	 -0.637
6506 	 -0.613
6552 	 -0.501
6634 	 -0.359
6704 	 -0.331
6710 	 -0.307
6726 	 -0.295
6728 	 -0.267
6782 	 -0.263
6894 	 -0.165
6990 	 -0.145
6994 	 -0.125
7002 	 -0.093
7272 	 -0.089
7278 	 -0.085
7290 	 -0.073
7324 	 -0.025
9000 	 -1.433
9024 	 -1.537
9050 	 -2.497
9078 	 -3.177
9112 	 -3.761
9158 	 -3.713
9162 	 -3.797
9174 	 -3.705
9186 	 -2.857
9216 	 -3.589
9232 	 -3.413
9238 	 -3.801
9262 	 -1.973
9268 	 -1.305
9298 	 -0.417
9304 	 -0.413
9306 	 -0.409
9334 	 -0.277
9400 	 -0.025
9660 	 -0.009
9904 	 -0.001
12000 	 -2.54
12002 	 -2.421
12004 	 -2.934
12006 	 -4.073
12008 	 -5.739
12010 	 -7.316
12012 	 -8.174
12016 	 -8.763
12018 	 -8.809
12020 	 -9.368
12028 	 -9.502
12030 	 -9.57
12032 	 -9.536
12034 	 -9.588
12040 	 -9.651
12042 	 -10.127
12054 	 -9.638
12062 	 -9.83
12064 	 -9.906
12070 	 -10.456
12072 	 -10.498
12074 	 -10.019
12088 	 -9.407
12090 	 -9.454
12100 	 -9.465
12102 	 -9.349
12114 	 -9.49
12120 	 -8.952
12130 	 -8.719
12140 	 -8.984
12148 	 -9.224
12154 	 -10.26
12156 	 -10.287
12164 	 -10.177
12176 	 -10.12
12178 	 -10.157
12180 	 -10.229
12182 	 -10.759
12184 	 -10.611
12186 	 -10.913
12190 	 -11.229
12192 	 -11.172
12200 	 -10.783
12208 	 -10.961
12210 	 -11.139
12212 	 -12.183
12222 	 -12.076
12226 	 -12.677
12228 	 -12.836
12230 	 -12.757
12234 	 -14.139
12236 	 -14.083
12242 	 -14.197
12248 	 -14.231
12250 	 -14.138
12252 	 -13.423
12254 	 -13.12
12256 	 -13.029
12260 	 -12.712
12264 	 -12.611
12266 	 -12.818
12270 	 -12.945
12274 	 -11.466
12276 	 -11.507
12282 	 -11.058
12286 	 -10.971
12290 	 -10.699
12294 	 -10.652
12296 	 -10.905
12300 	 -11.131
12302 	 -11.114
12304 	 -10.82
12306 	 -10.783
12308 	 -10.768
12310 	 -10.652
12320 	 -10.654
12324 	 -10.05
12328 	 -10.065
12330 	 -10.008
12332 	 -10.04
12338 	 -9.788
12344 	 -8.933
12350 	 -8.914
12358 	 -8.246
12360 	 -7.294
12382 	 -7.286
12384 	 -7.27
12386 	 -6.948
12398 	 -6.943
12400 	 -6.831
12404 	 -6.559
12406 	 -6.529
12410 	 -6.606
12412 	 -6.295
12420 	 -6.189
12426 	 -6.165
12430 	 -6.098
12432 	 -6.102
12436 	 -6.545
12437 	 -6.765
12438 	 -6.511
12444 	 -6.593
12448 	 -6.486
12452 	 -6.383
12456 	 -5.951
12460 	 -5.868
12466 	 -6.27
12476 	 -6.594
12480 	 -6.428
12492 	 -6.4
12494 	 -6.361
12508 	 -6.352
12510 	 -6.101
12516 	 -6.2
12520 	 -6.17
12532 	 -6.161
12534 	 -6.02
12540 	 -6.174
12550 	 -5.998
12552 	 -5.878
12562 	 -5.96
12574 	 -6.198
12580 	 -6.198
12586 	 -6.515
12590 	 -6.504
12592 	 -6.367
12594 	 -6.668
12598 	 -6.85
12604 	 -6.84
12610 	 -7.086
12618 	 -7.084
12630 	 -7.442
12634 	 -7.413
12638 	 -7.409
12640 	 -7.365
12648 	 -7.492
12652 	 -7.25
12664 	 -7.13
12668 	 -7.166
12672 	 -6.904
12710 	 -6.9
12712 	 -6.707
12716 	 -6.704
12732 	 -6.73
12734 	 -6.837
12748 	 -6.82
12758 	 -6.818
12768 	 -6.768
12782 	 -6.874
12790 	 -6.827
12792 	 -7.039
12796 	 -7.008
12804 	 -7.115
12814 	 -7.113
12826 	 -7.382
12828 	 -7.354
12840 	 -7.209
12862 	 -7.713
12870 	 -8.295
12874 	 -8.544
12882 	 -8.516
12890 	 -8.779
12892 	 -8.722
12898 	 -8.901
12904 	 -8.943
12908 	 -8.151
12912 	 -8.133
12914 	 -8.634
12916 	 -8.56
12920 	 -8.47
12922 	 -8.153
12924 	 -8.003
12926 	 -8.108
12928 	 -8.147
12932 	 -8.335
12934 	 -8.202
12938 	 -8.209
12954 	 -8.156
12956 	 -8.166
12958 	 -7.941
12962 	 -7.758
12964 	 -7.65
12968 	 -7.541
12970 	 -7.387
12972 	 -7.291
12976 	 -7.048
12982 	 -7.082
12986 	 -7.056
12988 	 -6.98
12990 	 -6.971
12992 	 -6.937
12996 	 -6.921
12998 	 -6.686
13000 	 -6.724
13002 	 -6.726
13004 	 -6.652
13006 	 -6.662
13008 	 -6.489
13010 	 -6.504
13016 	 -6.403
13018 	 -6.408
13020 	 -6.632
13026 	 -6.489
13028 	 -6.448
13032 	 -6.484
13040 	 -6.465
13042 	 -6.415
13052 	 -6.379
13056 	 -5.832
13062 	 -5.831
13068 	 -5.712
13076 	 -5.764
13082 	 -5.939
13086 	 -6.036
13094 	 -6.039
13096 	 -5.902
13102 	 -6.221
13112 	 -6.043
13114 	 -5.996
13118 	 -6.406
13120 	 -6.451
13122 	 -6.383
13126 	 -6.382
13136 	 -6.259
13138 	 -6.255
13150 	 -6.286
13154 	 -6.349
13158 	 -6.344
13162 	 -6.308
13164 	 -6.817
13168 	 -6.524
13180 	 -6.463
13186 	 -6.269
13190 	 -6.233
13202 	 -6.241
13206 	 -6.492
13210 	 -6.276
13220 	 -6.267
13222 	 -6.17
13224 	 -6.182
13228 	 -6.051
13232 	 -6.029
13234 	 -6.027
13246 	 -5.958
13248 	 -5.724
13250 	 -5.632
13252 	 -5.614
13258 	 -5.511
13260 	 -4.816
13262 	 -4.79
13266 	 -4.966
13268 	 -4.956
13270 	 -4.951
13278 	 -4.786
13280 	 -4.867
13284 	 -4.759
13288 	 -4.758
13290 	 -4.836
13302 	 -4.899
13310 	 -4.882
13312 	 -4.736
13316 	 -4.79
13322 	 -4.759
13328 	 -4.868
13340 	 -4.835
13344 	 -4.833
13346 	 -4.829
13360 	 -4.807
13366 	 -4.844
13372 	 -4.832
13380 	 -4.884
13384 	 -4.773
13388 	 -4.767
13394 	 -4.763
13398 	 -4.688
13404 	 -4.652
13408 	 -4.697
13414 	 -4.665
13416 	 -4.703
13430 	 -4.755
13438 	 -4.831
13442 	 -4.748
13444 	 -5.056
13452 	 -5.057
13454 	 -5.042
13468 	 -5.048
13474 	 -5.036
13476 	 -4.834
13478 	 -4.82
13480 	 -4.852
13482 	 -4.783
13484 	 -5.111
13494 	 -4.999
13496 	 -4.971
13500 	 -4.964
13502 	 -4.823
13508 	 -4.723
13514 	 -4.714
13522 	 -4.687
13526 	 -4.678
13530 	 -4.817
13536 	 -4.753
13542 	 -4.738
13552 	 -4.943
13556 	 -4.92
13582 	 -4.918
13604 	 -4.823
13608 	 -4.68
13620 	 -4.747
13624 	 -4.926
13626 	 -5.218
13628 	 -5.214
13640 	 -5.44
13648 	 -4.726
13654 	 -4.583
13656 	 -4.709
13668 	 -4.944
13672 	 -4.77
13688 	 -4.753
13690 	 -4.751
13696 	 -4.695
13700 	 -4.681
13714 	 -4.837
13726 	 -5.091
13732 	 -5.112
13740 	 -5.127
13744 	 -5.391
13754 	 -5.226
13760 	 -5.327
13766 	 -5.313
13768 	 -5.348
13778 	 -5.294
13796 	 -4.113
13802 	 -4.173
13804 	 -4.378
13816 	 -4.694
13820 	 -4.595
13822 	 -4.581
13824 	 -4.58
13826 	 -4.657
13828 	 -4.535
13834 	 -4.74
13838 	 -4.735
13844 	 -5.048
13848 	 -4.763
13852 	 -5.09
13854 	 -5.07
13866 	 -5.068
13878 	 -4.796
13890 	 -4.845
13898 	 -4.46
13900 	 -4.452
13902 	 -4.399
13904 	 -4.666
13906 	 -4.646
13912 	 -4.39
13916 	 -4.636
13922 	 -4.609
13924 	 -4.637
13926 	 -4.674
13934 	 -4.849
13938 	 -4.648
13942 	 -4.639
13944 	 -4.583
13946 	 -4.404
13956 	 -4.342
13958 	 -4.547
13960 	 -4.544
13962 	 -4.576
13966 	 -4.455
13978 	 -4.454
13980 	 -4.525
13990 	 -4.648
13998 	 -3.787
14002 	 -4.123
14004 	 -4.226
14014 	 -4.498
14022 	 -4.359
14024 	 -4.354
14028 	 -4.156
14038 	 -4.21
14048 	 -4.158
14052 	 -4.271
14058 	 -4.31
14074 	 -4.295
14078 	 -4.26
14092 	 -4.08
14098 	 -4.103
14104 	 -4.015
14106 	 -3.825
14114 	 -3.813
14120 	 -3.843
14128 	 -3.817
14136 	 -3.69
14140 	 -3.636
14146 	 -3.62
14150 	 -3.534
14160 	 -3.586
14164 	 -3.309
14174 	 -3.071
14176 	 -3.005
14180 	 -3.064
14186 	 -2.799
14190 	 -2.783
14194 	 -2.65
14196 	 -2.657
14206 	 -2.672
14212 	 -2.644
14218 	 -2.601
14220 	 -2.594
14240 	 -2.711
14244 	 -2.676
14248 	 -2.658
14256 	 -2.554
14258 	 -2.48
14260 	 -2.466
14268 	 -2.623
14284 	 -2.649
14286 	 -2.748
14296 	 -2.747
14306 	 -2.911
14318 	 -2.909
14326 	 -2.721
14328 	 -2.765
14340 	 -2.732
14342 	 -2.699
14344 	 -2.765
14348 	 -2.749
14350 	 -2.737
14358 	 -2.924
14360 	 -2.859
14368 	 -2.846
14370 	 -2.882
14376 	 -2.848
14378 	 -2.773
14386 	 -2.766
14392 	 -2.693
14394 	 -2.485
14396 	 -2.475
14404 	 -2.347
14414 	 -2.267
14426 	 -2.397
14428 	 -2.235
14434 	 -2.201
14436 	 -2.128
14442 	 -1.878
14444 	 -1.836
14446 	 -1.827
14452 	 -1.77
14466 	 -1.722
14468 	 -1.791
14470 	 -1.687
14480 	 -1.685
14488 	 -1.602
14492 	 -1.553
14494 	 -1.546
14496 	 -1.496
14500 	 -1.273
14502 	 -1.245
14504 	 -1.295
14512 	 -1.277
14518 	 -1.283
14520 	 -1.271
14532 	 -1.27
14540 	 -1.152
14546 	 -1.182
14548 	 -1.179
14550 	 -1.086
14556 	 -1.016
14560 	 -0.962
14568 	 -0.957
14580 	 -0.9
14582 	 -0.893
14600 	 -0.875
14602 	 -1.016
14606 	 -0.967
14612 	 -0.849
14622 	 -0.804
14630 	 -0.613
14644 	 -0.604
14646 	 -0.582
14658 	 -0.572
14664 	 -0.562
14668 	 -0.432
14680 	 -0.387
14686 	 -0.338
14696 	 -0.319
14712 	 -0.282
14730 	 -0.272
14734 	 -0.271
14740 	 -0.244
14750 	 -0.239
14764 	 -0.223
14808 	 -0.211
14830 	 -0.206
15000 	 -1.419
15024 	 -1.602
15050 	 -2.464
15078 	 -3.186
15112 	 -3.798
15158 	 -3.781
15162 	 -3.864
15174 	 -3.77
15186 	 -3.026
15216 	 -3.879
15222 	 -3.875
15232 	 -3.699
15238 	 -3.992
15262 	 -2.291
15266 	 -2.232
15268 	 -2.06
15276 	 -1.754
15282 	 -1.489
15298 	 -1.143
15300 	 -0.805
15310 	 -0.825
15336 	 -0.975
15342 	 -0.972
15346 	 -0.92
15350 	 -0.876
15352 	 -0.875
15356 	 -0.96
15372 	 -0.956
15374 	 -0.761
15400 	 -0.391
15422 	 -0.312
15456 	 -0.179
15470 	 -0.175
15486 	 -0.079
15558 	 -0.047
15576 	 -0.044
15656 	 -0.041
15658 	 -0.038
15660 	 -0.032
15708 	 -0.026
15772 	 -0.022
15864 	 -0.021
15888 	 -0.018
15904 	 -0.01
16026 	 -0.009
16182 	 -0.008
18000 	 -2.128
18020 	 -2.245
18042 	 -2.757
18064 	 -2.897
18088 	 -2.325
18120 	 -1.703
18154 	 -3.064
18180 	 -2.8
18190 	 -3.515
18234 	 -5.114
18252 	 -5.082
18262 	 -4.989
18270 	 -3.697
18278 	 -3.613
18286 	 -3.425
18296 	 -3.59
18316 	 -3.65
18328 	 -3.772
18336 	 -3.304
18342 	 -3.266
18348 	 -2.478
18360 	 -1.405
18368 	 -1.252
18384 	 -1.259
18402 	 -0.776
18420 	 -0.459
18426 	 -0.415
18434 	 -0.356
18448 	 -0.186
18472 	 -0.171
18552 	 -0.02
18864 	 -0.016
19002 	 0
21000 	 -1.44
21001 	 -1.44
