0 	 0
3000 	 -1.376
3024 	 -1.496
3050 	 -1.88
3062 	 -2.472
3078 	 -3.176
3112 	 -3.62
3158 	 -3.808
3164 	 -3.728
3186 	 -2.828
3198 	 -2.688
3216 	 -1.912
3232 	 -1.736
3238 	 -1.364
3262 	 -0.608
3296 	 -0.264
3400 	 -0.024
3636 	 -0.008
3904 	 0
6000 	 -2.478
6020 	 -2.638
6042 	 -3.286
6064 	 -3.582
6088 	 -3.11
6120 	 -2.686
6138 	 -2.872
6154 	 -3.312
6180 	 -3.048
6190 	 -3.516
6198 	 -3.5
6234 	 -3.9
6284 	 -4.203
6296 	 -4.179
6346 	 -4.159
6360 	 -2.871
6374 	 -2.271
6376 	 -1.719
6424 	 -1.319
6444 	 -0.761
6504 	 -0.637
6506 	 -0.613
6552 	 -0.501
6634 	 -0.359
6704 	 -0.331
6710 	 -0.307
6726 	 -0.295
6728 	 -0.267
6782 	 -0.263
6894 	 -0.165
6990 	 -0.145
6994 	 -0.125
7002 	 -0.093
7272 	 -0.089
7278 	 -0.085
7290 	 -0.073
7324 	 -0.025
9000 	 -1.433
9024 	 -1.537
9050 	 -2.497
9078 	 -3.177
9112 	 -3.761
9158 	 -3.713
9162 	 -3.797
9174 	 -3.705
9186 	 -2.857
9216 	 -3.589
9232 	 -3.413
9238 	 -3.801
9262 	 -1.973
9268 	 -1.305
9298 	 -0.417
9304 	 -0.413
9306 	 -0.409
9334 	 -0.277
9400 	 -0.025
9660 	 -0.009
9904 	 -0.001
12000 	 -2.54
12002 	 -2.421
12004 	 -2.854
12006 	 -3.993
12008 	 -4.837
12010 	 -6.414
12012 	 -6.842
12016 	 -7.431
12018 	 -7.477
12020 	 -7.81
12028 	 -7.944
12030 	 -8.012
12032 	 -7.978
12034 	 -8.037
12040 	 -7.914
12042 	 -8.39
12054 	 -7.901
12062 	 -8.119
12064 	 -8.195
12070 	 -8.378
12072 	 -8.42
12074 	 -7.941
12088 	 -7.329
12090 	 -7.424
12100 	 -7.554
12102 	 -7.438
12120 	 -6.729
12130 	 -6.683
12140 	 -6.948
12148 	 -7.188
12154 	 -8.224
12156 	 -8.216
12164 	 -8.391
12176 	 -8.586
12178 	 -8.718
12180 	 -8.79
12182 	 -9.32
12186 	 -9.674
12190 	 -9.99
12200 	 -10.103
12206 	 -10.093
12208 	 -10.271
12212 	 -11.315
12222 	 -11.208
12226 	 -11.729
12228 	 -12.282
12230 	 -12.412
12234 	 -13.794
12236 	 -13.844
12252 	 -13.204
12254 	 -13.103
12256 	 -13.233
12260 	 -12.916
12262 	 -12.744
12264 	 -13.035
12266 	 -13.475
12270 	 -13.64
12274 	 -12.604
12282 	 -12.447
12286 	 -12.311
12290 	 -12.133
12296 	 -12.386
12300 	 -12.53
12302 	 -12.517
12304 	 -12.287
12308 	 -12.272
12310 	 -12.245
12312 	 -12.21
12322 	 -12.281
12324 	 -11.774
12332 	 -11.806
12338 	 -11.554
12340 	 -11.433
12344 	 -10.637
12350 	 -10.622
12352 	 -10.576
12354 	 -10.458
12358 	 -9.808
12360 	 -8.673
12366 	 -8.681
12368 	 -8.581
12372 	 -8.566
12378 	 -8.46
12382 	 -8.389
12384 	 -8.067
12386 	 -7.684
12392 	 -7.782
12394 	 -7.612
12398 	 -7.607
12400 	 -7.495
12402 	 -7.394
12404 	 -7.122
12406 	 -7.092
12408 	 -7.22
12410 	 -7.295
12412 	 -6.984
12420 	 -6.878
12426 	 -6.854
12430 	 -6.787
12432 	 -6.516
12436 	 -6.955
12437 	 -7.175
12438 	 -6.865
12444 	 -6.892
12448 	 -6.785
12452 	 -6.682
12456 	 -6.603
12460 	 -6.52
12466 	 -7.267
12476 	 -7.562
12480 	 -7.396
12484 	 -7.368
12492 	 -7.34
12494 	 -7.291
12496 	 -7.282
12508 	 -7.273
12510 	 -7.42
12516 	 -7.519
12520 	 -7.489
12540 	 -7.425
12548 	 -7.437
12552 	 -7.317
12562 	 -7.482
12564 	 -7.317
12574 	 -7.695
12576 	 -7.675
12578 	 -7.563
12590 	 -7.552
12592 	 -7.361
12594 	 -7.32
12604 	 -7.31
12614 	 -7.27
12618 	 -7.254
12624 	 -6.744
12630 	 -7.102
12638 	 -7.098
12640 	 -7.041
12644 	 -7.036
12648 	 -7.006
12654 	 -7.175
12656 	 -7.661
12664 	 -7.541
12668 	 -7.643
12672 	 -8.005
12708 	 -7.995
12710 	 -7.991
12712 	 -7.284
12716 	 -7.281
12726 	 -7.008
12732 	 -7.034
12748 	 -7.017
12758 	 -7.015
12768 	 -7.021
12782 	 -7.017
12788 	 -7.008
12798 	 -6.889
12804 	 -7.018
12814 	 -7.175
12824 	 -7.169
12828 	 -7.134
12838 	 -7.121
12840 	 -7.161
12844 	 -7.369
12856 	 -7.563
12874 	 -7.631
12886 	 -7.629
12894 	 -7.569
12908 	 -7.003
12916 	 -7.344
12920 	 -7.306
12924 	 -7.594
12926 	 -8.038
12928 	 -8.539
12944 	 -8.68
12954 	 -8.726
12960 	 -8.562
12964 	 -8.67
12972 	 -8.491
12978 	 -8.174
12982 	 -8.195
12986 	 -8.166
12988 	 -8.06
12990 	 -8.135
12994 	 -8.153
12996 	 -8.707
13004 	 -8.599
13006 	 -8.609
13008 	 -8.595
13010 	 -8.592
13016 	 -8.51
13018 	 -8.258
13022 	 -8.371
13024 	 -8.339
13026 	 -8.202
13028 	 -8.183
13034 	 -8.117
13040 	 -8.071
13042 	 -8.012
13048 	 -7.912
13052 	 -7.876
13056 	 -7.602
13062 	 -7.601
13068 	 -7.42
13078 	 -6.45
13082 	 -6.661
13084 	 -6.426
13088 	 -6.385
13092 	 -6.436
13094 	 -6.361
13096 	 -6.224
13098 	 -6.264
13102 	 -6.259
13110 	 -6.348
13114 	 -6.276
13116 	 -6.374
13118 	 -6.296
13122 	 -6.229
13126 	 -6.228
13130 	 -6.211
13138 	 -6.214
13150 	 -5.907
13152 	 -6.423
13162 	 -6.573
13164 	 -6.846
13168 	 -6.77
13178 	 -6.886
13186 	 -6.884
13190 	 -6.819
13206 	 -7.06
13210 	 -7.064
13212 	 -6.871
13214 	 -6.908
13220 	 -6.252
13224 	 -6.048
13226 	 -6.184
13234 	 -6.182
13236 	 -6.233
13238 	 -6.198
13244 	 -6.102
13246 	 -5.672
13248 	 -5.438
13250 	 -5.256
13256 	 -5.241
13262 	 -4.953
13264 	 -4.847
13268 	 -4.842
13270 	 -4.837
13276 	 -4.808
13278 	 -4.609
13280 	 -4.42
13284 	 -4.287
13290 	 -4.212
13302 	 -3.978
13304 	 -4.05
13306 	 -4.013
13310 	 -3.764
13320 	 -3.649
13322 	 -3.598
13326 	 -3.73
13328 	 -3.685
13330 	 -3.725
13344 	 -3.715
13360 	 -3.667
13366 	 -3.676
13372 	 -3.664
13374 	 -3.513
13376 	 -3.464
13384 	 -3.353
13388 	 -3.347
13398 	 -3.406
13408 	 -3.396
13412 	 -3.503
13430 	 -3.484
13444 	 -3.503
13454 	 -3.493
13464 	 -3.513
13470 	 -3.564
13474 	 -3.552
13484 	 -3.66
13488 	 -3.71
13492 	 -3.724
13508 	 -3.69
13512 	 -3.527
13514 	 -3.518
13536 	 -3.536
13542 	 -2.979
13558 	 -2.948
13560 	 -2.947
13570 	 -2.904
13586 	 -2.866
13604 	 -2.744
13620 	 -2.755
13648 	 -1.807
13654 	 -1.76
13668 	 -1.723
13686 	 -1.942
13696 	 -1.903
13730 	 -2.076
13732 	 -2.071
13744 	 -1.978
13760 	 -1.958
13766 	 -1.949
13778 	 -1.937
13786 	 -1.926
13804 	 -1.884
13820 	 -1.878
13822 	 -2.219
13848 	 -2.218
13858 	 -1.963
13866 	 -1.954
13872 	 -1.933
13876 	 -2.158
13878 	 -2.058
13900 	 -2.05
13902 	 -1.997
13910 	 -2.035
13912 	 -2.029
13930 	 -2.066
13942 	 -2.089
13944 	 -2.133
13954 	 -2.205
13978 	 -2.204
13984 	 -2.205
13990 	 -2.187
14038 	 -1.944
14040 	 -1.943
14048 	 -1.891
14058 	 -1.842
14068 	 -1.803
14092 	 -1.943
14094 	 -2.033
14106 	 -2.031
14108 	 -2.08
14120 	 -2.078
14124 	 -2.099
14134 	 -2.185
14136 	 -2.058
14146 	 -2.105
14150 	 -2.102
14168 	 -2.08
14170 	 -2.073
14174 	 -2.085
14176 	 -1.854
14184 	 -1.873
14202 	 -1.603
14208 	 -1.598
14212 	 -1.596
14226 	 -1.599
14234 	 -1.674
14248 	 -1.695
14268 	 -1.767
14274 	 -1.706
14290 	 -1.694
14306 	 -1.66
14310 	 -1.593
14318 	 -1.667
14322 	 -1.719
14326 	 -1.718
14340 	 -1.712
14344 	 -1.754
14378 	 -1.646
14396 	 -1.827
14400 	 -1.896
14422 	 -1.895
14426 	 -1.875
14428 	 -1.866
14442 	 -1.69
14450 	 -1.737
14456 	 -1.529
14462 	 -1.509
14478 	 -1.506
14482 	 -1.489
14496 	 -1.323
14498 	 -1.277
14500 	 -1.102
14506 	 -1.071
14518 	 -0.902
14524 	 -0.846
14536 	 -0.794
14544 	 -0.752
14550 	 -0.736
14554 	 -0.584
14562 	 -0.57
14564 	 -0.559
14572 	 -0.554
14580 	 -0.54
14582 	 -0.498
14592 	 -0.422
14610 	 -0.348
14616 	 -0.259
14618 	 -0.25
14622 	 -0.249
14662 	 -0.237
14726 	 -0.233
14748 	 -0.231
14802 	 -0.209
15000 	 -1.431
15024 	 -1.597
15050 	 -2.332
15078 	 -2.923
15112 	 -3.367
15158 	 -3.444
15162 	 -3.484
15164 	 -3.474
15174 	 -3.428
15186 	 -2.971
15216 	 -3.519
15222 	 -3.517
15232 	 -3.341
15238 	 -3.497
15262 	 -2.618
15266 	 -2.529
15276 	 -2.068
15292 	 -2.066
15300 	 -1.547
15310 	 -1.607
15336 	 -2.055
15342 	 -2.052
15350 	 -2.008
15356 	 -2.262
15372 	 -2.258
15374 	 -1.684
15400 	 -1.083
15422 	 -0.844
15456 	 -0.449
15470 	 -0.444
15486 	 -0.158
15558 	 -0.056
15594 	 -0.054
15666 	 -0.05
15668 	 -0.044
15708 	 -0.038
15712 	 -0.036
15772 	 -0.031
15864 	 -0.022
15888 	 -0.02
15904 	 -0.012
16008 	 -0.011
16314 	 -0.01
18000 	 -2.128
18020 	 -2.254
18042 	 -2.798
18064 	 -2.975
18088 	 -2.46
18120 	 -1.931
18154 	 -3.112
18180 	 -2.848
18190 	 -3.636
18234 	 -5
18252 	 -4.976
18262 	 -4.697
18270 	 -3.728
18278 	 -3.665
18286 	 -3.524
18296 	 -4.415
18316 	 -4.46
18328 	 -4.826
18336 	 -4.475
18342 	 -4.514
18348 	 -3.923
18360 	 -3.233
18368 	 -2.774
18384 	 -2.795
18402 	 -2.03
18420 	 -1.079
18426 	 -0.947
18434 	 -0.77
18448 	 -0.26
18472 	 -0.215
18552 	 -0.024
18864 	 -0.012
19002 	 0
21000 	 -1.44
21001 	 -1.44
