0 	 0
3000 	 -1.376
3024 	 -1.496
3050 	 -1.88
3062 	 -2.472
3078 	 -3.176
3112 	 -3.62
3158 	 -3.808
3164 	 -3.728
3186 	 -2.828
3198 	 -2.688
3216 	 -1.912
3232 	 -1.736
3238 	 -1.364
3262 	 -0.608
3296 	 -0.264
3400 	 -0.024
3636 	 -0.008
3904 	 0
6000 	 -2.478
6020 	 -2.638
6042 	 -3.286
6064 	 -3.582
6088 	 -3.11
6120 	 -2.686
6138 	 -2.872
6154 	 -3.312
6180 	 -3.048
6190 	 -3.516
6198 	 -3.5
6234 	 -3.9
6284 	 -4.203
6296 	 -4.179
6346 	 -4.159
6360 	 -2.871
6374 	 -2.271
6376 	 -1.719
6424 	 -1.319
6444 	 -0.761
6504 	 -0.637
6506 	 -0.613
6552 	 -0.501
6634 	 -0.359
6704 	 -0.331
6710 	 -0.307
6726 	 -0.295
6728 	 -0.267
6782 	 -0.263
6894 	 -0.165
6990 	 -0.145
6994 	 -0.125
7002 	 -0.093
7272 	 -0.089
7278 	 -0.085
7290 	 -0.073
7324 	 -0.025
9000 	 -1.433
9024 	 -1.537
9050 	 -2.497
9078 	 -3.177
9112 	 -3.761
9158 	 -3.713
9162 	 -3.797
9174 	 -3.705
9186 	 -2.857
9216 	 -3.589
9232 	 -3.413
9238 	 -3.801
9262 	 -1.973
9268 	 -1.305
9298 	 -0.417
9304 	 -0.413
9306 	 -0.409
9334 	 -0.277
9400 	 -0.025
9660 	 -0.009
9904 	 -0.001
12000 	 -2.54
12002 	 -2.421
12004 	 -2.934
12006 	 -4.073
12008 	 -5.745
12010 	 -7.322
12012 	 -8.176
12016 	 -8.765
12018 	 -8.811
12020 	 -9.364
12028 	 -9.498
12030 	 -9.566
12032 	 -9.532
12034 	 -9.584
12040 	 -9.577
12042 	 -10.053
12054 	 -9.564
12062 	 -9.756
12064 	 -9.832
12070 	 -10.206
12072 	 -10.248
12074 	 -9.769
12086 	 -9.994
12088 	 -9.382
12090 	 -9.429
12100 	 -9.54
12102 	 -9.424
12120 	 -8.879
12130 	 -8.796
12132 	 -9.086
12140 	 -9.351
12148 	 -9.591
12152 	 -9.728
12154 	 -10.764
12156 	 -10.793
12164 	 -10.683
12176 	 -10.626
12178 	 -11.036
12180 	 -10.992
12182 	 -11.4
12186 	 -11.765
12188 	 -11.888
12190 	 -12.204
12200 	 -12.086
12204 	 -12.134
12206 	 -12.159
12210 	 -12.123
12212 	 -13.167
12222 	 -13.06
12226 	 -13.589
12228 	 -13.748
12230 	 -14.101
12234 	 -15.483
12236 	 -15.289
12250 	 -15.314
12252 	 -14.638
12254 	 -14.436
12256 	 -14.428
12260 	 -14.111
12264 	 -14.401
12266 	 -14.705
12270 	 -14.832
12272 	 -14.877
12274 	 -13.625
12282 	 -13.532
12286 	 -13.202
12290 	 -12.973
12296 	 -13.226
12298 	 -13.285
12300 	 -13.429
12302 	 -13.412
12304 	 -13.182
12306 	 -13.145
12308 	 -13.13
12310 	 -12.754
12312 	 -13.007
12324 	 -12.329
12328 	 -12.341
12332 	 -12.373
12338 	 -12.121
12340 	 -12.052
12344 	 -11.339
12350 	 -11.316
12354 	 -11.023
12358 	 -10.433
12360 	 -9.481
12366 	 -9.368
12372 	 -9.167
12382 	 -9.159
12384 	 -9.143
12386 	 -8.792
12394 	 -8.442
12398 	 -8.437
12400 	 -8.325
12404 	 -8.053
12408 	 -7.978
12412 	 -7.667
12420 	 -7.561
12426 	 -7.537
12430 	 -7.47
12432 	 -7.426
12436 	 -7.854
12438 	 -7.317
12444 	 -7.244
12448 	 -7.137
12452 	 -7.034
12456 	 -6.625
12460 	 -6.542
12464 	 -6.48
12466 	 -6.841
12476 	 -6.974
12480 	 -6.808
12492 	 -6.78
12494 	 -6.741
12496 	 -6.933
12498 	 -6.761
12502 	 -6.742
12508 	 -6.733
12510 	 -6.585
12512 	 -7.009
12516 	 -6.885
12518 	 -6.998
12520 	 -6.968
12532 	 -6.857
12534 	 -6.991
12536 	 -6.987
12552 	 -6.867
12562 	 -6.618
12564 	 -6.612
12570 	 -6.622
12574 	 -6.967
12576 	 -6.947
12578 	 -6.848
12590 	 -6.807
12592 	 -6.383
12604 	 -6.368
12614 	 -6.277
12618 	 -6.214
12630 	 -6.572
12638 	 -6.568
12640 	 -6.511
12656 	 -6.646
12668 	 -6.682
12672 	 -6.627
12688 	 -6.435
12694 	 -6.464
12710 	 -6.46
12712 	 -6.025
12716 	 -6.022
12730 	 -6.311
12732 	 -6.343
12740 	 -6.285
12748 	 -6.268
12750 	 -6.228
12758 	 -6.226
12762 	 -6.536
12768 	 -6.666
12776 	 -6.833
12780 	 -7.028
12786 	 -7.613
12790 	 -7.605
12794 	 -7.78
12804 	 -7.887
12808 	 -8.032
12826 	 -8.115
12828 	 -7.84
12838 	 -7.84
12840 	 -8.344
12844 	 -8.322
12846 	 -8.118
12850 	 -8.159
12856 	 -8.101
12860 	 -8.216
12866 	 -8.226
12870 	 -7.689
12874 	 -7.439
12888 	 -7.368
12892 	 -7.461
12894 	 -7.412
12898 	 -7.258
12908 	 -6.777
12916 	 -6.703
12918 	 -6.585
12920 	 -6.495
12922 	 -6.614
12930 	 -6.201
12936 	 -6.279
12948 	 -6.305
12952 	 -6.299
12954 	 -6.1
12964 	 -6.093
12968 	 -6.066
12970 	 -6.061
12972 	 -5.882
12976 	 -5.744
12982 	 -5.663
12984 	 -5.565
12986 	 -5.539
12990 	 -5.533
12992 	 -5.563
12996 	 -5.484
13004 	 -5.723
13006 	 -5.696
13008 	 -5.956
13010 	 -5.971
13012 	 -5.966
13016 	 -6.494
13024 	 -6.347
13028 	 -6.306
13030 	 -6.57
13034 	 -6.541
13038 	 -6.875
13040 	 -6.999
13042 	 -6.959
13044 	 -6.927
13048 	 -6.847
13052 	 -6.811
13058 	 -7.005
13062 	 -7.004
13068 	 -6.885
13080 	 -6.879
13082 	 -6.871
13088 	 -6.939
13092 	 -6.153
13094 	 -6.137
13096 	 -6
13098 	 -6.139
13102 	 -6.134
13106 	 -6.099
13108 	 -6.121
13114 	 -6.072
13116 	 -5.937
13124 	 -5.84
13126 	 -5.839
13128 	 -5.809
13138 	 -5.777
13144 	 -5.588
13148 	 -5.919
13150 	 -5.366
13158 	 -5.361
13164 	 -5.304
13166 	 -5.274
13168 	 -5.204
13170 	 -5.191
13174 	 -5.18
13178 	 -5.197
13180 	 -5.131
13184 	 -5.065
13200 	 -5.173
13202 	 -5.16
13204 	 -4.996
13206 	 -5.616
13218 	 -5.683
13220 	 -5.674
13224 	 -5.672
13234 	 -5.67
13236 	 -6.19
13244 	 -6.18
13246 	 -6.111
13248 	 -5.857
13250 	 -5.756
13258 	 -5.879
13262 	 -5.853
13268 	 -5.843
13270 	 -5.838
13278 	 -5.803
13280 	 -5.936
13282 	 -6.04
13284 	 -6.02
13290 	 -6.003
13296 	 -5.904
13300 	 -5.87
13304 	 -5.855
13322 	 -5.701
13328 	 -5.667
13332 	 -5.695
13334 	 -5.765
13344 	 -5.742
13356 	 -5.836
13366 	 -5.821
13372 	 -5.809
13374 	 -5.773
13376 	 -5.734
13382 	 -5.72
13384 	 -5.609
13386 	 -5.598
13388 	 -5.592
13398 	 -5.698
13402 	 -5.196
13420 	 -5.168
13422 	 -5.138
13434 	 -5.064
13438 	 -5.106
13440 	 -5.029
13444 	 -5.177
13446 	 -5.135
13448 	 -5.211
13450 	 -5.297
13452 	 -5.269
13454 	 -5.29
13458 	 -5.268
13470 	 -5.294
13474 	 -5.265
13484 	 -5.281
13490 	 -5.403
13492 	 -5.4
13500 	 -5.497
13506 	 -5.47
13512 	 -5.471
13514 	 -5.413
13542 	 -5.409
13544 	 -5.405
13552 	 -5.44
13568 	 -5.575
13578 	 -5.562
13592 	 -5.324
13596 	 -5.306
13604 	 -5.297
13606 	 -5.296
13614 	 -5.362
13624 	 -5.361
13648 	 -4.139
13678 	 -3.867
13680 	 -3.888
13690 	 -3.799
13696 	 -3.76
13720 	 -3.87
13722 	 -4.032
13724 	 -3.758
13726 	 -3.757
13742 	 -3.056
13744 	 -2.96
13748 	 -3.031
13758 	 -3.015
13760 	 -2.995
13766 	 -2.981
13776 	 -2.979
13780 	 -2.978
13782 	 -2.808
13784 	 -2.879
13788 	 -2.908
13790 	 -2.754
13804 	 -2.314
13810 	 -2.266
13820 	 -2.26
13824 	 -2.015
13828 	 -1.959
13840 	 -1.957
13842 	 -1.945
13848 	 -1.944
13868 	 -1.848
13870 	 -1.672
13876 	 -1.876
13878 	 -1.541
13894 	 -1.5
13900 	 -1.531
13902 	 -1.472
13912 	 -1.466
13936 	 -1.397
13938 	 -1.412
13942 	 -1.403
13956 	 -1.42
13994 	 -1.476
14010 	 -1.417
14026 	 -1.364
14032 	 -1.363
14042 	 -1.235
14048 	 -1.183
14052 	 -1.182
14056 	 -1.178
14058 	 -1.173
14068 	 -1.125
14070 	 -1.109
14074 	 -1.108
14076 	 -0.912
14082 	 -0.911
14092 	 -0.91
14098 	 -0.846
14106 	 -0.759
14115 	 -0.758
14120 	 -0.755
14124 	 -0.622
14134 	 -0.614
14136 	 -0.487
14142 	 -0.433
14152 	 -0.421
14166 	 -0.373
14182 	 -0.372
14190 	 -0.305
14206 	 -0.272
14212 	 -0.27
14220 	 -0.267
14238 	 -0.266
14248 	 -0.253
14266 	 -0.247
14286 	 -0.245
14290 	 -0.238
14298 	 -0.232
14318 	 -0.23
14322 	 -0.228
14326 	 -0.227
14354 	 -0.202
14378 	 -0.162
14380 	 -0.161
14406 	 -0.159
14508 	 -0.152
15000 	 -1.408
15024 	 -1.539
15050 	 -2.049
15078 	 -2.371
15112 	 -2.399
15158 	 -2.383
15162 	 -2.404
15174 	 -2.381
15186 	 -2.021
15216 	 -1.764
15222 	 -1.761
15232 	 -1.585
15238 	 -1.684
15262 	 -1.422
15268 	 -1.336
15282 	 -1.203
15298 	 -1.03
15310 	 -1.071
15336 	 -1.369
15342 	 -1.366
15346 	 -1.34
15356 	 -1.511
15372 	 -1.507
15374 	 -1.122
15400 	 -0.72
15422 	 -0.561
15456 	 -0.297
15470 	 -0.292
15486 	 -0.101
15558 	 -0.034
15660 	 -0.031
15708 	 -0.025
15864 	 -0.02
15888 	 -0.017
15904 	 -0.009
18000 	 -2.128
18020 	 -2.227
18042 	 -2.675
18064 	 -2.726
18088 	 -2.125
18120 	 -1.552
18154 	 -1.968
18180 	 -1.704
18190 	 -1.963
18234 	 -2.362
18252 	 -2.354
18262 	 -2.168
18270 	 -1.845
18278 	 -1.824
18286 	 -1.777
18296 	 -2.335
18316 	 -2.35
18328 	 -2.594
18336 	 -2.477
18342 	 -2.52
18348 	 -2.323
18360 	 -2.064
18368 	 -1.758
18384 	 -1.772
18402 	 -1.338
18420 	 -0.704
18426 	 -0.616
18434 	 -0.498
18448 	 -0.158
18472 	 -0.128
18552 	 -0.012
18864 	 -0.004
19002 	 0
21000 	 -1.44
21001 	 -1.44
