0 	 0
3000 	 -1.376
3024 	 -1.496
3050 	 -1.88
3062 	 -2.472
3078 	 -3.176
3112 	 -3.62
3158 	 -3.808
3164 	 -3.728
3186 	 -2.828
3198 	 -2.688
3216 	 -1.912
3232 	 -1.736
3238 	 -1.364
3262 	 -0.608
3296 	 -0.264
3400 	 -0.024
3636 	 -0.008
3904 	 0
6000 	 -2.478
6020 	 -2.638
6042 	 -3.286
6064 	 -3.582
6088 	 -3.11
6120 	 -2.686
6138 	 -2.872
6154 	 -3.312
6180 	 -3.048
6190 	 -3.516
6198 	 -3.5
6234 	 -3.9
6284 	 -4.203
6296 	 -4.179
6346 	 -4.159
6360 	 -2.871
6374 	 -2.271
6376 	 -1.719
6424 	 -1.319
6444 	 -0.761
6504 	 -0.637
6506 	 -0.613
6552 	 -0.501
6634 	 -0.359
6704 	 -0.331
6710 	 -0.307
6726 	 -0.295
6728 	 -0.267
6782 	 -0.263
6894 	 -0.165
6990 	 -0.145
6994 	 -0.125
7002 	 -0.093
7272 	 -0.089
7278 	 -0.085
7290 	 -0.073
7324 	 -0.025
9000 	 -1.433
9024 	 -1.537
9050 	 -2.497
9078 	 -3.177
9112 	 -3.761
9158 	 -3.713
9162 	 -3.797
9174 	 -3.705
9186 	 -2.857
9216 	 -3.589
9232 	 -3.413
9238 	 -3.801
9262 	 -1.973
9268 	 -1.305
9298 	 -0.417
9304 	 -0.413
9306 	 -0.409
9334 	 -0.277
9400 	 -0.025
9660 	 -0.009
9904 	 -0.001
12000 	 -2.54
12002 	 -2.421
12004 	 -2.974
12006 	 -4.113
12008 	 -6.196
12010 	 -7.773
12012 	 -8.842
12016 	 -9.431
12018 	 -9.477
12020 	 -10.143
12028 	 -10.277
12030 	 -10.345
12032 	 -10.311
12034 	 -10.363
12040 	 -10.444
12042 	 -10.92
12054 	 -10.431
12062 	 -10.623
12064 	 -10.699
12070 	 -11.249
12072 	 -11.291
12074 	 -10.812
12086 	 -11.037
12088 	 -10.425
12090 	 -10.472
12100 	 -10.51
12102 	 -10.394
12114 	 -10.535
12120 	 -9.997
12130 	 -9.764
12132 	 -10.096
12140 	 -10.361
12148 	 -10.601
12152 	 -10.738
12154 	 -11.774
12156 	 -11.801
12164 	 -11.691
12176 	 -11.634
12178 	 -11.644
12180 	 -11.604
12182 	 -12.011
12184 	 -11.863
12186 	 -12.189
12188 	 -12.326
12190 	 -12.642
12192 	 -12.585
12200 	 -12.196
12206 	 -12.231
12210 	 -12.37
12212 	 -13.414
12222 	 -13.307
12226 	 -13.918
12228 	 -14.077
12230 	 -13.998
12234 	 -15.38
12236 	 -15.209
12242 	 -15.323
12248 	 -15.326
12250 	 -15.236
12252 	 -14.521
12254 	 -14.218
12256 	 -14.118
12260 	 -13.801
12264 	 -13.7
12266 	 -14.01
12270 	 -14.137
12272 	 -14.136
12274 	 -12.701
12276 	 -12.742
12282 	 -12.293
12286 	 -12.206
12290 	 -11.934
12294 	 -11.887
12296 	 -12.14
12300 	 -12.366
12302 	 -12.349
12304 	 -12.018
12306 	 -11.981
12308 	 -11.966
12310 	 -11.793
12320 	 -11.795
12324 	 -11.191
12328 	 -11.042
12330 	 -10.985
12332 	 -11.017
12338 	 -10.765
12344 	 -9.91
12350 	 -9.891
12354 	 -9.879
12358 	 -9.3
12360 	 -8.348
12372 	 -8.325
12382 	 -8.317
12384 	 -8.301
12386 	 -7.973
12398 	 -7.968
12400 	 -7.856
12404 	 -7.584
12412 	 -7.273
12420 	 -7.167
12426 	 -7.143
12430 	 -7.076
12432 	 -6.932
12436 	 -7.359
12438 	 -6.985
12444 	 -6.948
12448 	 -6.841
12452 	 -6.738
12456 	 -6.305
12460 	 -6.222
12464 	 -6.173
12466 	 -6.534
12476 	 -6.724
12480 	 -6.558
12492 	 -7.041
12494 	 -7.002
12502 	 -6.983
12508 	 -6.974
12510 	 -6.887
12514 	 -7.104
12516 	 -6.98
12520 	 -6.95
12532 	 -6.941
12536 	 -6.98
12550 	 -6.828
12552 	 -6.708
12562 	 -6.351
12568 	 -6.288
12570 	 -6.343
12574 	 -6.68
12578 	 -6.653
12590 	 -6.612
12592 	 -6.433
12598 	 -6.327
12604 	 -6.312
12614 	 -6.221
12618 	 -6.173
12630 	 -6.531
12634 	 -6.618
12638 	 -6.614
12640 	 -6.448
12644 	 -6.612
12666 	 -6.474
12668 	 -6.51
12672 	 -6.502
12706 	 -6.586
12710 	 -6.582
12712 	 -6.164
12716 	 -6.161
12728 	 -6.151
12732 	 -6.177
12746 	 -6.243
12748 	 -6.226
12758 	 -6.748
12764 	 -7.568
12768 	 -7.727
12772 	 -7.711
12774 	 -7.649
12776 	 -7.736
12780 	 -7.681
12790 	 -7.673
12794 	 -7.779
12802 	 -7.836
12804 	 -7.943
12814 	 -7.941
12820 	 -7.934
12824 	 -8.005
12826 	 -8.02
12828 	 -7.992
12832 	 -7.874
12836 	 -8.156
12838 	 -8.175
12840 	 -8.168
12856 	 -8.11
12858 	 -8.094
12864 	 -7.853
12870 	 -7.891
12874 	 -7.648
12882 	 -7.775
12902 	 -6.217
12906 	 -6.694
12908 	 -6.303
12914 	 -6.444
12916 	 -6.37
12918 	 -6.321
12920 	 -6.231
12924 	 -6.45
12932 	 -6.334
12940 	 -6.477
12946 	 -6.452
12948 	 -6.325
12954 	 -6.256
12956 	 -6.252
12962 	 -6.204
12964 	 -6.376
12970 	 -6.371
12972 	 -6.192
12976 	 -6.241
12982 	 -6.292
12984 	 -6.187
12986 	 -6.161
12990 	 -6.216
12992 	 -6.304
12994 	 -6.296
12996 	 -6.284
13002 	 -6.29
13004 	 -6.734
13006 	 -6.742
13008 	 -6.752
13010 	 -6.767
13012 	 -6.619
13016 	 -6.749
13018 	 -6.747
13028 	 -6.706
13030 	 -6.65
13032 	 -7.008
13040 	 -7.027
13042 	 -7.075
13052 	 -6.819
13062 	 -7.039
13066 	 -7.087
13068 	 -6.753
13078 	 -6.679
13080 	 -6.673
13082 	 -6.665
13088 	 -6.697
13094 	 -6.726
13096 	 -6.589
13102 	 -6.584
13104 	 -6.329
13106 	 -6.212
13114 	 -6.163
13116 	 -6.117
13118 	 -5.936
13120 	 -5.947
13122 	 -5.951
13126 	 -5.995
13130 	 -5.907
13132 	 -6.141
13138 	 -5.732
13142 	 -5.749
13148 	 -5.759
13150 	 -5.693
13152 	 -5.752
13156 	 -5.665
13158 	 -5.66
13166 	 -5.7
13168 	 -5.63
13170 	 -5.49
13174 	 -5.479
13184 	 -5.757
13194 	 -5.812
13202 	 -5.799
13206 	 -6.617
13210 	 -6.616
13214 	 -6.502
13220 	 -6.493
13228 	 -6.451
13234 	 -6.449
13244 	 -6.6
13246 	 -6.531
13248 	 -6.577
13250 	 -6.54
13256 	 -6.718
13258 	 -6.716
13262 	 -6.69
13266 	 -6.852
13268 	 -6.842
13270 	 -6.837
13274 	 -6.796
13276 	 -6.999
13284 	 -7.082
13288 	 -7.087
13290 	 -7.134
13292 	 -7.112
13308 	 -7.303
13310 	 -7.364
13312 	 -7.392
13328 	 -7.329
13334 	 -7.237
13336 	 -7.13
13338 	 -7.072
13340 	 -7.151
13342 	 -7.119
13346 	 -7.019
13352 	 -6.916
13354 	 -6.956
13356 	 -7.009
13360 	 -6.948
13366 	 -6.91
13368 	 -6.629
13372 	 -6.588
13384 	 -6.595
13388 	 -6.589
13390 	 -6.453
13398 	 -6.006
13402 	 -5.95
13406 	 -5.936
13414 	 -5.813
13422 	 -5.866
13424 	 -5.851
13426 	 -5.91
13430 	 -5.969
13432 	 -5.929
13442 	 -5.908
13446 	 -5.892
13454 	 -5.877
13462 	 -5.902
13470 	 -5.871
13472 	 -5.816
13474 	 -5.905
13476 	 -5.961
13478 	 -5.88
13484 	 -5.896
13488 	 -6.037
13496 	 -6.051
13500 	 -6.009
13504 	 -6.069
13514 	 -6.015
13526 	 -6.21
13530 	 -6.14
13538 	 -6.182
13542 	 -6.178
13550 	 -6.299
13556 	 -6.443
13568 	 -6.546
13582 	 -6.702
13592 	 -6.691
13604 	 -6.943
13614 	 -6.935
13624 	 -6.919
13648 	 -5.598
13654 	 -5.596
13662 	 -5.586
13664 	 -5.577
13670 	 -5.554
13676 	 -5.498
13694 	 -5.366
13696 	 -5.327
13702 	 -5.326
13714 	 -5.621
13726 	 -5.62
13732 	 -5.571
13736 	 -5.562
13742 	 -5.755
13744 	 -5.693
13758 	 -5.623
13760 	 -5.607
13766 	 -5.593
13776 	 -5.618
13800 	 -5.651
13804 	 -5.211
13808 	 -5.177
13820 	 -5.146
13840 	 -5.39
13844 	 -5.192
13846 	 -5.221
13858 	 -5.814
13864 	 -5.811
13878 	 -5.683
13888 	 -5.628
13896 	 -5.8
13898 	 -5.694
13900 	 -5.605
13902 	 -5.552
13904 	 -5.043
13908 	 -5.005
13911 	 -5.148
13912 	 -5.154
13914 	 -5.394
13916 	 -5.364
13920 	 -5.048
13922 	 -5.081
13924 	 -4.639
13933 	 -4.87
13938 	 -4.841
13940 	 -4.886
13942 	 -4.877
13944 	 -4.855
13947 	 -5.126
13948 	 -5.269
13956 	 -5.208
13958 	 -5.166
13962 	 -5.165
13964 	 -4.877
13978 	 -4.042
13980 	 -3.772
13982 	 -3.685
13988 	 -3.874
13994 	 -3.845
13996 	 -3.875
13998 	 -3.9
14000 	 -3.744
14002 	 -3.898
14004 	 -3.894
14008 	 -3.602
14012 	 -3.524
14016 	 -3.367
14024 	 -3.306
14032 	 -3.28
14040 	 -3.261
14046 	 -3.162
14048 	 -3.051
14050 	 -2.885
14052 	 -2.608
14054 	 -2.526
14058 	 -2.522
14060 	 -2.431
14064 	 -2.246
14074 	 -2.245
14086 	 -2.112
14092 	 -1.887
14096 	 -1.769
14106 	 -1.878
14112 	 -1.828
14120 	 -1.825
14122 	 -1.746
14128 	 -1.696
14130 	 -1.601
14132 	 -1.546
14136 	 -1.419
14158 	 -1.368
14164 	 -1.441
14166 	 -1.317
14170 	 -1.316
14186 	 -1.32
14194 	 -1.294
14196 	 -1.279
14202 	 -1.219
14206 	 -1.177
14212 	 -1.175
14222 	 -1.139
14224 	 -1.002
14230 	 -0.988
14236 	 -0.987
14240 	 -0.968
14252 	 -0.887
14256 	 -0.735
14286 	 -0.324
14318 	 -0.323
14326 	 -0.322
14354 	 -0.306
14368 	 -0.29
14378 	 -0.25
14388 	 -0.246
14396 	 -0.238
14424 	 -0.223
14440 	 -0.222
14444 	 -0.214
14518 	 -0.213
14538 	 -0.211
14542 	 -0.202
14580 	 -0.193
14614 	 -0.187
14618 	 -0.18
14622 	 -0.167
14624 	 -0.164
15000 	 -1.408
15024 	 -1.542
15050 	 -2.195
15078 	 -2.644
15112 	 -2.891
15158 	 -2.967
15162 	 -3.007
15174 	 -2.959
15186 	 -2.511
15216 	 -2.715
15222 	 -2.712
15232 	 -2.536
15238 	 -2.664
15262 	 -2.281
15268 	 -2.109
15282 	 -1.845
15298 	 -1.499
15308 	 -1.536
15310 	 -1.556
15334 	 -1.848
15336 	 -1.998
15342 	 -1.995
15346 	 -1.943
15354 	 -2.129
15356 	 -2.214
15358 	 -2.211
15372 	 -1.831
15374 	 -1.636
15400 	 -1.059
15422 	 -0.804
15456 	 -0.672
15460 	 -0.387
15470 	 -0.383
15486 	 -0.288
15490 	 -0.201
15492 	 -0.13
15558 	 -0.098
15574 	 -0.04
15660 	 -0.034
15708 	 -0.028
15864 	 -0.027
15888 	 -0.024
15904 	 -0.016
15916 	 -0.01
16260 	 -0.009
16480 	 -0.008
18000 	 -2.128
18020 	 -2.245
18042 	 -2.757
18064 	 -2.891
18088 	 -2.353
18120 	 -1.825
18154 	 -2.664
18180 	 -2.4
18190 	 -2.991
18234 	 -3.922
18252 	 -3.906
18262 	 -3.625
18270 	 -2.979
18278 	 -2.937
18286 	 -2.843
18296 	 -3.748
18316 	 -3.778
18328 	 -4.144
18336 	 -3.91
18342 	 -3.966
18348 	 -3.572
18360 	 -3.131
18368 	 -2.672
18384 	 -2.693
18402 	 -2.004
18420 	 -1.053
18426 	 -0.921
18434 	 -0.744
18448 	 -0.234
18472 	 -0.189
18552 	 -0.02
18864 	 -0.008
19002 	 0
21000 	 -1.44
21001 	 -1.44
