0 	 0
3000 	 -1.376
3024 	 -1.496
3050 	 -1.88
3062 	 -2.472
3078 	 -3.176
3112 	 -3.62
3158 	 -3.808
3164 	 -3.728
3186 	 -2.828
3198 	 -2.688
3216 	 -1.912
3232 	 -1.736
3238 	 -1.364
3262 	 -0.608
3296 	 -0.264
3400 	 -0.024
3636 	 -0.008
3904 	 0
6000 	 -2.478
6020 	 -2.638
6042 	 -3.286
6064 	 -3.582
6088 	 -3.11
6120 	 -2.686
6138 	 -2.872
6154 	 -3.312
6180 	 -3.048
6190 	 -3.516
6198 	 -3.5
6234 	 -3.9
6284 	 -4.203
6296 	 -4.179
6346 	 -4.159
6360 	 -2.871
6374 	 -2.271
6376 	 -1.719
6424 	 -1.319
6444 	 -0.761
6504 	 -0.637
6506 	 -0.613
6552 	 -0.501
6634 	 -0.359
6704 	 -0.331
6710 	 -0.307
6726 	 -0.295
6728 	 -0.267
6782 	 -0.263
6894 	 -0.165
6990 	 -0.145
6994 	 -0.125
7002 	 -0.093
7272 	 -0.089
7278 	 -0.085
7290 	 -0.073
7324 	 -0.025
9000 	 -1.433
9024 	 -1.537
9050 	 -2.497
9078 	 -3.177
9112 	 -3.761
9158 	 -3.713
9162 	 -3.797
9174 	 -3.705
9186 	 -2.857
9216 	 -3.589
9232 	 -3.413
9238 	 -3.801
9262 	 -1.973
9268 	 -1.305
9298 	 -0.417
9304 	 -0.413
9306 	 -0.409
9334 	 -0.277
9400 	 -0.025
9660 	 -0.009
9904 	 -0.001
12000 	 -2.54
12002 	 -2.421
12004 	 -2.854
12006 	 -3.993
12008 	 -4.843
12010 	 -6.42
12012 	 -6.844
12016 	 -7.433
12018 	 -7.479
12020 	 -7.806
12028 	 -7.94
12030 	 -8.008
12032 	 -7.974
12034 	 -8.033
12040 	 -7.84
12042 	 -8.316
12054 	 -7.827
12062 	 -8.045
12064 	 -8.121
12072 	 -8.163
12074 	 -7.684
12086 	 -7.909
12088 	 -7.297
12090 	 -7.392
12100 	 -7.572
12102 	 -7.456
12120 	 -6.747
12132 	 -7.083
12140 	 -7.348
12148 	 -7.588
12152 	 -7.725
12154 	 -8.761
12156 	 -8.766
12164 	 -8.941
12176 	 -9.136
12178 	 -9.115
12180 	 -9.1
12182 	 -9.508
12186 	 -9.81
12188 	 -9.938
12190 	 -10.254
12200 	 -10.291
12206 	 -10.393
12212 	 -11.437
12222 	 -11.33
12226 	 -11.853
12228 	 -12.219
12234 	 -13.601
12236 	 -13.488
12252 	 -12.848
12260 	 -12.516
12262 	 -12.697
12266 	 -13.159
12270 	 -13.286
12272 	 -13.285
12274 	 -12.033
12282 	 -11.905
12290 	 -11.78
12296 	 -12.033
12300 	 -12.177
12304 	 -12.133
12308 	 -12.29
12310 	 -12.263
12324 	 -11.659
12328 	 -11.962
12332 	 -11.994
12338 	 -11.742
12340 	 -11.838
12344 	 -11.042
12350 	 -11.023
12352 	 -10.977
12354 	 -10.965
12356 	 -11.045
12358 	 -10.396
12360 	 -9.461
12366 	 -9.486
12368 	 -9.386
12382 	 -9.374
12386 	 -9.211
12394 	 -9.191
12398 	 -9.186
12400 	 -9.074
12402 	 -8.973
12404 	 -8.701
12408 	 -8.735
12412 	 -8.471
12420 	 -8.365
12426 	 -8.341
12430 	 -8.274
12432 	 -8.185
12436 	 -8.643
12448 	 -8.603
12452 	 -8.5
12456 	 -8.509
12460 	 -8.414
12464 	 -8.365
12466 	 -8.726
12472 	 -8.625
12476 	 -8.823
12480 	 -8.657
12484 	 -8.629
12488 	 -8.293
12492 	 -8.265
12494 	 -8.216
12498 	 -8.414
12502 	 -8.395
12508 	 -8.386
12516 	 -8.262
12520 	 -8.232
12536 	 -8.327
12546 	 -8.321
12548 	 -8.479
12552 	 -8.359
12554 	 -8.482
12562 	 -8.514
12568 	 -8.408
12570 	 -8.594
12574 	 -9.25
12578 	 -9.223
12590 	 -9.182
12592 	 -8.991
12600 	 -8.771
12604 	 -8.756
12614 	 -8.613
12618 	 -8.551
12630 	 -8.85
12636 	 -8.847
12638 	 -8.843
12640 	 -8.749
12644 	 -8.733
12656 	 -8.674
12660 	 -8.539
12662 	 -8.459
12666 	 -8.465
12668 	 -8.501
12670 	 -8.613
12682 	 -8.704
12688 	 -8.697
12692 	 -8.811
12708 	 -8.801
12710 	 -8.797
12712 	 -7.741
12716 	 -7.738
12732 	 -7.764
12736 	 -7.721
12740 	 -7.711
12748 	 -7.694
12754 	 -7.627
12758 	 -7.625
12768 	 -7.778
12770 	 -7.715
12772 	 -7.688
12780 	 -7.633
12788 	 -7.624
12790 	 -7.454
12794 	 -7.806
12796 	 -7.781
12802 	 -8.164
12804 	 -8.271
12806 	 -8.226
12812 	 -8.527
12814 	 -9.022
12824 	 -9.02
12828 	 -8.963
12852 	 -8.61
12856 	 -8.552
12860 	 -8.503
12862 	 -8.974
12870 	 -8.858
12872 	 -8.553
12874 	 -7.953
12880 	 -8.157
12886 	 -8.152
12888 	 -8.044
12900 	 -7.967
12908 	 -6.931
12916 	 -6.851
12920 	 -6.761
12928 	 -6.613
12930 	 -6.367
12932 	 -6.436
12942 	 -6.348
12946 	 -6.344
12948 	 -6.433
12954 	 -6.364
12964 	 -6.189
12970 	 -5.767
12972 	 -5.588
12982 	 -5.507
12984 	 -5.169
12986 	 -5.14
12994 	 -5.146
12996 	 -5.171
13004 	 -5.097
13006 	 -5.107
13008 	 -5.093
13010 	 -5.108
13012 	 -5.053
13014 	 -4.992
13016 	 -4.976
13028 	 -4.935
13030 	 -5.096
13032 	 -5.095
13042 	 -5.502
13044 	 -5.909
13048 	 -5.766
13052 	 -5.73
13056 	 -5.673
13058 	 -5.742
13060 	 -5.711
13062 	 -5.71
13068 	 -5.677
13070 	 -5.553
13074 	 -5.514
13080 	 -5.448
13082 	 -5.44
13090 	 -5.372
13094 	 -5.286
13096 	 -5.149
13102 	 -5.144
13108 	 -5.067
13114 	 -4.86
13116 	 -4.908
13120 	 -4.953
13126 	 -4.952
13128 	 -4.947
13136 	 -4.965
13142 	 -4.725
13148 	 -4.731
13150 	 -4.665
13154 	 -4.514
13168 	 -4.444
13170 	 -4.134
13174 	 -4.123
13178 	 -4.022
13202 	 -3.749
13206 	 -3.883
13218 	 -3.754
13220 	 -3.745
13234 	 -3.743
13240 	 -3.831
13246 	 -3.762
13248 	 -3.527
13250 	 -3.426
13254 	 -3.326
13258 	 -3.324
13262 	 -3.298
13268 	 -3.293
13270 	 -3.283
13278 	 -3.417
13290 	 -3.381
13292 	 -3.509
13328 	 -3.475
13338 	 -3.436
13360 	 -3.496
13362 	 -3.415
13366 	 -3.581
13372 	 -3.569
13382 	 -3.612
13384 	 -3.501
13388 	 -3.461
13398 	 -3.403
13400 	 -3.405
13406 	 -3.257
13416 	 -3.345
13418 	 -3.185
13434 	 -3.069
13444 	 -2.936
13454 	 -2.932
13470 	 -2.895
13474 	 -2.87
13484 	 -2.976
13488 	 -2.91
13508 	 -2.909
13514 	 -2.9
13536 	 -2.883
13542 	 -2.879
13550 	 -2.855
13578 	 -2.85
13604 	 -2.728
13620 	 -2.716
13626 	 -2.698
13648 	 -1.713
13650 	 -1.712
13662 	 -1.704
13666 	 -1.657
13686 	 -1.65
13696 	 -1.611
13698 	 -1.567
13702 	 -1.74
13708 	 -1.732
13726 	 -1.731
13744 	 -1.636
13746 	 -1.695
13758 	 -1.69
13760 	 -1.67
13766 	 -1.666
13768 	 -1.664
13788 	 -1.66
13804 	 -1.407
13820 	 -1.401
13838 	 -1.722
13876 	 -1.844
13878 	 -1.744
13882 	 -1.741
13900 	 -1.733
13902 	 -1.68
13912 	 -1.674
13918 	 -1.531
13940 	 -1.559
13942 	 -1.521
13950 	 -1.644
13976 	 -1.668
13994 	 -1.602
13998 	 -1.573
14012 	 -1.562
14018 	 -1.511
14026 	 -1.527
14048 	 -1.475
14058 	 -1.458
14060 	 -1.531
14068 	 -1.556
14074 	 -1.555
14092 	 -1.551
14106 	 -1.427
14120 	 -1.426
14128 	 -1.397
14130 	 -1.527
14136 	 -1.4
14170 	 -1.233
14172 	 -1.207
14184 	 -1.279
14194 	 -1.278
14212 	 -1.225
14224 	 -1.209
14226 	 -1.202
14248 	 -1.22
14258 	 -1.276
14262 	 -1.405
14296 	 -1.385
14306 	 -1.354
14314 	 -1.296
14318 	 -1.294
14326 	 -1.293
14346 	 -1.462
14348 	 -1.605
14374 	 -1.678
14378 	 -1.638
14380 	 -1.644
14382 	 -1.688
14420 	 -1.11
14434 	 -1.042
14448 	 -0.995
14450 	 -0.926
14466 	 -0.878
14472 	 -0.819
14474 	 -0.776
14476 	 -0.766
14482 	 -0.735
14490 	 -0.715
14494 	 -0.677
14510 	 -0.652
14520 	 -0.635
14530 	 -0.626
14538 	 -0.592
14572 	 -0.785
14590 	 -0.76
14614 	 -0.525
14616 	 -0.506
14632 	 -0.527
14650 	 -0.42
14666 	 -0.354
14688 	 -0.297
14698 	 -0.284
14704 	 -0.26
14706 	 -0.257
14708 	 -0.238
14716 	 -0.204
14726 	 -0.181
14750 	 -0.174
14822 	 -0.162
14908 	 -0.158
15000 	 -1.416
15024 	 -1.555
15050 	 -2.193
15078 	 -2.642
15112 	 -2.891
15158 	 -2.929
15162 	 -2.973
15174 	 -2.927
15186 	 -2.6
15216 	 -2.717
15222 	 -2.716
15232 	 -2.54
15238 	 -2.663
15252 	 -2.661
15254 	 -2.659
15262 	 -2.172
15266 	 -2.121
15276 	 -1.817
15300 	 -1.469
15308 	 -1.488
15310 	 -1.529
15334 	 -1.673
15336 	 -1.971
15342 	 -1.968
15350 	 -1.946
15354 	 -2.046
15356 	 -2.216
15372 	 -2.035
15374 	 -1.655
15400 	 -1.067
15422 	 -0.821
15456 	 -0.559
15460 	 -0.42
15470 	 -0.415
15486 	 -0.223
15490 	 -0.136
15558 	 -0.066
15574 	 -0.037
15658 	 -0.03
15736 	 -0.028
15864 	 -0.02
15888 	 -0.019
15904 	 -0.011
15906 	 -0.01
15916 	 -0.007
18000 	 -2.128
18020 	 -2.245
18042 	 -2.757
18064 	 -2.891
18088 	 -2.353
18120 	 -1.825
18154 	 -2.664
18180 	 -2.4
18190 	 -2.991
18234 	 -3.922
18252 	 -3.906
18262 	 -3.626
18270 	 -2.98
18278 	 -2.938
18286 	 -2.844
18296 	 -3.748
18316 	 -3.778
18328 	 -4.144
18336 	 -3.91
18342 	 -3.966
18348 	 -3.572
18360 	 -3.131
18368 	 -2.672
18384 	 -2.693
18402 	 -2.004
18420 	 -1.053
18426 	 -0.921
18434 	 -0.744
18448 	 -0.234
18472 	 -0.189
18552 	 -0.02
18864 	 -0.008
19002 	 0
21000 	 -1.44
21001 	 -1.44
