0 	 0
3000 	 -1.376
3024 	 -1.496
3050 	 -1.88
3062 	 -2.472
3078 	 -3.176
3112 	 -3.62
3158 	 -3.808
3164 	 -3.728
3186 	 -2.828
3198 	 -2.688
3216 	 -1.912
3232 	 -1.736
3238 	 -1.364
3262 	 -0.608
3296 	 -0.264
3400 	 -0.024
3636 	 -0.008
3904 	 0
6000 	 -2.478
6020 	 -2.638
6042 	 -3.286
6064 	 -3.582
6088 	 -3.11
6120 	 -2.686
6138 	 -2.872
6154 	 -3.312
6180 	 -3.048
6190 	 -3.516
6198 	 -3.5
6234 	 -3.9
6284 	 -4.203
6296 	 -4.179
6346 	 -4.159
6360 	 -2.871
6374 	 -2.271
6376 	 -1.719
6424 	 -1.319
6444 	 -0.761
6504 	 -0.637
6506 	 -0.613
6552 	 -0.501
6634 	 -0.359
6704 	 -0.331
6710 	 -0.307
6726 	 -0.295
6728 	 -0.267
6782 	 -0.263
6894 	 -0.165
6990 	 -0.145
6994 	 -0.125
7002 	 -0.093
7272 	 -0.089
7278 	 -0.085
7290 	 -0.073
7324 	 -0.025
9000 	 -1.433
9024 	 -1.537
9050 	 -2.497
9078 	 -3.177
9112 	 -3.761
9158 	 -3.713
9162 	 -3.797
9174 	 -3.705
9186 	 -2.857
9216 	 -3.589
9232 	 -3.413
9238 	 -3.801
9262 	 -1.973
9268 	 -1.305
9298 	 -0.417
9304 	 -0.413
9306 	 -0.409
9334 	 -0.277
9400 	 -0.025
9660 	 -0.009
9904 	 -0.001
12000 	 -2.54
12002 	 -2.421
12004 	 -2.541
12006 	 -2.454
12008 	 -3.693
12010 	 -4.125
12012 	 -4.766
12018 	 -4.812
12020 	 -5.261
12032 	 -5.227
12034 	 -5.279
12040 	 -5.483
12042 	 -5.959
12062 	 -6.151
12064 	 -6.227
12070 	 -6.602
12086 	 -6.867
12088 	 -6.255
12090 	 -6.297
12100 	 -6.236
12120 	 -5.702
12130 	 -5.516
12132 	 -5.79
12154 	 -6.958
12156 	 -7.008
12160 	 -7.366
12166 	 -7.323
12176 	 -7.275
12178 	 -7.538
12180 	 -7.257
12184 	 -7.211
12186 	 -7.223
12188 	 -7.23
12190 	 -7.546
12198 	 -7.524
12200 	 -7.442
12204 	 -7.406
12210 	 -7.429
12212 	 -8.473
12222 	 -8.366
12228 	 -8.61
12230 	 -8.659
12234 	 -10.007
12236 	 -9.598
12246 	 -9.874
12250 	 -9.846
12252 	 -9.13
12254 	 -8.928
12256 	 -8.803
12260 	 -8.785
12262 	 -8.862
12264 	 -8.832
12266 	 -8.717
12272 	 -8.716
12274 	 -7.464
12276 	 -7.231
12278 	 -7.299
12282 	 -7.113
12284 	 -7.221
12288 	 -7.137
12290 	 -6.865
12296 	 -7.105
12302 	 -7.073
12304 	 -7.029
12308 	 -7.014
12310 	 -6.947
12314 	 -6.962
12320 	 -6.964
12324 	 -6.36
12326 	 -6.314
12328 	 -6.437
12330 	 -6.427
12332 	 -6.459
12334 	 -6.464
12338 	 -5.956
12344 	 -5.16
12350 	 -5.208
12354 	 -5.196
12358 	 -5.27
12360 	 -4.318
12362 	 -4.286
12368 	 -4.382
12376 	 -4.259
12380 	 -4.201
12382 	 -4.193
12386 	 -4.081
12392 	 -4.27
12404 	 -3.661
12406 	 -3.735
12412 	 -3.772
12418 	 -3.688
12432 	 -3.554
12438 	 -2.939
12456 	 -2.716
12464 	 -2.611
12496 	 -2.575
12498 	 -2.624
12500 	 -2.647
12502 	 -2.628
12508 	 -2.649
12510 	 -2.568
12516 	 -2.518
12522 	 -2.603
12526 	 -3.117
12528 	 -3.11
12544 	 -3.082
12548 	 -3.034
12550 	 -3.159
12552 	 -3.039
12568 	 -3.081
12576 	 -3.39
12586 	 -3.156
12590 	 -3.126
12598 	 -3.014
12604 	 -3.176
12610 	 -3.353
12614 	 -3.31
12622 	 -3.077
12624 	 -3.064
12632 	 -2.735
12634 	 -2.723
12640 	 -2.675
12672 	 -2.553
12692 	 -2.599
12696 	 -2.733
12698 	 -2.817
12700 	 -2.79
12702 	 -2.681
12704 	 -2.524
12714 	 -2.346
12716 	 -2.374
12726 	 -2.492
12740 	 -2.482
12744 	 -2.658
12746 	 -2.588
12752 	 -2.639
12754 	 -2.636
12762 	 -2.611
12766 	 -2.587
12776 	 -2.577
12784 	 -2.644
12786 	 -2.544
12788 	 -2.949
12790 	 -2.941
12792 	 -3.375
12800 	 -3.924
12802 	 -3.887
12804 	 -3.721
12806 	 -3.918
12814 	 -3.891
12816 	 -4.227
12818 	 -4.063
12840 	 -4.189
12842 	 -4.1
12846 	 -4.097
12848 	 -4.024
12852 	 -4.065
12858 	 -4.478
12860 	 -4.171
12864 	 -4.193
12868 	 -4.547
12870 	 -4.575
12872 	 -4.449
12874 	 -4.422
12876 	 -4.41
12878 	 -4.464
12886 	 -4.447
12896 	 -4.447
12898 	 -4.74
12902 	 -4.453
12910 	 -4.377
12912 	 -4.342
12916 	 -4.306
12930 	 -4.315
12932 	 -3.679
12942 	 -3.605
12950 	 -3.702
12952 	 -3.62
12956 	 -4.1
12966 	 -4.089
12970 	 -4
12972 	 -3.728
12980 	 -3.451
12982 	 -3.421
12986 	 -3.385
12988 	 -3.451
12990 	 -3.445
12992 	 -3.447
12996 	 -3.454
13006 	 -3.515
13008 	 -3.564
13018 	 -3.595
13022 	 -3.74
13038 	 -4.088
13042 	 -4.144
13044 	 -4.219
13054 	 -4.342
13058 	 -4.21
13062 	 -4.434
13064 	 -4.478
13070 	 -4.44
13074 	 -4.41
13080 	 -4.363
13082 	 -4.532
13086 	 -4.408
13090 	 -4.629
13096 	 -4.585
13102 	 -4.651
13112 	 -4.643
13114 	 -4.711
13116 	 -4.751
13126 	 -4.602
13128 	 -4.469
13134 	 -4.502
13138 	 -4.498
13142 	 -4.475
13144 	 -4.425
13148 	 -4.501
13152 	 -4.387
13158 	 -4.381
13160 	 -4.133
13164 	 -3.833
13170 	 -3.815
13182 	 -3.794
13186 	 -3.701
13192 	 -3.552
13194 	 -3.65
13198 	 -3.556
13212 	 -3.533
13214 	 -3.569
13220 	 -3.46
13224 	 -3.512
13232 	 -3.453
13242 	 -3.57
13244 	 -3.7
13250 	 -3.672
13258 	 -3.67
13260 	 -3.411
13262 	 -3.423
13264 	 -3.403
13268 	 -3.652
13282 	 -3.635
13286 	 -3.741
13288 	 -3.74
13290 	 -3.698
13308 	 -3.674
13314 	 -3.663
13320 	 -3.721
13328 	 -3.792
13332 	 -3.787
13354 	 -3.839
13360 	 -3.95
13368 	 -3.758
13374 	 -3.742
13378 	 -3.782
13380 	 -3.816
13386 	 -3.766
13390 	 -3.764
13392 	 -3.648
13394 	 -3.61
13398 	 -3.342
13406 	 -3.272
13408 	 -3.246
13410 	 -3.001
13422 	 -2.986
13426 	 -2.764
13430 	 -2.659
13432 	 -2.517
13434 	 -2.412
13438 	 -2.446
13448 	 -2.413
13454 	 -2.412
13456 	 -2.394
13472 	 -2.416
13478 	 -2.401
13484 	 -2.386
13486 	 -2.287
13488 	 -2.259
13490 	 -2.224
13494 	 -2.241
13502 	 -2.217
13504 	 -2.311
13512 	 -2.361
13518 	 -2.354
13520 	 -2.332
13522 	 -2.34
13524 	 -2.277
13554 	 -2.237
13564 	 -2.251
13572 	 -2.342
13574 	 -2.347
13580 	 -2.266
13586 	 -2.351
13618 	 -2.34
13620 	 -2.337
13622 	 -2.079
13626 	 -2.074
13630 	 -2.131
13634 	 -2.071
13640 	 -2.043
13658 	 -1.975
13662 	 -1.954
13674 	 -1.776
13678 	 -1.745
13684 	 -1.728
13686 	 -1.678
13688 	 -1.496
13692 	 -1.442
13706 	 -1.434
13708 	 -1.433
13710 	 -1.428
13712 	 -1.345
13718 	 -1.267
13726 	 -1.266
13728 	 -1.225
13754 	 -1.216
13758 	 -0.88
13768 	 -0.875
13780 	 -0.822
13784 	 -0.821
13790 	 -0.807
13814 	 -0.769
13816 	 -0.713
13818 	 -0.65
13826 	 -0.638
13832 	 -0.633
13840 	 -0.627
13880 	 -0.618
13884 	 -0.612
13908 	 -0.649
13948 	 -0.648
13964 	 -0.635
13972 	 -0.606
13978 	 -0.587
13982 	 -0.583
13984 	 -0.652
14014 	 -0.651
14024 	 -0.409
14042 	 -0.397
14044 	 -0.392
14070 	 -0.228
14086 	 -0.227
14092 	 -0.184
14104 	 -0.182
14108 	 -0.181
14110 	 -0.157
14130 	 -0.134
14142 	 -0.132
14146 	 -0.129
14150 	 -0.127
14154 	 -0.09
14158 	 -0.089
14184 	 -0.084
14192 	 -0.07
14220 	 -0.063
14226 	 -0.057
14274 	 -0.054
14280 	 -0.053
14410 	 -0.052
14434 	 -0.048
14450 	 -0.04
15000 	 -1.384
15024 	 -1.524
15050 	 -2.306
15078 	 -2.884
15112 	 -3.319
15158 	 -3.274
15162 	 -3.335
15174 	 -3.264
15186 	 -2.515
15216 	 -3.126
15232 	 -2.95
15238 	 -3.142
15262 	 -1.899
15268 	 -1.641
15282 	 -1.245
15298 	 -0.725
15310 	 -0.746
15336 	 -0.895
15346 	 -0.817
15356 	 -0.902
15374 	 -0.712
15400 	 -0.366
15422 	 -0.286
15456 	 -0.155
15486 	 -0.06
15558 	 -0.025
15660 	 -0.016
15864 	 -0.012
15904 	 -0.004
18000 	 -2.128
18020 	 -2.236
18042 	 -2.716
18064 	 -2.813
18088 	 -2.218
18120 	 -1.597
18154 	 -2.616
18180 	 -2.352
18190 	 -2.87
18234 	 -4.036
18252 	 -4.012
18262 	 -3.919
18270 	 -2.95
18278 	 -2.887
18286 	 -2.746
18296 	 -2.923
18316 	 -2.968
18328 	 -3.09
18336 	 -2.739
18342 	 -2.718
18348 	 -2.127
18360 	 -1.303
18368 	 -1.15
18384 	 -1.157
18402 	 -0.75
18420 	 -0.433
18426 	 -0.389
18434 	 -0.33
18448 	 -0.16
18472 	 -0.145
18552 	 -0.016
18864 	 -0.012
19002 	 0
21000 	 -1.44
21001 	 -1.44
