0 	 0
3000 	 -1.376
3024 	 -1.496
3050 	 -1.88
3062 	 -2.472
3078 	 -3.176
3112 	 -3.62
3158 	 -3.808
3164 	 -3.728
3186 	 -2.828
3198 	 -2.688
3216 	 -1.912
3232 	 -1.736
3238 	 -1.364
3262 	 -0.608
3296 	 -0.264
3400 	 -0.024
3636 	 -0.008
3904 	 0
6000 	 -2.478
6020 	 -2.638
6042 	 -3.286
6064 	 -3.582
6088 	 -3.11
6120 	 -2.686
6138 	 -2.872
6154 	 -3.312
6180 	 -3.048
6190 	 -3.516
6198 	 -3.5
6234 	 -3.9
6284 	 -4.203
6296 	 -4.179
6346 	 -4.159
6360 	 -2.871
6374 	 -2.271
6376 	 -1.719
6424 	 -1.319
6444 	 -0.761
6504 	 -0.637
6506 	 -0.613
6552 	 -0.501
6634 	 -0.359
6704 	 -0.331
6710 	 -0.307
6726 	 -0.295
6728 	 -0.267
6782 	 -0.263
6894 	 -0.165
6990 	 -0.145
6994 	 -0.125
7002 	 -0.093
7272 	 -0.089
7278 	 -0.085
7290 	 -0.073
7324 	 -0.025
9000 	 -1.433
9024 	 -1.537
9050 	 -2.497
9078 	 -3.177
9112 	 -3.761
9158 	 -3.713
9162 	 -3.797
9174 	 -3.705
9186 	 -2.857
9216 	 -3.589
9232 	 -3.413
9238 	 -3.801
9262 	 -1.973
9268 	 -1.305
9298 	 -0.417
9304 	 -0.413
9306 	 -0.409
9334 	 -0.277
9400 	 -0.025
9660 	 -0.009
9904 	 -0.001
12000 	 -2.554
12002 	 -2.49
12004 	 -2.97
12006 	 -3.094
12008 	 -4.016
12012 	 -4.433
12016 	 -4.301
12020 	 -4.637
12032 	 -4.444
12040 	 -4.55
12042 	 -5.026
12048 	 -4.791
12064 	 -4.891
12070 	 -4.871
12086 	 -5.136
12088 	 -4.524
12100 	 -4.507
12102 	 -4.382
12120 	 -3.854
12130 	 -3.648
12132 	 -3.968
12154 	 -5.136
12160 	 -5.494
12162 	 -5.467
12178 	 -5.545
12180 	 -5.298
12190 	 -5.614
12198 	 -5.562
12200 	 -5.688
12212 	 -6.732
12230 	 -6.947
12234 	 -8.295
12236 	 -7.87
12246 	 -8.166
12252 	 -7.45
12254 	 -7.349
12256 	 -7.332
12260 	 -7.314
12272 	 -7.313
12274 	 -6.061
12276 	 -5.9
12282 	 -5.743
12290 	 -5.471
12296 	 -5.711
12304 	 -5.667
12310 	 -6.067
12314 	 -6.02
12324 	 -5.416
12328 	 -5.545
12332 	 -5.577
12334 	 -5.739
12338 	 -5.487
12344 	 -4.691
12350 	 -4.682
12352 	 -5.023
12354 	 -5.011
12358 	 -4.944
12360 	 -3.992
12376 	 -3.891
12380 	 -3.963
12382 	 -4.157
12386 	 -4.085
12392 	 -4.043
12404 	 -3.693
12406 	 -3.856
12408 	 -3.843
12412 	 -3.924
12438 	 -3.561
12464 	 -3.512
12466 	 -3.709
12472 	 -3.63
12496 	 -3.698
12500 	 -3.653
12502 	 -3.663
12508 	 -3.414
12516 	 -3.364
12520 	 -3.845
12526 	 -3.869
12538 	 -3.842
12544 	 -4.101
12550 	 -3.809
12552 	 -3.689
12554 	 -3.803
12576 	 -3.799
12580 	 -3.892
12582 	 -3.982
12590 	 -3.952
12600 	 -4.249
12604 	 -4.244
12606 	 -4.185
12608 	 -3.308
12614 	 -3.558
12618 	 -3.513
12624 	 -3.5
12628 	 -3.766
12632 	 -3.866
12640 	 -3.728
12648 	 -3.695
12650 	 -3.664
12656 	 -3.606
12660 	 -3.567
12670 	 -3.338
12672 	 -3.319
12676 	 -3.31
12682 	 -3.158
12700 	 -3.193
12706 	 -3.457
12710 	 -3.304
12714 	 -3.154
12726 	 -3.131
12732 	 -3.094
12738 	 -3.108
12742 	 -3.104
12760 	 -3.276
12766 	 -3.637
12770 	 -3.711
12776 	 -3.701
12786 	 -3.704
12802 	 -3.535
12804 	 -3.381
12808 	 -3.275
12810 	 -3.253
12820 	 -3.232
12824 	 -3.457
12836 	 -3.385
12838 	 -3.471
12844 	 -3.637
12862 	 -3.995
12874 	 -3.981
12878 	 -4.256
12892 	 -4.454
12894 	 -4.567
12896 	 -4.824
12900 	 -4.751
12904 	 -5.353
12906 	 -5.339
12910 	 -5.435
12916 	 -5.619
12918 	 -5.612
12922 	 -5.96
12930 	 -5.923
12932 	 -6.015
12942 	 -6.012
12948 	 -5.919
12950 	 -5.667
12952 	 -5.583
12954 	 -5.949
12958 	 -6.002
12964 	 -6.337
12968 	 -6.126
12970 	 -6.121
12972 	 -6.635
12980 	 -6.404
12984 	 -6.612
12990 	 -6.609
12994 	 -6.652
12996 	 -6.636
13004 	 -6.352
13006 	 -6.512
13008 	 -6.464
13010 	 -6.21
13012 	 -6.325
13022 	 -6.398
13032 	 -6.17
13034 	 -6.092
13042 	 -6.034
13046 	 -6.014
13052 	 -5.456
13054 	 -5.455
13056 	 -5.654
13060 	 -5.598
13066 	 -5.647
13068 	 -5.381
13070 	 -5.233
13072 	 -4.946
13076 	 -5.009
13080 	 -4.995
13082 	 -4.974
13084 	 -4.853
13088 	 -4.836
13090 	 -4.536
13094 	 -4.534
13096 	 -4.533
13104 	 -4.495
13106 	 -4.406
13108 	 -4.285
13116 	 -4.35
13118 	 -4.259
13128 	 -4.32
13132 	 -4.35
13134 	 -4.349
13136 	 -4.086
13140 	 -3.957
13144 	 -4.036
13146 	 -3.908
13152 	 -3.892
13154 	 -3.905
13156 	 -3.873
13158 	 -3.962
13162 	 -3.841
13168 	 -3.864
13172 	 -3.807
13174 	 -3.623
13176 	 -3.673
13182 	 -3.672
13190 	 -3.643
13192 	 -3.612
13196 	 -3.656
13206 	 -3.702
13214 	 -2.787
13220 	 -2.866
13226 	 -2.688
13232 	 -2.85
13238 	 -2.742
13246 	 -2.831
13250 	 -2.828
13256 	 -2.87
13258 	 -2.868
13262 	 -2.835
13272 	 -2.529
13282 	 -2.487
13296 	 -2.395
13298 	 -2.426
13300 	 -2.549
13306 	 -2.469
13316 	 -2.512
13320 	 -2.428
13340 	 -2.421
13342 	 -2.319
13354 	 -2.304
13360 	 -2.301
13370 	 -2.286
13378 	 -2.284
13382 	 -2.363
13388 	 -2.345
13408 	 -1.742
13422 	 -1.823
13426 	 -1.8
13432 	 -1.8
13436 	 -1.798
13454 	 -1.797
13456 	 -1.794
13460 	 -1.914
13462 	 -1.774
13470 	 -1.746
13482 	 -1.648
13492 	 -1.567
13500 	 -1.545
13506 	 -1.526
13510 	 -1.479
13518 	 -1.348
13524 	 -1.32
13530 	 -1.258
13540 	 -1.032
13568 	 -0.933
13580 	 -0.92
13584 	 -0.879
13586 	 -0.669
13604 	 -0.621
13606 	 -0.588
13622 	 -0.577
13624 	 -0.506
13630 	 -0.501
13652 	 -0.491
13654 	 -0.432
13678 	 -0.418
13682 	 -0.4
13688 	 -0.383
13690 	 -0.355
13692 	 -0.35
13720 	 -0.344
13722 	 -0.342
13726 	 -0.341
13728 	 -0.247
13742 	 -0.218
13786 	 -0.208
13806 	 -0.2
13824 	 -0.114
13846 	 -0.113
13900 	 -0.109
13936 	 -0.108
13950 	 -0.107
13960 	 -0.103
13968 	 -0.078
13978 	 -0.063
14036 	 -0.06
14040 	 -0.057
14118 	 -0.054
14158 	 -0.053
14194 	 -0.052
14212 	 -0.043
14216 	 -0.036
14222 	 -0.034
14292 	 -0.032
15000 	 -1.389
15024 	 -1.54
15050 	 -2.302
15078 	 -2.889
15112 	 -3.332
15158 	 -3.359
15162 	 -3.421
15174 	 -3.349
15186 	 -2.686
15216 	 -3.29
15232 	 -3.114
15238 	 -3.306
15262 	 -2.313
15268 	 -2.055
15282 	 -1.658
15298 	 -1.137
15310 	 -1.178
15336 	 -1.476
15346 	 -1.398
15356 	 -1.568
15374 	 -1.188
15400 	 -0.715
15422 	 -0.555
15456 	 -0.293
15486 	 -0.103
15504 	 -0.101
15558 	 -0.031
15660 	 -0.022
15800 	 -0.021
15864 	 -0.013
15904 	 -0.005
18000 	 -2.128
18020 	 -2.245
18042 	 -2.757
18064 	 -2.894
18088 	 -2.339
18120 	 -1.764
18154 	 -2.864
18180 	 -2.6
18190 	 -3.253
18234 	 -4.518
18252 	 -4.494
18262 	 -4.308
18270 	 -3.339
18278 	 -3.276
18286 	 -3.135
18296 	 -3.669
18316 	 -3.714
18328 	 -3.958
18336 	 -3.607
18342 	 -3.616
18348 	 -3.025
18360 	 -2.268
18368 	 -1.962
18384 	 -1.976
18402 	 -1.39
18420 	 -0.756
18426 	 -0.668
18434 	 -0.55
18448 	 -0.21
18472 	 -0.18
18552 	 -0.02
18864 	 -0.012
19002 	 0
21000 	 -1.44
21001 	 -1.44
