0 	 0
3000 	 -1.376
3024 	 -1.496
3050 	 -1.88
3062 	 -2.472
3078 	 -3.176
3112 	 -3.62
3158 	 -3.808
3164 	 -3.728
3186 	 -2.828
3198 	 -2.688
3216 	 -1.912
3232 	 -1.736
3238 	 -1.364
3262 	 -0.608
3296 	 -0.264
3400 	 -0.024
3636 	 -0.008
3904 	 0
6000 	 -2.478
6020 	 -2.638
6042 	 -3.286
6064 	 -3.582
6088 	 -3.11
6120 	 -2.686
6138 	 -2.872
6154 	 -3.312
6180 	 -3.048
6190 	 -3.516
6198 	 -3.5
6234 	 -3.9
6284 	 -4.203
6296 	 -4.179
6346 	 -4.159
6360 	 -2.871
6374 	 -2.271
6376 	 -1.719
6424 	 -1.319
6444 	 -0.761
6504 	 -0.637
6506 	 -0.613
6552 	 -0.501
6634 	 -0.359
6704 	 -0.331
6710 	 -0.307
6726 	 -0.295
6728 	 -0.267
6782 	 -0.263
6894 	 -0.165
6990 	 -0.145
6994 	 -0.125
7002 	 -0.093
7272 	 -0.089
7278 	 -0.085
7290 	 -0.073
7324 	 -0.025
9000 	 -1.433
9024 	 -1.537
9050 	 -2.497
9078 	 -3.177
9112 	 -3.761
9158 	 -3.713
9162 	 -3.797
9174 	 -3.705
9186 	 -2.857
9216 	 -3.589
9232 	 -3.413
9238 	 -3.801
9262 	 -1.973
9268 	 -1.305
9298 	 -0.417
9304 	 -0.413
9306 	 -0.409
9334 	 -0.277
9400 	 -0.025
9660 	 -0.009
9904 	 -0.001
12000 	 -2.54
12002 	 -2.421
12004 	 -2.541
12006 	 -2.454
12008 	 -3.687
12010 	 -4.119
12012 	 -4.764
12018 	 -4.81
12020 	 -5.265
12032 	 -5.231
12034 	 -5.283
12040 	 -5.557
12042 	 -6.033
12062 	 -6.225
12064 	 -6.301
12070 	 -6.851
12088 	 -6.239
12090 	 -6.281
12100 	 -6.141
12114 	 -6.282
12120 	 -5.755
12130 	 -5.581
12154 	 -6.617
12156 	 -6.668
12166 	 -6.625
12176 	 -6.577
12178 	 -6.587
12180 	 -6.323
12184 	 -6.129
12188 	 -6.136
12190 	 -6.452
12192 	 -6.395
12200 	 -6.003
12210 	 -6.163
12212 	 -7.207
12222 	 -7.1
12226 	 -7.176
12228 	 -7.304
12230 	 -7.09
12234 	 -8.502
12236 	 -8.434
12248 	 -8.471
12250 	 -8.373
12252 	 -7.722
12254 	 -7.419
12256 	 -7.335
12264 	 -7.212
12266 	 -7.097
12274 	 -5.568
12276 	 -5.574
12278 	 -5.502
12282 	 -5.046
12284 	 -5.09
12288 	 -5.006
12290 	 -4.734
12296 	 -4.974
12302 	 -5.022
12304 	 -4.739
12308 	 -4.724
12310 	 -4.588
12320 	 -4.592
12324 	 -3.988
12328 	 -4.001
12330 	 -3.929
12332 	 -3.961
12338 	 -3.61
12344 	 -2.814
12358 	 -2.761
12360 	 -1.809
12362 	 -1.868
12376 	 -1.846
12382 	 -1.838
12400 	 -2.02
12404 	 -1.748
12432 	 -1.757
12438 	 -1.496
12456 	 -1.184
12510 	 -1.181
12532 	 -1.172
12548 	 -1.265
12550 	 -1.408
12552 	 -1.288
12558 	 -1.223
12572 	 -1.496
12574 	 -1.466
12586 	 -1.403
12588 	 -1.574
12598 	 -1.528
12608 	 -1.865
12626 	 -1.882
12672 	 -2.669
12678 	 -2.77
12692 	 -2.973
12698 	 -3.166
12708 	 -3.147
12724 	 -2.947
12732 	 -2.763
12736 	 -2.64
12738 	 -2.664
12760 	 -2.464
12767 	 -2.582
12774 	 -2.784
12778 	 -2.53
12790 	 -2.522
12794 	 -2.388
12796 	 -2.46
12800 	 -2.516
12814 	 -2.514
12826 	 -2.672
12840 	 -2.62
12856 	 -2.616
12858 	 -2.59
12864 	 -2.629
12872 	 -2.244
12878 	 -2.329
12882 	 -2.317
12890 	 -2.349
12898 	 -2.336
12900 	 -2.444
12902 	 -2.544
12906 	 -2.715
12914 	 -2.818
12926 	 -2.82
12938 	 -2.825
12944 	 -3.569
12946 	 -3.317
12948 	 -3.933
12952 	 -3.859
12960 	 -4.657
12970 	 -4.736
12990 	 -4.727
12992 	 -4.674
12996 	 -4.394
13002 	 -4.375
13008 	 -4.687
13012 	 -4.472
13014 	 -4.5
13016 	 -4.586
13020 	 -4.565
13022 	 -4.575
13032 	 -4.557
13034 	 -4.499
13040 	 -4.325
13046 	 -4.317
13048 	 -4.259
13050 	 -4.255
13052 	 -4.237
13062 	 -3.982
13064 	 -3.958
13068 	 -3.938
13070 	 -4.021
13072 	 -3.912
13074 	 -3.541
13078 	 -3.52
13082 	 -3.412
13094 	 -3.387
13098 	 -3.246
13100 	 -3.163
13102 	 -3.246
13104 	 -3.427
13118 	 -3.394
13126 	 -3.198
13130 	 -3.194
13134 	 -3.192
13136 	 -3.106
13138 	 -3.102
13140 	 -2.992
13146 	 -2.864
13150 	 -2.769
13158 	 -2.764
13162 	 -2.885
13166 	 -2.79
13168 	 -2.748
13172 	 -2.718
13180 	 -2.682
13186 	 -3.072
13196 	 -3.36
13198 	 -3.445
13200 	 -3.433
13206 	 -3.77
13208 	 -3.769
13210 	 -3.872
13212 	 -3.807
13222 	 -3.876
13226 	 -3.861
13228 	 -3.832
13244 	 -3.752
13246 	 -3.483
13250 	 -3.515
13256 	 -3.471
13266 	 -3.299
13272 	 -3.264
13274 	 -3.292
13276 	 -3.324
13284 	 -3.34
13288 	 -3.339
13290 	 -2.952
13292 	 -2.85
13296 	 -2.823
13302 	 -2.776
13308 	 -2.767
13312 	 -2.553
13314 	 -2.537
13318 	 -2.672
13334 	 -1.884
13340 	 -2.008
13342 	 -1.909
13344 	 -1.906
13350 	 -1.931
13352 	 -1.581
13358 	 -1.477
13378 	 -1.444
13394 	 -1.205
13402 	 -1.142
13420 	 -1.218
13426 	 -1.154
13432 	 -1.137
13444 	 -1.124
13450 	 -1.031
13454 	 -1.039
13462 	 -0.987
13464 	 -0.986
13474 	 -0.939
13476 	 -0.973
13484 	 -0.959
13486 	 -0.883
13506 	 -0.864
13524 	 -0.814
13526 	 -0.635
13544 	 -0.618
13548 	 -0.609
13562 	 -0.549
13580 	 -0.504
13582 	 -0.35
13614 	 -0.305
13634 	 -0.296
13646 	 -0.279
13654 	 -0.277
13668 	 -0.116
13690 	 -0.112
13702 	 -0.108
13726 	 -0.098
13738 	 -0.085
13746 	 -0.072
13846 	 -0.07
13916 	 -0.069
13926 	 -0.05
13932 	 -0.044
14014 	 -0.036
14044 	 -0.031
14092 	 -0.025
14138 	 -0.023
14154 	 -0.022
14292 	 -0.018
14298 	 -0.017
14380 	 -0.016
14388 	 -0.015
15000 	 -1.378
15024 	 -1.498
15050 	 -2.17
15078 	 -2.612
15112 	 -2.845
15158 	 -2.769
15162 	 -2.811
15174 	 -2.763
15186 	 -2.152
15216 	 -2.367
15232 	 -2.191
15238 	 -2.319
15262 	 -1.443
15268 	 -1.271
15282 	 -1.007
15298 	 -0.66
15310 	 -0.681
15336 	 -0.83
15346 	 -0.778
15356 	 -0.863
15374 	 -0.673
15400 	 -0.36
15422 	 -0.28
15456 	 -0.149
15486 	 -0.054
15558 	 -0.019
15660 	 -0.013
15864 	 -0.009
15904 	 -0.001
18000 	 -2.128
18020 	 -2.227
18042 	 -2.675
18064 	 -2.729
18088 	 -2.111
18120 	 -1.491
18154 	 -2.168
18180 	 -1.904
18190 	 -2.225
18234 	 -2.958
18252 	 -2.942
18262 	 -2.849
18270 	 -2.203
18278 	 -2.161
18286 	 -2.067
18296 	 -2.256
18316 	 -2.286
18328 	 -2.408
18336 	 -2.174
18342 	 -2.17
18348 	 -1.776
18360 	 -1.201
18368 	 -1.048
18384 	 -1.055
18402 	 -0.724
18420 	 -0.407
18426 	 -0.363
18434 	 -0.304
18448 	 -0.134
18472 	 -0.119
18552 	 -0.012
18864 	 -0.008
19002 	 0
21000 	 -1.44
21001 	 -1.44
