0 	 0
3000 	 -1.376
3024 	 -1.496
3050 	 -1.88
3062 	 -2.472
3078 	 -3.176
3112 	 -3.62
3158 	 -3.808
3164 	 -3.728
3186 	 -2.828
3198 	 -2.688
3216 	 -1.912
3232 	 -1.736
3238 	 -1.364
3262 	 -0.608
3296 	 -0.264
3400 	 -0.024
3636 	 -0.008
3904 	 0
6000 	 -2.478
6020 	 -2.638
6042 	 -3.286
6064 	 -3.582
6088 	 -3.11
6120 	 -2.686
6138 	 -2.872
6154 	 -3.312
6180 	 -3.048
6190 	 -3.516
6198 	 -3.5
6234 	 -3.9
6284 	 -4.203
6296 	 -4.179
6346 	 -4.159
6360 	 -2.871
6374 	 -2.271
6376 	 -1.719
6424 	 -1.319
6444 	 -0.761
6504 	 -0.637
6506 	 -0.613
6552 	 -0.501
6634 	 -0.359
6704 	 -0.331
6710 	 -0.307
6726 	 -0.295
6728 	 -0.267
6782 	 -0.263
6894 	 -0.165
6990 	 -0.145
6994 	 -0.125
7002 	 -0.093
7272 	 -0.089
7278 	 -0.085
7290 	 -0.073
7324 	 -0.025
9000 	 -1.433
9024 	 -1.537
9050 	 -2.497
9078 	 -3.177
9112 	 -3.761
9158 	 -3.713
9162 	 -3.797
9174 	 -3.705
9186 	 -2.857
9216 	 -3.589
9232 	 -3.413
9238 	 -3.801
9262 	 -1.973
9268 	 -1.305
9298 	 -0.417
9304 	 -0.413
9306 	 -0.409
9334 	 -0.277
9400 	 -0.025
9660 	 -0.009
9904 	 -0.001
12000 	 -2.554
12002 	 -2.49
12004 	 -2.97
12006 	 -3.094
12008 	 -4.01
12012 	 -4.431
12016 	 -4.299
12020 	 -4.641
12032 	 -4.448
12040 	 -4.624
12042 	 -5.1
12048 	 -4.865
12064 	 -4.965
12070 	 -5.12
12088 	 -4.508
12100 	 -4.412
12102 	 -4.287
12114 	 -4.428
12120 	 -3.9
12130 	 -3.687
12154 	 -4.723
12162 	 -4.696
12178 	 -4.741
12180 	 -4.477
12184 	 -4.329
12190 	 -4.645
12192 	 -4.588
12198 	 -4.558
12200 	 -4.346
12210 	 -4.412
12212 	 -5.456
12226 	 -5.447
12230 	 -5.298
12234 	 -6.646
12242 	 -6.685
12248 	 -6.679
12252 	 -5.924
12254 	 -6.047
12264 	 -5.982
12274 	 -4.73
12276 	 -4.936
12282 	 -4.639
12290 	 -4.367
12296 	 -4.607
12304 	 -4.513
12320 	 -4.515
12324 	 -3.911
12330 	 -4.017
12332 	 -4.049
12334 	 -3.928
12338 	 -3.676
12344 	 -2.88
12352 	 -2.984
12358 	 -2.965
12360 	 -2.013
12376 	 -1.863
12382 	 -1.779
12398 	 -1.769
12402 	 -1.59
12404 	 -1.318
12438 	 -1.001
12472 	 -1.443
12498 	 -1.507
12510 	 -1.594
12528 	 -1.695
12532 	 -1.686
12550 	 -1.511
12552 	 -1.391
12578 	 -1.36
12584 	 -1.253
12600 	 -1.4
12618 	 -1.166
12624 	 -1.191
12652 	 -1.142
12660 	 -1.239
12670 	 -1.213
12694 	 -1.176
12714 	 -1.447
12732 	 -1.378
12742 	 -1.374
12750 	 -1.519
12768 	 -1.648
12774 	 -1.775
12784 	 -2.27
12794 	 -2.416
12804 	 -2.639
12814 	 -2.637
12822 	 -2.724
12826 	 -2.855
12840 	 -2.55
12852 	 -2.405
12858 	 -2.497
12864 	 -2.557
12872 	 -2.543
12876 	 -2.352
12880 	 -2.326
12884 	 -2.474
12892 	 -2.016
12894 	 -2.035
12908 	 -2.096
12910 	 -2.032
12914 	 -2.018
12920 	 -2.121
12928 	 -2.119
12930 	 -2.099
12934 	 -2.242
12944 	 -2.51
12954 	 -2.477
12968 	 -2.268
12970 	 -2.256
12972 	 -2.292
12976 	 -2.338
12990 	 -2.332
12992 	 -2.379
12994 	 -2.462
12996 	 -2.446
12998 	 -2.774
13010 	 -2.788
13020 	 -2.544
13028 	 -2.515
13032 	 -2.498
13036 	 -2.636
13038 	 -2.628
13040 	 -2.797
13042 	 -3.019
13054 	 -4.156
13076 	 -4.403
13078 	 -4.391
13080 	 -4.566
13082 	 -4.681
13094 	 -4.908
13098 	 -4.797
13102 	 -5.09
13114 	 -5.216
13116 	 -5.636
13118 	 -5.366
13130 	 -5.297
13146 	 -4.863
13154 	 -4.8
13156 	 -5.112
13162 	 -5.105
13164 	 -5.102
13166 	 -5.103
13168 	 -4.813
13170 	 -4.808
13178 	 -4.484
13184 	 -4.326
13186 	 -4.318
13188 	 -4.374
13200 	 -4.509
13202 	 -4.695
13206 	 -4.792
13208 	 -5.039
13222 	 -4.953
13224 	 -4.351
13228 	 -4.154
13232 	 -4.159
13248 	 -3.902
13250 	 -3.882
13258 	 -3.904
13264 	 -4.002
13266 	 -4.185
13268 	 -4.181
13276 	 -4.168
13282 	 -4.181
13296 	 -4.179
13298 	 -4.06
13300 	 -3.834
13302 	 -3.855
13308 	 -3.749
13310 	 -3.577
13312 	 -3.759
13316 	 -3.788
13318 	 -3.662
13328 	 -3.729
13330 	 -3.834
13340 	 -3.851
13348 	 -3.814
13358 	 -3.832
13362 	 -3.781
13364 	 -3.728
13366 	 -3.778
13372 	 -3.807
13374 	 -3.711
13382 	 -3.739
13384 	 -3.781
13390 	 -3.78
13396 	 -3.799
13398 	 -3.711
13400 	 -3.674
13406 	 -3.739
13410 	 -3.767
13414 	 -3.717
13416 	 -3.488
13418 	 -3.413
13420 	 -3.516
13432 	 -2.928
13434 	 -2.892
13438 	 -2.986
13444 	 -2.984
13450 	 -2.873
13456 	 -2.758
13460 	 -2.725
13468 	 -2.713
13472 	 -2.793
13474 	 -2.776
13476 	 -2.782
13478 	 -2.89
13484 	 -2.858
13490 	 -2.839
13506 	 -2.831
13510 	 -2.822
13520 	 -2.815
13522 	 -2.788
13524 	 -2.787
13534 	 -2.774
13538 	 -2.646
13542 	 -2.556
13546 	 -2.693
13550 	 -2.581
13552 	 -2.546
13558 	 -2.513
13564 	 -2.498
13572 	 -2.538
13578 	 -2.632
13584 	 -2.62
13590 	 -2.619
13598 	 -2.447
13602 	 -2.441
13604 	 -2.428
13618 	 -2.25
13620 	 -2.224
13632 	 -2.32
13634 	 -2.314
13638 	 -2.294
13642 	 -2.289
13654 	 -2.287
13662 	 -2.132
13676 	 -2.1
13682 	 -2.029
13688 	 -2.006
13696 	 -1.996
13700 	 -1.973
13712 	 -1.898
13716 	 -1.884
13718 	 -1.925
13726 	 -1.88
13728 	 -1.866
13730 	 -1.507
13736 	 -1.467
13738 	 -1.452
13740 	 -1.444
13752 	 -1.428
13754 	 -1.424
13776 	 -1.414
13784 	 -1.398
13796 	 -1.488
13800 	 -1.481
13810 	 -1.458
13816 	 -1.545
13818 	 -1.496
13826 	 -1.447
13834 	 -1.446
13840 	 -1.44
13846 	 -1.324
13858 	 -1.326
13862 	 -1.225
13870 	 -1.218
13896 	 -0.968
13916 	 -0.883
13920 	 -0.882
13922 	 -0.859
13928 	 -0.825
13932 	 -0.809
13960 	 -0.691
13966 	 -0.722
13970 	 -0.711
13974 	 -0.702
13990 	 -0.687
14036 	 -0.68
14038 	 -0.746
14068 	 -0.741
14070 	 -0.729
14072 	 -0.723
14082 	 -0.567
14084 	 -0.564
14086 	 -0.529
14104 	 -0.491
14114 	 -0.484
14120 	 -0.454
14126 	 -0.313
14144 	 -0.242
14154 	 -0.241
14168 	 -0.24
14172 	 -0.238
14174 	 -0.204
14186 	 -0.112
14224 	 -0.106
14246 	 -0.103
14302 	 -0.07
14322 	 -0.063
14376 	 -0.062
14440 	 -0.061
14448 	 -0.058
14482 	 -0.057
14546 	 -0.054
14650 	 -0.052
15000 	 -1.389
15024 	 -1.539
15050 	 -2.448
15078 	 -3.157
15112 	 -3.79
15158 	 -3.78
15162 	 -3.861
15174 	 -3.765
15186 	 -2.879
15216 	 -3.886
15232 	 -3.71
15238 	 -3.966
15262 	 -2.359
15268 	 -2.014
15282 	 -1.486
15298 	 -0.792
15310 	 -0.812
15336 	 -0.961
15346 	 -0.857
15356 	 -0.942
15374 	 -0.752
15400 	 -0.373
15422 	 -0.293
15456 	 -0.162
15486 	 -0.067
15558 	 -0.032
15660 	 -0.02
15864 	 -0.016
15904 	 -0.008
16362 	 -0.007
18000 	 -2.128
18020 	 -2.245
18042 	 -2.757
18064 	 -2.897
18088 	 -2.325
18120 	 -1.703
18154 	 -3.064
18180 	 -2.8
18190 	 -3.515
18234 	 -5.114
18252 	 -5.082
18262 	 -4.989
18270 	 -3.697
18278 	 -3.613
18286 	 -3.425
18296 	 -3.59
18316 	 -3.65
18328 	 -3.772
18336 	 -3.304
18342 	 -3.266
18348 	 -2.478
18360 	 -1.405
18368 	 -1.252
18384 	 -1.259
18402 	 -0.776
18420 	 -0.459
18426 	 -0.415
18434 	 -0.356
18448 	 -0.186
18472 	 -0.171
18552 	 -0.02
18864 	 -0.016
19002 	 0
21000 	 -1.44
21001 	 -1.44
