0 	 0
3000 	 -1.376
3024 	 -1.496
3050 	 -1.88
3062 	 -2.472
3078 	 -3.176
3112 	 -3.62
3158 	 -3.808
3164 	 -3.728
3186 	 -2.828
3198 	 -2.688
3216 	 -1.912
3232 	 -1.736
3238 	 -1.364
3262 	 -0.608
3296 	 -0.264
3400 	 -0.024
3636 	 -0.008
3904 	 0
6000 	 -2.478
6020 	 -2.638
6042 	 -3.286
6064 	 -3.582
6088 	 -3.11
6120 	 -2.686
6138 	 -2.872
6154 	 -3.312
6180 	 -3.048
6190 	 -3.516
6198 	 -3.5
6234 	 -3.9
6284 	 -4.203
6296 	 -4.179
6346 	 -4.159
6360 	 -2.871
6374 	 -2.271
6376 	 -1.719
6424 	 -1.319
6444 	 -0.761
6504 	 -0.637
6506 	 -0.613
6552 	 -0.501
6634 	 -0.359
6704 	 -0.331
6710 	 -0.307
6726 	 -0.295
6728 	 -0.267
6782 	 -0.263
6894 	 -0.165
6990 	 -0.145
6994 	 -0.125
7002 	 -0.093
7272 	 -0.089
7278 	 -0.085
7290 	 -0.073
7324 	 -0.025
9000 	 -1.433
9024 	 -1.537
9050 	 -2.497
9078 	 -3.177
9112 	 -3.761
9158 	 -3.713
9162 	 -3.797
9174 	 -3.705
9186 	 -2.857
9216 	 -3.589
9232 	 -3.413
9238 	 -3.801
9262 	 -1.973
9268 	 -1.305
9298 	 -0.417
9304 	 -0.413
9306 	 -0.409
9334 	 -0.277
9400 	 -0.025
9660 	 -0.009
9904 	 -0.001
12000 	 -2.554
12002 	 -2.49
12004 	 -3.092
12006 	 -3.216
12008 	 -5.393
12012 	 -6.453
12016 	 -6.321
12020 	 -6.987
12032 	 -6.795
12040 	 -7.076
12042 	 -7.552
12048 	 -7.349
12064 	 -7.449
12070 	 -7.779
12086 	 -8.004
12088 	 -7.392
12100 	 -7.368
12102 	 -7.263
12108 	 -7.317
12114 	 -7.458
12120 	 -6.93
12130 	 -6.506
12132 	 -6.838
12152 	 -6.975
12154 	 -8.011
12160 	 -8.098
12162 	 -8.071
12168 	 -8.386
12178 	 -8.394
12180 	 -8.018
12182 	 -8.361
12184 	 -8.213
12186 	 -8.239
12188 	 -8.376
12190 	 -8.692
12192 	 -8.635
12198 	 -8.583
12200 	 -8.373
12206 	 -8.408
12208 	 -8.622
12210 	 -8.751
12212 	 -9.795
12226 	 -9.786
12230 	 -9.724
12234 	 -11.072
12236 	 -10.939
12248 	 -11.282
12252 	 -10.527
12254 	 -10.224
12260 	 -10.363
12264 	 -10.298
12266 	 -10.691
12272 	 -10.69
12274 	 -9.556
12276 	 -9.645
12282 	 -9.319
12290 	 -9.047
12292 	 -8.899
12296 	 -8.996
12298 	 -9.16
12304 	 -8.827
12320 	 -8.829
12322 	 -8.749
12324 	 -8.145
12328 	 -8.18
12330 	 -8.365
12332 	 -8.397
12334 	 -7.893
12338 	 -7.641
12344 	 -6.845
12346 	 -6.822
12352 	 -6.704
12354 	 -6.747
12358 	 -6.728
12360 	 -5.776
12364 	 -5.673
12380 	 -5.662
12382 	 -5.654
12386 	 -5.363
12388 	 -5.183
12394 	 -5.144
12404 	 -4.9
12410 	 -4.613
12412 	 -4.557
12438 	 -3.675
12440 	 -3.817
12456 	 -3.78
12464 	 -3.505
12472 	 -3.432
12476 	 -3.526
12480 	 -3.382
12488 	 -3.348
12502 	 -3.329
12504 	 -3.172
12506 	 -3.25
12508 	 -3.241
12516 	 -3.191
12522 	 -3.479
12526 	 -3.401
12532 	 -3.392
12534 	 -3.688
12536 	 -3.684
12544 	 -3.623
12550 	 -3.456
12552 	 -3.336
12562 	 -3.267
12566 	 -3.225
12570 	 -3.274
12578 	 -3.247
12580 	 -3.017
12590 	 -2.877
12598 	 -2.797
12604 	 -2.782
12614 	 -2.691
12618 	 -2.634
12624 	 -2.444
12642 	 -2.629
12664 	 -2.596
12672 	 -2.589
12678 	 -2.574
12688 	 -2.656
12694 	 -2.644
12712 	 -1.992
12730 	 -1.935
12738 	 -1.973
12742 	 -1.969
12748 	 -1.952
12770 	 -2.053
12776 	 -2.043
12780 	 -1.988
12782 	 -2.275
12794 	 -2.399
12798 	 -2.705
12802 	 -3.192
12814 	 -3.19
12816 	 -3.563
12826 	 -3.565
12840 	 -3.538
12856 	 -3.48
12858 	 -3.159
12866 	 -3.078
12870 	 -2.897
12872 	 -3.498
12874 	 -3.233
12876 	 -3.287
12890 	 -3.509
12892 	 -3.433
12898 	 -3.049
12914 	 -2.957
12920 	 -2.747
12922 	 -2.825
12924 	 -2.945
12934 	 -2.701
12940 	 -2.58
12948 	 -2.507
12950 	 -2.637
12954 	 -2.479
12962 	 -2.606
12964 	 -2.599
12970 	 -2.594
12984 	 -2.799
12990 	 -2.79
12996 	 -2.793
12998 	 -2.64
13000 	 -2.609
13002 	 -2.439
13004 	 -2.411
13006 	 -2.619
13008 	 -2.539
13018 	 -2.493
13028 	 -2.489
13030 	 -2.594
13034 	 -2.543
13040 	 -2.728
13046 	 -3.133
13050 	 -2.982
13052 	 -2.924
13060 	 -3.123
13062 	 -3.053
13064 	 -3.102
13066 	 -3.357
13076 	 -3.378
13078 	 -3.376
13080 	 -3.37
13094 	 -3.429
13098 	 -3.491
13104 	 -3.472
13114 	 -3.444
13118 	 -3.366
13132 	 -2.29
13136 	 -2.658
13148 	 -2.563
13150 	 -2.401
13152 	 -2.378
13166 	 -2.553
13170 	 -2.396
13174 	 -2.082
13176 	 -2.242
13182 	 -2.214
13184 	 -2.09
13192 	 -2.069
13196 	 -1.853
13200 	 -1.924
13202 	 -1.911
13208 	 -2.011
13212 	 -1.98
13218 	 -2.15
13220 	 -2.141
13222 	 -2.047
13224 	 -1.567
13234 	 -1.565
13242 	 -1.511
13250 	 -1.499
13256 	 -1.656
13258 	 -1.654
13266 	 -1.663
13270 	 -1.662
13276 	 -1.638
13282 	 -1.69
13288 	 -1.689
13292 	 -1.656
13300 	 -1.858
13308 	 -1.797
13324 	 -1.782
13326 	 -1.899
13342 	 -1.894
13352 	 -2.138
13356 	 -2.191
13358 	 -2.085
13360 	 -2.057
13376 	 -2.064
13378 	 -2.045
13380 	 -2.087
13394 	 -2.075
13398 	 -2.122
13400 	 -2.046
13416 	 -2.024
13418 	 -2.009
13420 	 -2.097
13424 	 -1.892
13446 	 -1.862
13452 	 -1.595
13454 	 -1.614
13456 	 -1.739
13462 	 -1.879
13464 	 -1.826
13470 	 -1.774
13474 	 -1.759
13480 	 -1.795
13486 	 -1.772
13494 	 -1.747
13498 	 -1.869
13502 	 -1.836
13504 	 -1.935
13506 	 -2.141
13546 	 -2.106
13556 	 -2.232
13564 	 -2.18
13566 	 -2.178
13576 	 -2.326
13600 	 -2.309
13648 	 -1.598
13654 	 -1.596
13670 	 -1.677
13698 	 -1.669
13704 	 -1.74
13714 	 -1.685
13716 	 -1.662
13718 	 -1.686
13724 	 -1.682
13726 	 -1.681
13734 	 -1.654
13740 	 -1.642
13748 	 -1.633
13764 	 -1.65
13784 	 -1.695
13794 	 -1.688
13798 	 -1.682
13802 	 -1.74
13814 	 -1.915
13818 	 -1.887
13830 	 -2.057
13846 	 -2.015
13850 	 -2
13874 	 -1.713
13876 	 -1.715
13878 	 -1.697
13882 	 -1.612
13884 	 -1.53
13888 	 -1.541
13894 	 -1.538
13900 	 -1.466
13902 	 -1.418
13912 	 -1.238
13920 	 -1.166
13922 	 -1.04
13928 	 -1.008
13938 	 -0.989
13946 	 -0.936
13956 	 -0.807
13962 	 -0.865
13968 	 -0.848
13970 	 -0.847
13972 	 -0.829
13974 	 -0.826
13978 	 -0.802
13980 	 -0.722
13984 	 -0.687
13990 	 -0.668
14016 	 -0.655
14024 	 -0.644
14036 	 -0.632
14040 	 -0.62
14044 	 -0.669
14048 	 -0.666
14052 	 -0.651
14066 	 -0.645
14068 	 -0.644
14074 	 -0.643
14084 	 -0.41
14102 	 -0.389
14106 	 -0.385
14110 	 -0.383
14112 	 -0.38
14116 	 -0.371
14130 	 -0.212
14140 	 -0.189
14144 	 -0.185
14152 	 -0.141
14190 	 -0.107
14212 	 -0.073
14218 	 -0.072
14224 	 -0.071
14242 	 -0.066
14248 	 -0.054
14268 	 -0.048
14288 	 -0.044
14290 	 -0.043
14358 	 -0.04
14370 	 -0.039
14386 	 -0.025
14624 	 -0.024
15000 	 -1.377
15024 	 -1.507
15050 	 -2.16
15078 	 -2.61
15112 	 -2.84
15158 	 -2.859
15162 	 -2.9
15174 	 -2.852
15186 	 -2.316
15216 	 -2.524
15232 	 -2.348
15238 	 -2.476
15262 	 -1.85
15268 	 -1.678
15282 	 -1.414
15298 	 -1.066
15310 	 -1.106
15336 	 -1.404
15346 	 -1.352
15356 	 -1.524
15374 	 -1.134
15400 	 -0.704
15422 	 -0.546
15456 	 -0.28
15486 	 -0.092
15558 	 -0.028
15660 	 -0.022
15708 	 -0.01
15864 	 -0.008
15904 	 0
18000 	 -2.128
18020 	 -2.236
18042 	 -2.716
18064 	 -2.81
18088 	 -2.232
18120 	 -1.658
18154 	 -2.416
18180 	 -2.152
18190 	 -2.608
18234 	 -3.44
18252 	 -3.424
18262 	 -3.238
18270 	 -2.592
18278 	 -2.55
18286 	 -2.456
18296 	 -3.002
18316 	 -3.032
18328 	 -3.276
18336 	 -3.042
18342 	 -3.068
18348 	 -2.674
18360 	 -2.166
18368 	 -1.86
18384 	 -1.874
18402 	 -1.364
18420 	 -0.73
18426 	 -0.642
18434 	 -0.524
18448 	 -0.184
18472 	 -0.154
18552 	 -0.016
18864 	 -0.008
19002 	 0
21000 	 -1.44
21001 	 -1.44
