0 	 0
3000 	 -1.376
3024 	 -1.496
3050 	 -1.88
3062 	 -2.472
3078 	 -3.176
3112 	 -3.62
3158 	 -3.808
3164 	 -3.728
3186 	 -2.828
3198 	 -2.688
3216 	 -1.912
3232 	 -1.736
3238 	 -1.364
3262 	 -0.608
3296 	 -0.264
3400 	 -0.024
3636 	 -0.008
3904 	 0
6000 	 -2.478
6020 	 -2.638
6042 	 -3.286
6064 	 -3.582
6088 	 -3.11
6120 	 -2.686
6138 	 -2.872
6154 	 -3.312
6180 	 -3.048
6190 	 -3.516
6198 	 -3.5
6234 	 -3.9
6284 	 -4.203
6296 	 -4.179
6346 	 -4.159
6360 	 -2.871
6374 	 -2.271
6376 	 -1.719
6424 	 -1.319
6444 	 -0.761
6504 	 -0.637
6506 	 -0.613
6552 	 -0.501
6634 	 -0.359
6704 	 -0.331
6710 	 -0.307
6726 	 -0.295
6728 	 -0.267
6782 	 -0.263
6894 	 -0.165
6990 	 -0.145
6994 	 -0.125
7002 	 -0.093
7272 	 -0.089
7278 	 -0.085
7290 	 -0.073
7324 	 -0.025
9000 	 -1.433
9024 	 -1.537
9050 	 -2.497
9078 	 -3.177
9112 	 -3.761
9158 	 -3.713
9162 	 -3.797
9174 	 -3.705
9186 	 -2.857
9216 	 -3.589
9232 	 -3.413
9238 	 -3.801
9262 	 -1.973
9268 	 -1.305
9298 	 -0.417
9304 	 -0.413
9306 	 -0.409
9334 	 -0.277
9400 	 -0.025
9660 	 -0.009
9904 	 -0.001
12000 	 -2.54
12002 	 -2.421
12004 	 -2.503
12006 	 -2.416
12008 	 -3.26
12010 	 -3.692
12012 	 -4.12
12018 	 -4.166
12020 	 -4.499
12032 	 -4.465
12034 	 -4.524
12040 	 -4.63
12042 	 -5.106
12062 	 -5.324
12064 	 -5.4
12070 	 -5.583
12088 	 -4.971
12090 	 -5.061
12100 	 -5.175
12120 	 -4.555
12130 	 -4.509
12154 	 -5.545
12156 	 -5.579
12166 	 -5.663
12176 	 -5.714
12178 	 -5.808
12180 	 -5.544
12182 	 -6.01
12186 	 -6.197
12190 	 -6.513
12200 	 -6.703
12206 	 -6.693
12208 	 -7.085
12210 	 -7.219
12212 	 -8.263
12222 	 -8.156
12230 	 -8.387
12234 	 -9.735
12236 	 -9.824
12244 	 -10.125
12252 	 -9.409
12254 	 -9.308
12256 	 -9.413
12264 	 -9.578
12266 	 -9.975
12274 	 -8.723
12276 	 -8.824
12280 	 -8.641
12282 	 -8.484
12286 	 -8.635
12290 	 -8.363
12296 	 -8.473
12304 	 -8.166
12308 	 -8.151
12312 	 -8.116
12322 	 -7.91
12324 	 -7.386
12330 	 -7.342
12332 	 -7.374
12334 	 -7.376
12338 	 -7.124
12340 	 -7.004
12344 	 -6.208
12348 	 -6.206
12350 	 -6.21
12354 	 -6.183
12358 	 -6.163
12360 	 -5.211
12362 	 -5.108
12372 	 -4.751
12380 	 -4.599
12382 	 -4.445
12384 	 -4.599
12386 	 -4.108
12392 	 -4.031
12394 	 -3.881
12396 	 -3.996
12404 	 -3.724
12406 	 -3.694
12412 	 -3.638
12432 	 -3.556
12437 	 -3.776
12438 	 -3.428
12440 	 -3.57
12456 	 -3.474
12466 	 -3.59
12472 	 -3.517
12476 	 -3.725
12480 	 -3.581
12508 	 -3.572
12510 	 -3.578
12516 	 -3.751
12526 	 -3.673
12540 	 -4.142
12544 	 -4.081
12546 	 -4.044
12552 	 -3.907
12562 	 -3.976
12564 	 -3.97
12566 	 -3.928
12576 	 -3.908
12578 	 -3.692
12588 	 -3.691
12590 	 -3.581
12594 	 -3.753
12602 	 -3.712
12604 	 -3.965
12618 	 -4.375
12622 	 -4.36
12626 	 -4.199
12648 	 -4.229
12660 	 -4.302
12664 	 -4.182
12672 	 -3.746
12682 	 -4.216
12696 	 -4.36
12712 	 -3.532
12734 	 -3.507
12740 	 -3.503
12744 	 -3.217
12748 	 -3.2
12750 	 -3.306
12756 	 -3.269
12772 	 -3.229
12774 	 -3.199
12782 	 -3.111
12784 	 -2.889
12798 	 -2.827
12816 	 -3.043
12840 	 -2.857
12850 	 -2.849
12866 	 -2.83
12874 	 -2.812
12894 	 -2.716
12904 	 -2.88
12924 	 -2.552
12934 	 -2.545
12960 	 -2.702
12964 	 -2.833
12970 	 -2.794
12990 	 -2.791
12992 	 -2.749
12996 	 -2.733
13016 	 -2.534
13026 	 -2.27
13042 	 -2.251
13062 	 -2.377
13076 	 -2.285
13078 	 -2.283
13088 	 -2.452
13092 	 -2.446
13100 	 -2.651
13114 	 -2.625
13122 	 -2.791
13150 	 -3.331
13172 	 -3.317
13184 	 -3.271
13186 	 -3.263
13192 	 -3.262
13208 	 -3.492
13212 	 -3.345
13220 	 -3.336
13234 	 -3.334
13242 	 -3.288
13256 	 -3.325
13260 	 -3.481
13266 	 -4.061
13278 	 -4.089
13284 	 -3.955
13288 	 -4.087
13298 	 -4.166
13304 	 -4.165
13310 	 -4.52
13312 	 -4.827
13314 	 -4.939
13320 	 -4.778
13360 	 -4.733
13374 	 -4.375
13382 	 -4.589
13398 	 -4.494
13402 	 -4.745
13404 	 -4.884
13406 	 -4.949
13408 	 -5.293
13412 	 -5.442
13416 	 -5.445
13424 	 -5.553
13428 	 -5.684
13438 	 -5.377
13440 	 -4.733
13444 	 -4.575
13446 	 -4.613
13448 	 -4.615
13456 	 -4.572
13464 	 -4.428
13472 	 -4.306
13480 	 -4.297
13482 	 -3.918
13486 	 -3.911
13498 	 -3.886
13502 	 -3.863
13508 	 -3.105
13510 	 -2.957
13514 	 -3.084
13522 	 -3.208
13524 	 -3.269
13528 	 -3.04
13536 	 -3.406
13538 	 -3.473
13540 	 -3.163
13542 	 -3.159
13546 	 -3.068
13556 	 -3.066
13558 	 -3.317
13568 	 -3.203
13578 	 -3.187
13580 	 -3.181
13584 	 -3.13
13588 	 -3.095
13594 	 -3.145
13602 	 -2.944
13604 	 -2.942
13612 	 -2.904
13614 	 -2.872
13620 	 -2.854
13624 	 -2.721
13626 	 -2.718
13628 	 -2.684
13634 	 -2.655
13640 	 -2.73
13644 	 -2.821
13656 	 -2.686
13668 	 -2.504
13672 	 -2.646
13678 	 -2.757
13688 	 -2.733
13694 	 -2.714
13698 	 -2.801
13710 	 -3.011
13718 	 -3.123
13728 	 -3.114
13744 	 -3.098
13752 	 -2.508
13758 	 -2.899
13760 	 -2.901
13768 	 -2.87
13772 	 -3.091
13780 	 -3.16
13784 	 -3.141
13802 	 -3.107
13804 	 -3.208
13810 	 -3.117
13822 	 -2.793
13826 	 -3.317
13832 	 -3.125
13842 	 -3.5
13846 	 -3.492
13848 	 -3.491
13856 	 -3.457
13864 	 -3.259
13866 	 -3.245
13876 	 -3.204
13884 	 -2.757
13886 	 -3.195
13888 	 -3.152
13894 	 -3.015
13896 	 -2.86
13906 	 -3.171
13920 	 -3.199
13930 	 -3.194
13932 	 -2.706
13944 	 -2.672
13950 	 -2.659
13952 	 -2.389
13954 	 -2.393
13964 	 -2.307
13966 	 -2.292
13974 	 -2.194
13978 	 -2.174
13980 	 -2.231
13984 	 -2.095
13992 	 -1.941
13998 	 -1.933
14000 	 -2.017
14024 	 -2.039
14028 	 -1.987
14046 	 -1.985
14048 	 -1.942
14058 	 -2.138
14060 	 -2.017
14062 	 -2.352
14076 	 -2.507
14078 	 -2.8
14090 	 -2.79
14096 	 -2.952
14104 	 -2.747
14110 	 -2.744
14116 	 -2.604
14122 	 -2.602
14126 	 -2.557
14136 	 -2.555
14138 	 -2.332
14146 	 -2.32
14150 	 -2.211
14154 	 -2.298
14156 	 -2.283
14160 	 -2.279
14162 	 -2.282
14172 	 -2.096
14180 	 -2.095
14182 	 -1.908
14186 	 -1.686
14194 	 -1.673
14200 	 -1.531
14214 	 -1.328
14222 	 -1.266
14224 	 -1.26
14232 	 -1.088
14244 	 -1.075
14248 	 -0.979
14250 	 -0.929
14254 	 -0.759
14256 	 -0.758
14274 	 -0.813
14276 	 -0.734
14280 	 -0.728
14294 	 -0.711
14296 	 -0.687
14298 	 -0.686
14304 	 -0.784
14320 	 -0.783
14324 	 -0.771
14326 	 -0.634
14334 	 -0.633
14338 	 -0.629
14342 	 -0.613
14366 	 -0.601
14374 	 -0.649
14380 	 -0.626
14386 	 -0.624
14388 	 -0.572
14398 	 -0.614
14434 	 -0.358
14438 	 -0.354
14450 	 -0.328
14454 	 -0.327
14466 	 -0.25
14478 	 -0.217
14482 	 -0.21
14510 	 -0.208
14528 	 -0.188
14536 	 -0.181
14538 	 -0.173
14544 	 -0.127
14560 	 -0.114
14566 	 -0.112
14618 	 -0.09
14640 	 -0.087
14710 	 -0.085
14750 	 -0.08
15000 	 -1.399
15024 	 -1.556
15050 	 -2.306
15078 	 -2.891
15112 	 -3.322
15158 	 -3.263
15162 	 -3.326
15174 	 -3.257
15186 	 -2.627
15216 	 -3.063
15232 	 -2.887
15238 	 -3.151
15262 	 -1.865
15266 	 -1.835
15268 	 -1.662
15276 	 -1.508
15282 	 -1.243
15298 	 -0.897
15300 	 -0.727
15308 	 -0.745
15334 	 -0.893
15346 	 -0.841
15350 	 -0.819
15354 	 -0.905
15372 	 -0.706
15400 	 -0.364
15422 	 -0.275
15460 	 -0.129
15492 	 -0.058
15574 	 -0.029
15658 	 -0.026
15660 	 -0.02
15904 	 -0.012
15916 	 -0.009
16302 	 -0.008
16392 	 -0.006
16398 	 -0.005
18000 	 -2.128
18020 	 -2.236
18042 	 -2.716
18064 	 -2.813
18088 	 -2.218
18120 	 -1.597
18154 	 -2.616
18180 	 -2.352
18190 	 -2.87
18234 	 -4.036
18252 	 -4.012
18262 	 -3.918
18270 	 -2.949
18278 	 -2.886
18286 	 -2.745
18296 	 -2.923
18316 	 -2.968
18328 	 -3.09
18336 	 -2.739
18342 	 -2.718
18348 	 -2.127
18360 	 -1.303
18368 	 -1.15
18384 	 -1.157
18402 	 -0.75
18420 	 -0.433
18426 	 -0.389
18434 	 -0.33
18448 	 -0.16
18472 	 -0.145
18552 	 -0.016
18864 	 -0.012
19002 	 0
21000 	 -1.44
21001 	 -1.44
