0 	 0
3000 	 -1.376
3024 	 -1.496
3050 	 -1.88
3062 	 -2.472
3078 	 -3.176
3112 	 -3.62
3158 	 -3.808
3164 	 -3.728
3186 	 -2.828
3198 	 -2.688
3216 	 -1.912
3232 	 -1.736
3238 	 -1.364
3262 	 -0.608
3296 	 -0.264
3400 	 -0.024
3636 	 -0.008
3904 	 0
6000 	 -2.478
6020 	 -2.638
6042 	 -3.286
6064 	 -3.582
6088 	 -3.11
6120 	 -2.686
6138 	 -2.872
6154 	 -3.312
6180 	 -3.048
6190 	 -3.516
6198 	 -3.5
6234 	 -3.9
6284 	 -4.203
6296 	 -4.179
6346 	 -4.159
6360 	 -2.871
6374 	 -2.271
6376 	 -1.719
6424 	 -1.319
6444 	 -0.761
6504 	 -0.637
6506 	 -0.613
6552 	 -0.501
6634 	 -0.359
6704 	 -0.331
6710 	 -0.307
6726 	 -0.295
6728 	 -0.267
6782 	 -0.263
6894 	 -0.165
6990 	 -0.145
6994 	 -0.125
7002 	 -0.093
7272 	 -0.089
7278 	 -0.085
7290 	 -0.073
7324 	 -0.025
9000 	 -1.433
9024 	 -1.537
9050 	 -2.497
9078 	 -3.177
9112 	 -3.761
9158 	 -3.713
9162 	 -3.797
9174 	 -3.705
9186 	 -2.857
9216 	 -3.589
9232 	 -3.413
9238 	 -3.801
9262 	 -1.973
9268 	 -1.305
9298 	 -0.417
9304 	 -0.413
9306 	 -0.409
9334 	 -0.277
9400 	 -0.025
9660 	 -0.009
9904 	 -0.001
12000 	 -2.554
12002 	 -2.49
12004 	 -3.052
12006 	 -3.176
12008 	 -4.936
12012 	 -5.785
12016 	 -5.653
12020 	 -6.212
12032 	 -6.02
12040 	 -6.283
12042 	 -6.759
12048 	 -6.556
12064 	 -6.656
12070 	 -6.986
12088 	 -6.374
12100 	 -6.323
12102 	 -6.218
12108 	 -6.272
12114 	 -6.413
12120 	 -5.885
12130 	 -5.461
12154 	 -6.497
12160 	 -6.584
12162 	 -6.557
12168 	 -6.872
12178 	 -6.907
12180 	 -6.643
12182 	 -7.109
12184 	 -6.961
12190 	 -7.277
12192 	 -7.22
12198 	 -7.168
12200 	 -6.958
12208 	 -7.35
12210 	 -7.457
12212 	 -8.501
12226 	 -8.492
12230 	 -8.43
12234 	 -9.778
12248 	 -10.127
12252 	 -9.372
12254 	 -9.069
12260 	 -9.208
12264 	 -9.143
12266 	 -9.452
12274 	 -8.401
12276 	 -8.49
12282 	 -8.164
12290 	 -7.892
12292 	 -7.744
12296 	 -7.841
12298 	 -8.005
12304 	 -7.682
12320 	 -7.684
12322 	 -7.604
12324 	 -7
12330 	 -7.236
12332 	 -7.268
12334 	 -6.825
12338 	 -6.573
12344 	 -5.777
12346 	 -5.761
12354 	 -5.816
12358 	 -5.797
12360 	 -4.831
12364 	 -4.756
12380 	 -4.745
12382 	 -4.737
12386 	 -4.419
12388 	 -4.263
12404 	 -4.019
12406 	 -3.989
12410 	 -3.745
12412 	 -3.689
12437 	 -3.909
12438 	 -3.146
12440 	 -3.288
12464 	 -3.254
12466 	 -3.308
12472 	 -3.27
12476 	 -3.579
12480 	 -3.435
12488 	 -3.432
12504 	 -3.236
12508 	 -3.227
12516 	 -3.4
12526 	 -3.322
12532 	 -3.313
12540 	 -3.384
12544 	 -3.323
12550 	 -2.8
12552 	 -2.68
12562 	 -2.752
12566 	 -2.71
12570 	 -2.704
12580 	 -2.696
12586 	 -2.613
12590 	 -2.503
12594 	 -2.793
12604 	 -2.783
12610 	 -2.668
12618 	 -2.675
12644 	 -2.526
12648 	 -2.643
12654 	 -2.646
12656 	 -2.637
12664 	 -3.004
12672 	 -2.943
12676 	 -3.25
12678 	 -3.235
12694 	 -3.223
12712 	 -2.591
12730 	 -2.378
12742 	 -2.233
12748 	 -2.216
12760 	 -2.387
12764 	 -2.366
12768 	 -2.142
12776 	 -2.132
12782 	 -2.114
12798 	 -2.225
12803 	 -2.26
12814 	 -2.258
12826 	 -2.228
12840 	 -2.051
12874 	 -1.91
12882 	 -1.89
12898 	 -1.886
12904 	 -1.891
12914 	 -1.961
12920 	 -2.164
12924 	 -2.104
12930 	 -2.307
12934 	 -2.923
12936 	 -3.217
12944 	 -3.128
12950 	 -3.365
12958 	 -3.099
12964 	 -2.991
12970 	 -2.996
12974 	 -3.142
12976 	 -3.112
12986 	 -3.216
12988 	 -2.902
12990 	 -2.893
12994 	 -3.321
12996 	 -3.305
13000 	 -3.118
13002 	 -3.07
13004 	 -3.094
13008 	 -3.087
13010 	 -3.39
13016 	 -3.32
13030 	 -3.517
13042 	 -3.498
13044 	 -3.212
13052 	 -2.869
13058 	 -2.736
13066 	 -2.836
13074 	 -2.877
13076 	 -2.686
13078 	 -2.684
13080 	 -2.534
13082 	 -2.734
13086 	 -2.591
13094 	 -2.726
13098 	 -2.728
13100 	 -2.695
13114 	 -2.669
13124 	 -2.64
13132 	 -2.568
13146 	 -2.658
13150 	 -2.639
13152 	 -2.551
13168 	 -2.578
13170 	 -2.955
13176 	 -3.081
13184 	 -2.993
13190 	 -3.259
13200 	 -3.412
13202 	 -3.266
13208 	 -3.202
13214 	 -3.191
13218 	 -3.348
13220 	 -3.339
13222 	 -3.299
13224 	 -3.296
13234 	 -3.584
13240 	 -3.323
13250 	 -3.253
13256 	 -3.308
13270 	 -3.307
13274 	 -3.304
13282 	 -2.93
13288 	 -2.929
13296 	 -3.05
13300 	 -2.819
13304 	 -2.947
13308 	 -2.792
13324 	 -2.391
13326 	 -2.433
13340 	 -2.405
13348 	 -2.329
13360 	 -2.31
13364 	 -2.298
13370 	 -2.2
13386 	 -2.18
13390 	 -2.267
13426 	 -2.232
13428 	 -2.352
13440 	 -2.182
13446 	 -2.148
13454 	 -2.147
13462 	 -2.126
13466 	 -2.003
13480 	 -1.958
13486 	 -1.972
13488 	 -1.964
13490 	 -1.932
13504 	 -1.928
13506 	 -2.057
13508 	 -2.034
13526 	 -1.999
13536 	 -1.986
13538 	 -1.823
13544 	 -1.697
13546 	 -1.665
13556 	 -1.668
13566 	 -1.573
13588 	 -1.536
13592 	 -1.238
13594 	 -1.215
13612 	 -1.279
13618 	 -1.268
13642 	 -1.337
13648 	 -1.268
13654 	 -1.266
13676 	 -0.748
13690 	 -0.728
13708 	 -0.885
13714 	 -0.871
13718 	 -0.851
13720 	 -0.708
13732 	 -0.686
13740 	 -0.679
13746 	 -0.641
13770 	 -0.496
13772 	 -0.494
13782 	 -0.481
13786 	 -0.459
13798 	 -0.444
13810 	 -0.31
13818 	 -0.294
13822 	 -0.258
13824 	 -0.255
13830 	 -0.19
13838 	 -0.183
13846 	 -0.16
13864 	 -0.13
13882 	 -0.117
13890 	 -0.096
13894 	 -0.089
13900 	 -0.088
13978 	 -0.087
14006 	 -0.074
14014 	 -0.055
14046 	 -0.053
14066 	 -0.049
14082 	 -0.042
14092 	 -0.037
14100 	 -0.034
14126 	 -0.03
14286 	 -0.028
14294 	 -0.022
15000 	 -1.38
15024 	 -1.511
15050 	 -2.021
15078 	 -2.344
15112 	 -2.387
15158 	 -2.351
15162 	 -2.371
15174 	 -2.347
15186 	 -1.959
15216 	 -1.771
15232 	 -1.595
15238 	 -1.659
15262 	 -1.398
15268 	 -1.312
15282 	 -1.18
15298 	 -1.006
15310 	 -1.047
15336 	 -1.345
15346 	 -1.319
15356 	 -1.489
15374 	 -1.109
15400 	 -0.702
15422 	 -0.542
15456 	 -0.28
15486 	 -0.09
15558 	 -0.02
15660 	 -0.017
15864 	 -0.009
15904 	 -0.001
18000 	 -2.128
18020 	 -2.227
18042 	 -2.675
18064 	 -2.726
18088 	 -2.125
18120 	 -1.552
18154 	 -1.968
18180 	 -1.704
18190 	 -1.963
18234 	 -2.362
18252 	 -2.354
18262 	 -2.168
18270 	 -1.845
18278 	 -1.824
18286 	 -1.777
18296 	 -2.335
18316 	 -2.35
18328 	 -2.594
18336 	 -2.477
18342 	 -2.52
18348 	 -2.323
18360 	 -2.064
18368 	 -1.758
18384 	 -1.772
18402 	 -1.338
18420 	 -0.704
18426 	 -0.616
18434 	 -0.498
18448 	 -0.158
18472 	 -0.128
18552 	 -0.012
18864 	 -0.004
19002 	 0
21000 	 -1.44
21001 	 -1.44
