0 	 0
3000 	 -1.376
3024 	 -1.496
3050 	 -1.88
3062 	 -2.472
3078 	 -3.176
3112 	 -3.62
3158 	 -3.808
3164 	 -3.728
3186 	 -2.828
3198 	 -2.688
3216 	 -1.912
3232 	 -1.736
3238 	 -1.364
3262 	 -0.608
3296 	 -0.264
3400 	 -0.024
3636 	 -0.008
3904 	 0
6000 	 -2.478
6020 	 -2.638
6042 	 -3.286
6064 	 -3.582
6088 	 -3.11
6120 	 -2.686
6138 	 -2.872
6154 	 -3.312
6180 	 -3.048
6190 	 -3.516
6198 	 -3.5
6234 	 -3.9
6284 	 -4.203
6296 	 -4.179
6346 	 -4.159
6360 	 -2.871
6374 	 -2.271
6376 	 -1.719
6424 	 -1.319
6444 	 -0.761
6504 	 -0.637
6506 	 -0.613
6552 	 -0.501
6634 	 -0.359
6704 	 -0.331
6710 	 -0.307
6726 	 -0.295
6728 	 -0.267
6782 	 -0.263
6894 	 -0.165
6990 	 -0.145
6994 	 -0.125
7002 	 -0.093
7272 	 -0.089
7278 	 -0.085
7290 	 -0.073
7324 	 -0.025
9000 	 -1.433
9024 	 -1.537
9050 	 -2.497
9078 	 -3.177
9112 	 -3.761
9158 	 -3.713
9162 	 -3.797
9174 	 -3.705
9186 	 -2.857
9216 	 -3.589
9232 	 -3.413
9238 	 -3.801
9262 	 -1.973
9268 	 -1.305
9298 	 -0.417
9304 	 -0.413
9306 	 -0.409
9334 	 -0.277
9400 	 -0.025
9660 	 -0.009
9904 	 -0.001
12000 	 -2.554
12002 	 -2.49
12004 	 -3.052
12006 	 -3.176
12008 	 -4.942
12012 	 -5.787
12016 	 -5.655
12020 	 -6.208
12032 	 -6.016
12040 	 -6.209
12042 	 -6.685
12048 	 -6.482
12064 	 -6.582
12070 	 -6.737
12086 	 -6.962
12088 	 -6.35
12100 	 -6.405
12102 	 -6.3
12108 	 -6.354
12120 	 -5.826
12130 	 -5.409
12132 	 -5.745
12152 	 -5.882
12154 	 -6.918
12160 	 -7.363
12162 	 -7.336
12168 	 -7.651
12178 	 -7.734
12180 	 -7.392
12182 	 -7.736
12188 	 -7.864
12190 	 -8.18
12198 	 -8.106
12200 	 -8.236
12206 	 -8.357
12208 	 -8.571
12212 	 -9.615
12230 	 -9.899
12234 	 -11.247
12236 	 -10.992
12246 	 -11.257
12248 	 -11.516
12252 	 -10.8
12254 	 -10.693
12256 	 -10.644
12260 	 -10.608
12266 	 -10.988
12272 	 -11.151
12274 	 -9.899
12276 	 -9.856
12282 	 -9.67
12290 	 -9.438
12292 	 -9.53
12296 	 -9.627
12304 	 -9.583
12310 	 -9.789
12314 	 -9.508
12322 	 -9.428
12324 	 -8.824
12328 	 -8.916
12332 	 -8.948
12334 	 -8.819
12338 	 -8.567
12344 	 -7.739
12350 	 -7.73
12352 	 -7.855
12354 	 -7.723
12358 	 -7.656
12360 	 -6.704
12362 	 -6.629
12364 	 -6.626
12370 	 -6.535
12376 	 -6.434
12380 	 -6.352
12382 	 -6.344
12386 	 -5.719
12388 	 -5.715
12392 	 -5.673
12400 	 -5.644
12402 	 -5.755
12404 	 -5.405
12410 	 -5.3
12412 	 -5.242
12418 	 -5.346
12424 	 -5.388
12428 	 -5.603
12438 	 -4.712
12440 	 -4.854
12456 	 -4.848
12464 	 -4.799
12472 	 -4.726
12476 	 -4.899
12480 	 -4.755
12482 	 -4.691
12488 	 -4.657
12490 	 -4.64
12500 	 -4.847
12502 	 -4.828
12508 	 -4.819
12510 	 -4.794
12516 	 -4.744
12526 	 -4.666
12528 	 -4.646
12536 	 -4.69
12544 	 -4.629
12550 	 -4.937
12552 	 -4.817
12560 	 -4.751
12562 	 -4.988
12566 	 -4.946
12570 	 -5.09
12576 	 -5.086
12578 	 -5.059
12584 	 -5.16
12590 	 -5.02
12598 	 -4.96
12604 	 -4.945
12614 	 -4.784
12616 	 -4.575
12618 	 -4.493
12624 	 -4.48
12626 	 -4.849
12632 	 -4.687
12642 	 -4.676
12646 	 -4.671
12650 	 -4.87
12658 	 -4.807
12660 	 -4.627
12664 	 -4.705
12694 	 -4.693
12712 	 -3.509
12718 	 -3.503
12728 	 -3.528
12730 	 -3.491
12736 	 -3.379
12738 	 -3.322
12742 	 -3.318
12744 	 -3.335
12748 	 -3.333
12754 	 -3.321
12758 	 -3.256
12760 	 -3.802
12764 	 -3.885
12776 	 -3.865
12780 	 -3.81
12784 	 -3.933
12788 	 -3.93
12790 	 -3.94
12794 	 -3.946
12796 	 -3.908
12798 	 -3.917
12808 	 -4.109
12810 	 -4.038
12818 	 -4.646
12824 	 -4.92
12834 	 -4.882
12840 	 -5.238
12846 	 -5.028
12856 	 -4.97
12864 	 -4.825
12870 	 -4.682
12874 	 -4.104
12878 	 -4.064
12882 	 -4.04
12884 	 -3.988
12886 	 -4.051
12890 	 -3.887
12906 	 -4.019
12910 	 -3.983
12914 	 -3.799
12918 	 -3.711
12922 	 -3.454
12924 	 -3.301
12932 	 -3.367
12938 	 -3.506
12948 	 -3.293
12954 	 -3
12956 	 -2.903
12964 	 -2.853
12966 	 -2.659
12970 	 -2.654
12974 	 -2.742
12976 	 -2.909
12984 	 -2.498
12986 	 -2.399
12988 	 -2.409
12990 	 -2.403
12992 	 -2.322
12996 	 -2.306
13000 	 -2.329
13012 	 -2.222
13014 	 -2.359
13030 	 -2.323
13042 	 -2.459
13044 	 -2.558
13048 	 -2.593
13058 	 -2.512
13060 	 -3.091
13066 	 -2.975
13076 	 -2.699
13078 	 -2.697
13080 	 -2.691
13082 	 -2.801
13084 	 -2.963
13086 	 -3
13100 	 -2.813
13102 	 -2.911
13108 	 -2.891
13114 	 -2.915
13118 	 -2.865
13120 	 -2.831
13142 	 -2.776
13144 	 -2.769
13148 	 -2.793
13150 	 -2.725
13152 	 -1.932
13156 	 -2.203
13158 	 -2.171
13160 	 -2.034
13162 	 -2.013
13168 	 -1.994
13170 	 -1.978
13174 	 -1.967
13176 	 -1.944
13182 	 -1.943
13184 	 -1.811
13192 	 -1.495
13200 	 -1.491
13202 	 -1.464
13204 	 -1.325
13208 	 -1.256
13212 	 -1.235
13220 	 -1.226
13224 	 -1.182
13226 	 -1.279
13232 	 -1.203
13234 	 -1.201
13236 	 -1.221
13240 	 -1.205
13250 	 -1.193
13258 	 -1.191
13262 	 -1.249
13270 	 -1.37
13272 	 -1.279
13282 	 -1.257
13290 	 -1.243
13300 	 -1.383
13306 	 -1.368
13308 	 -1.463
13316 	 -1.449
13352 	 -1.439
13354 	 -1.291
13366 	 -1.29
13378 	 -1.338
13380 	 -1.425
13398 	 -1.439
13400 	 -1.478
13406 	 -1.476
13412 	 -1.316
13418 	 -1.287
13428 	 -1.05
13436 	 -0.87
13446 	 -0.84
13454 	 -0.838
13456 	 -0.658
13462 	 -0.657
13466 	 -0.638
13474 	 -0.625
13476 	 -0.519
13478 	 -0.478
13490 	 -0.364
13494 	 -0.362
13496 	 -0.345
13508 	 -0.316
13532 	 -0.285
13536 	 -0.257
13546 	 -0.211
13570 	 -0.192
13572 	 -0.191
13580 	 -0.169
13598 	 -0.135
13600 	 -0.132
13604 	 -0.131
13626 	 -0.112
13648 	 -0.078
13652 	 -0.076
13654 	 -0.067
13690 	 -0.064
13726 	 -0.063
13752 	 -0.056
13786 	 -0.054
13796 	 -0.053
13932 	 -0.05
13936 	 -0.043
13962 	 -0.04
14012 	 -0.029
14034 	 -0.026
14074 	 -0.025
14090 	 -0.017
14246 	 -0.012
15000 	 -1.379
15024 	 -1.509
15050 	 -2.018
15078 	 -2.343
15112 	 -2.387
15158 	 -2.518
15162 	 -2.539
15174 	 -2.515
15186 	 -2.29
15216 	 -2.088
15232 	 -1.912
15238 	 -1.976
15262 	 -2.206
15268 	 -2.12
15282 	 -1.988
15298 	 -1.814
15308 	 -1.833
15310 	 -1.894
15334 	 -2.038
15336 	 -2.486
15346 	 -2.46
15354 	 -2.56
15356 	 -2.815
15372 	 -2.638
15374 	 -2.063
15400 	 -1.39
15422 	 -1.065
15456 	 -0.67
15460 	 -0.531
15486 	 -0.247
15490 	 -0.16
15558 	 -0.058
15574 	 -0.029
15660 	 -0.026
15708 	 -0.02
15864 	 -0.011
15904 	 -0.003
15916 	 0
18000 	 -2.128
18020 	 -2.245
18042 	 -2.757
18064 	 -2.888
18088 	 -2.367
18120 	 -1.886
18154 	 -2.464
18180 	 -2.2
18190 	 -2.729
18234 	 -3.326
18252 	 -3.318
18262 	 -2.945
18270 	 -2.622
18278 	 -2.601
18286 	 -2.554
18296 	 -3.827
18316 	 -3.842
18328 	 -4.33
18336 	 -4.213
18342 	 -4.316
18348 	 -4.119
18360 	 -3.994
18368 	 -3.382
18384 	 -3.41
18402 	 -2.618
18420 	 -1.35
18426 	 -1.174
18434 	 -0.938
18448 	 -0.258
18472 	 -0.198
18552 	 -0.02
18864 	 -0.004
19002 	 0
21000 	 -1.44
21001 	 -1.44
