0 	 0
3000 	 -1.376
3024 	 -1.496
3050 	 -1.88
3062 	 -2.472
3078 	 -3.176
3112 	 -3.62
3158 	 -3.808
3164 	 -3.728
3186 	 -2.828
3198 	 -2.688
3216 	 -1.912
3232 	 -1.736
3238 	 -1.364
3262 	 -0.608
3296 	 -0.264
3400 	 -0.024
3636 	 -0.008
3904 	 0
6000 	 -2.478
6020 	 -2.638
6042 	 -3.286
6064 	 -3.582
6088 	 -3.11
6120 	 -2.686
6138 	 -2.872
6154 	 -3.312
6180 	 -3.048
6190 	 -3.516
6198 	 -3.5
6234 	 -3.9
6284 	 -4.203
6296 	 -4.179
6346 	 -4.159
6360 	 -2.871
6374 	 -2.271
6376 	 -1.719
6424 	 -1.319
6444 	 -0.761
6504 	 -0.637
6506 	 -0.613
6552 	 -0.501
6634 	 -0.359
6704 	 -0.331
6710 	 -0.307
6726 	 -0.295
6728 	 -0.267
6782 	 -0.263
6894 	 -0.165
6990 	 -0.145
6994 	 -0.125
7002 	 -0.093
7272 	 -0.089
7278 	 -0.085
7290 	 -0.073
7324 	 -0.025
9000 	 -1.433
9024 	 -1.537
9050 	 -2.497
9078 	 -3.177
9112 	 -3.761
9158 	 -3.713
9162 	 -3.797
9174 	 -3.705
9186 	 -2.857
9216 	 -3.589
9232 	 -3.413
9238 	 -3.801
9262 	 -1.973
9268 	 -1.305
9298 	 -0.417
9304 	 -0.413
9306 	 -0.409
9334 	 -0.277
9400 	 -0.025
9660 	 -0.009
9904 	 -0.001
12000 	 -2.54
12002 	 -2.421
12004 	 -2.543
12006 	 -2.456
12008 	 -3.711
12010 	 -4.143
12012 	 -4.786
12018 	 -4.832
12020 	 -5.278
12032 	 -5.244
12034 	 -5.303
12040 	 -5.497
12042 	 -5.973
12062 	 -6.191
12064 	 -6.267
12070 	 -6.626
12088 	 -6.014
12090 	 -6.104
12100 	 -6.145
12114 	 -6.286
12120 	 -5.666
12130 	 -5.427
12154 	 -6.463
12156 	 -6.585
12166 	 -6.669
12176 	 -6.72
12178 	 -6.651
12180 	 -6.387
12182 	 -6.853
12184 	 -6.705
12186 	 -6.891
12190 	 -7.207
12192 	 -7.15
12200 	 -7.05
12208 	 -7.442
12210 	 -7.5
12212 	 -8.544
12222 	 -8.437
12226 	 -8.428
12230 	 -8.279
12234 	 -9.627
12236 	 -9.716
12244 	 -9.89
12248 	 -9.865
12252 	 -9.11
12254 	 -9.223
12260 	 -9.429
12264 	 -9.235
12266 	 -9.592
12274 	 -8.34
12276 	 -8.581
12280 	 -8.398
12282 	 -8.101
12290 	 -7.829
12296 	 -7.926
12304 	 -7.336
12308 	 -7.321
12320 	 -7.323
12322 	 -7.16
12324 	 -6.556
12330 	 -6.463
12332 	 -6.495
12334 	 -6.461
12338 	 -6.209
12340 	 -6.286
12342 	 -6.283
12344 	 -5.487
12346 	 -5.409
12358 	 -5.243
12360 	 -4.291
12362 	 -4.322
12380 	 -4.003
12382 	 -3.995
12386 	 -3.626
12392 	 -3.646
12404 	 -3.374
12406 	 -3.344
12412 	 -3.288
12432 	 -2.998
12437 	 -3.218
12438 	 -3.083
12440 	 -3.225
12456 	 -3.057
12466 	 -3.164
12472 	 -3.091
12476 	 -3.281
12480 	 -3.137
12498 	 -2.927
12508 	 -2.918
12510 	 -2.917
12516 	 -3.09
12526 	 -3.012
12532 	 -3.003
12540 	 -3.069
12544 	 -3.008
12550 	 -2.934
12552 	 -2.799
12558 	 -2.768
12562 	 -2.704
12566 	 -2.662
12574 	 -2.687
12576 	 -2.624
12578 	 -2.605
12588 	 -2.604
12590 	 -2.178
12594 	 -2.444
12604 	 -2.434
12618 	 -2.526
12622 	 -2.511
12630 	 -2.462
12644 	 -2.932
12648 	 -3.1
12654 	 -3.295
12664 	 -3.175
12672 	 -3.207
12692 	 -3.026
12712 	 -2.302
12732 	 -2.129
12746 	 -2.118
12748 	 -2.101
12756 	 -2.232
12766 	 -2.073
12782 	 -2.172
12790 	 -2.325
12792 	 -2.324
12814 	 -2.322
12826 	 -2.703
12840 	 -2.617
12874 	 -2.882
12882 	 -2.856
12892 	 -3.258
12906 	 -3.629
12908 	 -3.738
12916 	 -3.736
12920 	 -4.158
12924 	 -4.309
12926 	 -4.277
12934 	 -4.41
12954 	 -4.224
12962 	 -4.588
12964 	 -4.838
12974 	 -4.593
12976 	 -4.611
12978 	 -4.819
12988 	 -4.846
12990 	 -4.84
12996 	 -5.368
12998 	 -5.193
13008 	 -5.179
13014 	 -4.938
13016 	 -4.837
13018 	 -4.828
13020 	 -5.006
13022 	 -4.995
13030 	 -5.14
13034 	 -5.001
13036 	 -4.921
13038 	 -4.175
13042 	 -4.455
13044 	 -4.512
13052 	 -4.632
13054 	 -4.563
13060 	 -4.715
13062 	 -4.714
13066 	 -4.62
13072 	 -4.513
13078 	 -4.511
13082 	 -3.97
13086 	 -3.813
13092 	 -3.81
13098 	 -3.852
13100 	 -3.761
13102 	 -3.781
13114 	 -3.755
13116 	 -3.817
13124 	 -3.901
13136 	 -3.893
13138 	 -3.812
13140 	 -3.779
13144 	 -3.712
13150 	 -3.067
13156 	 -2.93
13158 	 -3.226
13162 	 -3.858
13170 	 -3.956
13172 	 -3.855
13176 	 -3.887
13180 	 -3.77
13182 	 -3.779
13184 	 -3.758
13186 	 -3.752
13188 	 -3.772
13192 	 -3.771
13194 	 -3.756
13202 	 -3.838
13204 	 -3.901
13206 	 -3.869
13210 	 -4.038
13212 	 -4.119
13214 	 -4.151
13220 	 -4.142
13222 	 -3.949
13232 	 -4.052
13234 	 -4.038
13236 	 -4.004
13238 	 -3.957
13242 	 -3.793
13244 	 -3.745
13254 	 -3.727
13256 	 -3.638
13262 	 -3.607
13268 	 -3.406
13274 	 -3.37
13278 	 -3.316
13280 	 -3.218
13282 	 -3.336
13284 	 -3.294
13288 	 -3.357
13298 	 -3.433
13308 	 -1.94
13312 	 -2.466
13318 	 -2.55
13324 	 -2.597
13330 	 -2.713
13332 	 -2.746
13340 	 -2.665
13350 	 -2.546
13360 	 -2.544
13362 	 -2.673
13374 	 -2.697
13378 	 -2.651
13382 	 -2.636
13390 	 -2.553
13392 	 -2.666
13412 	 -2.768
13414 	 -2.767
13416 	 -2.665
13418 	 -2.627
13422 	 -2.624
13438 	 -2.669
13444 	 -2.651
13454 	 -2.636
13456 	 -2.588
13470 	 -2.553
13472 	 -2.629
13480 	 -2.712
13482 	 -2.775
13500 	 -2.611
13508 	 -2.587
13514 	 -2.28
13520 	 -2.261
13522 	 -2.166
13526 	 -2.161
13540 	 -2.228
13542 	 -2.097
13548 	 -2.029
13550 	 -2.054
13552 	 -1.77
13564 	 -1.735
13580 	 -1.757
13588 	 -1.725
13608 	 -1.719
13622 	 -1.655
13626 	 -1.639
13630 	 -1.423
13638 	 -1.414
13648 	 -1.407
13654 	 -1.405
13682 	 -1.574
13694 	 -1.613
13700 	 -1.605
13702 	 -1.668
13710 	 -1.644
13720 	 -1.631
13740 	 -1.525
13748 	 -1.507
13756 	 -1.46
13768 	 -1.439
13770 	 -1.434
13776 	 -1.44
13778 	 -1.441
13786 	 -1.282
13802 	 -1.274
13804 	 -1.242
13808 	 -1.241
13810 	 -1.226
13816 	 -1.181
13818 	 -1.18
13822 	 -1.166
13824 	 -0.995
13842 	 -0.965
13856 	 -0.99
13860 	 -0.922
13880 	 -0.913
13882 	 -0.762
13884 	 -0.737
13886 	 -0.735
13888 	 -0.811
13900 	 -0.792
13902 	 -0.787
13914 	 -0.757
13928 	 -0.527
13932 	 -0.526
13936 	 -0.52
13942 	 -0.5
13946 	 -0.482
13958 	 -0.42
13960 	 -0.418
13966 	 -0.393
13978 	 -0.274
13986 	 -0.258
13994 	 -0.218
14008 	 -0.171
14034 	 -0.135
14050 	 -0.126
14086 	 -0.125
14090 	 -0.121
14106 	 -0.098
14110 	 -0.096
14136 	 -0.092
14146 	 -0.086
14180 	 -0.085
14202 	 -0.07
14242 	 -0.067
14252 	 -0.063
14314 	 -0.062
14320 	 -0.049
14330 	 -0.041
14456 	 -0.038
15000 	 -1.384
15024 	 -1.525
15050 	 -2.305
15078 	 -2.884
15112 	 -3.332
15158 	 -3.434
15162 	 -3.496
15174 	 -3.424
15186 	 -2.847
15216 	 -3.443
15232 	 -3.267
15238 	 -3.46
15262 	 -2.712
15268 	 -2.454
15282 	 -2.058
15298 	 -1.537
15310 	 -1.599
15336 	 -2.047
15346 	 -1.969
15356 	 -2.224
15374 	 -1.649
15400 	 -1.054
15422 	 -0.814
15456 	 -0.42
15486 	 -0.136
15558 	 -0.034
15660 	 -0.025
15708 	 -0.019
15864 	 -0.01
15904 	 -0.002
18000 	 -2.128
18020 	 -2.254
18042 	 -2.798
18064 	 -2.975
18088 	 -2.46
18120 	 -1.931
18154 	 -3.112
18180 	 -2.848
18190 	 -3.636
18234 	 -5
18252 	 -4.976
18262 	 -4.697
18270 	 -3.728
18278 	 -3.665
18286 	 -3.524
18296 	 -4.415
18316 	 -4.46
18328 	 -4.826
18336 	 -4.475
18342 	 -4.514
18348 	 -3.923
18360 	 -3.233
18368 	 -2.774
18384 	 -2.795
18402 	 -2.03
18420 	 -1.079
18426 	 -0.947
18434 	 -0.77
18448 	 -0.26
18472 	 -0.215
18552 	 -0.024
18864 	 -0.012
19002 	 0
21000 	 -1.44
21001 	 -1.44
