0 	 0
3000 	 -1.376
3024 	 -1.496
3050 	 -1.88
3062 	 -2.472
3078 	 -3.176
3112 	 -3.62
3158 	 -3.808
3164 	 -3.728
3186 	 -2.828
3198 	 -2.688
3216 	 -1.912
3232 	 -1.736
3238 	 -1.364
3262 	 -0.608
3296 	 -0.264
3400 	 -0.024
3636 	 -0.008
3904 	 0
6000 	 -2.478
6020 	 -2.638
6042 	 -3.286
6064 	 -3.582
6088 	 -3.11
6120 	 -2.686
6138 	 -2.872
6154 	 -3.312
6180 	 -3.048
6190 	 -3.516
6198 	 -3.5
6234 	 -3.9
6284 	 -4.203
6296 	 -4.179
6346 	 -4.159
6360 	 -2.871
6374 	 -2.271
6376 	 -1.719
6424 	 -1.319
6444 	 -0.761
6504 	 -0.637
6506 	 -0.613
6552 	 -0.501
6634 	 -0.359
6704 	 -0.331
6710 	 -0.307
6726 	 -0.295
6728 	 -0.267
6782 	 -0.263
6894 	 -0.165
6990 	 -0.145
6994 	 -0.125
7002 	 -0.093
7272 	 -0.089
7278 	 -0.085
7290 	 -0.073
7324 	 -0.025
9000 	 -1.433
9024 	 -1.537
9050 	 -2.497
9078 	 -3.177
9112 	 -3.761
9158 	 -3.713
9162 	 -3.797
9174 	 -3.705
9186 	 -2.857
9216 	 -3.589
9232 	 -3.413
9238 	 -3.801
9262 	 -1.973
9268 	 -1.305
9298 	 -0.417
9304 	 -0.413
9306 	 -0.409
9334 	 -0.277
9400 	 -0.025
9660 	 -0.009
9904 	 -0.001
12000 	 -2.54
12002 	 -2.421
12004 	 -2.503
12006 	 -2.416
12008 	 -3.26
12010 	 -3.692
12012 	 -4.12
12018 	 -4.166
12020 	 -4.499
12032 	 -4.465
12034 	 -4.524
12040 	 -4.63
12042 	 -5.106
12062 	 -5.324
12064 	 -5.4
12070 	 -5.584
12088 	 -4.972
12090 	 -5.062
12100 	 -5.182
12120 	 -4.562
12130 	 -4.356
12154 	 -5.392
12156 	 -5.422
12160 	 -5.78
12166 	 -5.864
12176 	 -5.915
12178 	 -5.979
12180 	 -5.715
12182 	 -6.181
12186 	 -6.31
12190 	 -6.626
12198 	 -6.604
12200 	 -6.845
12208 	 -7.237
12210 	 -7.358
12212 	 -8.402
12222 	 -8.295
12230 	 -8.479
12234 	 -9.827
12236 	 -9.916
12244 	 -10.152
12246 	 -10.303
12252 	 -9.647
12254 	 -9.546
12256 	 -9.501
12264 	 -9.433
12266 	 -9.83
12270 	 -9.942
12274 	 -8.69
12276 	 -8.924
12280 	 -8.741
12282 	 -8.584
12290 	 -8.312
12296 	 -8.409
12304 	 -8.331
12308 	 -8.316
12310 	 -8.38
12314 	 -8.049
12322 	 -7.882
12324 	 -7.278
12328 	 -7.435
12330 	 -7.366
12332 	 -7.398
12334 	 -7.335
12338 	 -7.083
12340 	 -6.963
12344 	 -6.051
12346 	 -6.043
12350 	 -6.034
12356 	 -6.101
12358 	 -5.959
12360 	 -5.007
12362 	 -4.904
12376 	 -4.803
12380 	 -4.318
12382 	 -4.31
12386 	 -3.826
12392 	 -3.707
12404 	 -3.357
12406 	 -3.451
12412 	 -3.395
12432 	 -4.493
12437 	 -4.713
12438 	 -3.845
12440 	 -3.987
12448 	 -3.756
12456 	 -3.689
12466 	 -3.716
12472 	 -3.643
12476 	 -3.905
12480 	 -3.761
12508 	 -3.752
12510 	 -3.714
12516 	 -3.887
12526 	 -3.809
12540 	 -4.061
12544 	 -4
12546 	 -3.96
12550 	 -3.917
12552 	 -3.78
12562 	 -3.842
12566 	 -3.8
12576 	 -3.796
12578 	 -3.777
12588 	 -3.916
12590 	 -3.806
12594 	 -3.978
12604 	 -3.615
12618 	 -3.563
12622 	 -3.548
12624 	 -3.535
12626 	 -2.897
12648 	 -2.928
12660 	 -2.864
12662 	 -2.866
12664 	 -2.746
12672 	 -2.717
12682 	 -2.756
12686 	 -2.942
12696 	 -3.305
12712 	 -2.895
12730 	 -2.849
12740 	 -2.845
12748 	 -2.592
12760 	 -2.459
12766 	 -2.45
12774 	 -2.421
12776 	 -2.536
12782 	 -2.441
12784 	 -2.319
12816 	 -2.512
12820 	 -2.379
12822 	 -2.5
12832 	 -2.499
12840 	 -2.707
12842 	 -2.845
12874 	 -2.617
12896 	 -2.67
12898 	 -2.756
12904 	 -2.915
12924 	 -2.945
12934 	 -2.796
12958 	 -3.445
12960 	 -3.953
12964 	 -3.981
12984 	 -4.204
12988 	 -4.375
12990 	 -4.372
12996 	 -4.356
13002 	 -4.383
13014 	 -4.893
13016 	 -4.595
13020 	 -4.358
13022 	 -4.378
13028 	 -4.534
13034 	 -4.351
13038 	 -4.322
13042 	 -4.303
13046 	 -4.049
13048 	 -4.109
13052 	 -4.304
13054 	 -4.314
13060 	 -4.314
13062 	 -4.313
13066 	 -3.912
13072 	 -3.688
13076 	 -3.542
13078 	 -3.54
13080 	 -3.65
13086 	 -3.562
13088 	 -3.617
13114 	 -3.328
13136 	 -3.245
13146 	 -3.051
13150 	 -2.89
13156 	 -2.857
13162 	 -2.967
13174 	 -3.167
13176 	 -3.097
13182 	 -3.096
13192 	 -3.126
13202 	 -3.491
13206 	 -3.779
13208 	 -3.703
13212 	 -3.89
13216 	 -3.85
13220 	 -3.944
13226 	 -3.814
13228 	 -3.623
13234 	 -3.597
13238 	 -3.709
13248 	 -3.485
13258 	 -3.619
13262 	 -3.662
13268 	 -3.169
13274 	 -3.311
13278 	 -3.287
13288 	 -3.332
13292 	 -3.195
13304 	 -3.375
13312 	 -3.025
13314 	 -2.969
13326 	 -2.817
13328 	 -2.227
13342 	 -2.118
13360 	 -2.073
13366 	 -2.132
13368 	 -2.106
13382 	 -2.416
13384 	 -2.301
13388 	 -2.26
13392 	 -1.744
13404 	 -1.779
13412 	 -1.759
13414 	 -1.885
13422 	 -2.082
13426 	 -2.141
13428 	 -2.332
13434 	 -2.247
13438 	 -2.276
13450 	 -2.354
13452 	 -2.346
13454 	 -2.345
13456 	 -2.703
13484 	 -2.485
13490 	 -2.348
13502 	 -2.36
13508 	 -2.185
13512 	 -2.236
13516 	 -2.297
13532 	 -2.334
13534 	 -2.385
13542 	 -2.556
13550 	 -2.508
13556 	 -2.363
13560 	 -2.328
13568 	 -2.203
13572 	 -2.389
13580 	 -2.255
13590 	 -2.134
13602 	 -2.199
13604 	 -2.166
13612 	 -2.298
13618 	 -2.276
13620 	 -2.337
13636 	 -2.16
13638 	 -2.153
13644 	 -2.211
13652 	 -2.182
13658 	 -2.305
13674 	 -2.269
13678 	 -2.311
13694 	 -2.146
13710 	 -2.324
13714 	 -2.303
13718 	 -2.266
13744 	 -2.23
13746 	 -1.977
13758 	 -1.862
13762 	 -1.832
13772 	 -1.805
13782 	 -1.793
13798 	 -1.775
13800 	 -1.773
13804 	 -1.77
13810 	 -1.759
13822 	 -1.867
13868 	 -1.878
13870 	 -1.973
13872 	 -2.011
13888 	 -1.844
13898 	 -1.837
13906 	 -1.814
13922 	 -1.83
13928 	 -1.861
13938 	 -1.854
13944 	 -1.935
13968 	 -1.933
13978 	 -1.843
13984 	 -1.856
13988 	 -1.855
13992 	 -1.931
14010 	 -1.89
14014 	 -1.749
14028 	 -1.751
14036 	 -1.735
14040 	 -1.732
14042 	 -1.689
14054 	 -1.749
14058 	 -1.625
14066 	 -1.771
14082 	 -1.717
14086 	 -1.716
14094 	 -1.67
14102 	 -1.657
14112 	 -1.426
14118 	 -1.423
14132 	 -1.108
14144 	 -1.102
14146 	 -1.055
14150 	 -1.003
14164 	 -0.951
14170 	 -0.776
14186 	 -0.733
14188 	 -0.691
14190 	 -0.684
14200 	 -0.645
14204 	 -0.626
14212 	 -0.618
14232 	 -0.599
14260 	 -0.587
14268 	 -0.577
14272 	 -0.521
14284 	 -0.525
14290 	 -0.524
14330 	 -0.512
14350 	 -0.645
14354 	 -0.643
14368 	 -0.613
14414 	 -0.57
14432 	 -0.672
14480 	 -0.67
14502 	 -0.668
14558 	 -0.526
14580 	 -0.495
14634 	 -0.474
14658 	 -0.429
14704 	 -0.37
14738 	 -0.366
14780 	 -0.26
14858 	 -0.125
14904 	 -0.119
15000 	 -1.41
15024 	 -1.549
15050 	 -2.178
15078 	 -2.63
15112 	 -2.853
15158 	 -2.881
15162 	 -2.901
15164 	 -2.886
15174 	 -2.862
15186 	 -2.337
15216 	 -2.572
15232 	 -2.396
15238 	 -2.494
15248 	 -2.486
15262 	 -1.832
15266 	 -1.807
15268 	 -1.721
15276 	 -1.563
15282 	 -1.431
15298 	 -1.079
15310 	 -1.12
15336 	 -1.418
15344 	 -1.39
15346 	 -1.364
15356 	 -1.535
15374 	 -1.15
15400 	 -0.715
15422 	 -0.556
15456 	 -0.292
15486 	 -0.103
15558 	 -0.036
15660 	 -0.03
15708 	 -0.024
15864 	 -0.019
15904 	 -0.011
15960 	 -0.008
15992 	 -0.006
16326 	 -0.005
16396 	 -0.004
18000 	 -2.128
18020 	 -2.236
18042 	 -2.716
18064 	 -2.81
18088 	 -2.232
18120 	 -1.658
18154 	 -2.416
18180 	 -2.152
18190 	 -2.608
18234 	 -3.44
18252 	 -3.424
18262 	 -3.238
18270 	 -2.592
18278 	 -2.55
18286 	 -2.456
18296 	 -3.002
18316 	 -3.032
18328 	 -3.276
18336 	 -3.042
18342 	 -3.068
18348 	 -2.674
18360 	 -2.166
18368 	 -1.86
18384 	 -1.874
18402 	 -1.364
18420 	 -0.73
18426 	 -0.642
18434 	 -0.524
18448 	 -0.184
18472 	 -0.154
18552 	 -0.016
18864 	 -0.008
19002 	 0
21000 	 -1.44
21001 	 -1.44
