0 	 0
3000 	 -1.376
3024 	 -1.496
3050 	 -1.88
3062 	 -2.472
3078 	 -3.176
3112 	 -3.62
3158 	 -3.808
3164 	 -3.728
3186 	 -2.828
3198 	 -2.688
3216 	 -1.912
3232 	 -1.736
3238 	 -1.364
3262 	 -0.608
3296 	 -0.264
3400 	 -0.024
3636 	 -0.008
3904 	 0
6000 	 -2.478
6020 	 -2.638
6042 	 -3.286
6064 	 -3.582
6088 	 -3.11
6120 	 -2.686
6138 	 -2.872
6154 	 -3.312
6180 	 -3.048
6190 	 -3.516
6198 	 -3.5
6234 	 -3.9
6284 	 -4.203
6296 	 -4.179
6346 	 -4.159
6360 	 -2.871
6374 	 -2.271
6376 	 -1.719
6424 	 -1.319
6444 	 -0.761
6504 	 -0.637
6506 	 -0.613
6552 	 -0.501
6634 	 -0.359
6704 	 -0.331
6710 	 -0.307
6726 	 -0.295
6728 	 -0.267
6782 	 -0.263
6894 	 -0.165
6990 	 -0.145
6994 	 -0.125
7002 	 -0.093
7272 	 -0.089
7278 	 -0.085
7290 	 -0.073
7324 	 -0.025
9000 	 -1.433
9024 	 -1.537
9050 	 -2.497
9078 	 -3.177
9112 	 -3.761
9158 	 -3.713
9162 	 -3.797
9174 	 -3.705
9186 	 -2.857
9216 	 -3.589
9232 	 -3.413
9238 	 -3.801
9262 	 -1.973
9268 	 -1.305
9298 	 -0.417
9304 	 -0.413
9306 	 -0.409
9334 	 -0.277
9400 	 -0.025
9660 	 -0.009
9904 	 -0.001
12000 	 -2.54
12002 	 -2.421
12004 	 -2.543
12006 	 -2.456
12008 	 -3.711
12010 	 -4.143
12012 	 -4.786
12018 	 -4.832
12020 	 -5.278
12032 	 -5.244
12034 	 -5.296
12040 	 -5.5
12042 	 -5.976
12062 	 -6.168
12064 	 -6.244
12070 	 -6.619
12088 	 -6.007
12090 	 -6.049
12100 	 -6.125
12120 	 -5.591
12130 	 -5.405
12154 	 -6.441
12156 	 -6.453
12160 	 -6.811
12166 	 -6.768
12176 	 -6.72
12178 	 -6.997
12180 	 -6.733
12182 	 -7.199
12184 	 -7.153
12188 	 -7.16
12190 	 -7.476
12198 	 -7.454
12200 	 -7.372
12208 	 -7.764
12210 	 -7.787
12212 	 -8.831
12222 	 -8.724
12228 	 -8.968
12230 	 -9.017
12234 	 -10.365
12236 	 -10.276
12246 	 -10.563
12250 	 -10.546
12252 	 -9.83
12254 	 -9.628
12256 	 -9.503
12262 	 -9.646
12264 	 -9.616
12266 	 -9.871
12274 	 -8.619
12276 	 -8.386
12278 	 -8.454
12282 	 -8.268
12284 	 -8.376
12288 	 -8.292
12290 	 -8.02
12296 	 -8.117
12302 	 -8.085
12304 	 -8.041
12308 	 -8.026
12310 	 -7.923
12314 	 -7.938
12320 	 -7.94
12322 	 -7.86
12324 	 -7.256
12326 	 -7.21
12330 	 -7.2
12332 	 -7.232
12334 	 -7.237
12338 	 -6.802
12344 	 -6.006
12350 	 -6.08
12358 	 -6.052
12360 	 -5.1
12362 	 -5.068
12368 	 -5.057
12376 	 -4.934
12380 	 -4.889
12382 	 -4.881
12386 	 -4.557
12392 	 -4.553
12404 	 -4.019
12406 	 -3.989
12410 	 -4.03
12412 	 -3.974
12418 	 -3.89
12432 	 -3.929
12437 	 -4.149
12438 	 -3.664
12440 	 -3.806
12456 	 -3.345
12466 	 -3.392
12472 	 -3.297
12476 	 -3.551
12480 	 -3.407
12508 	 -3.388
12510 	 -3.307
12516 	 -3.48
12526 	 -3.402
12540 	 -3.527
12544 	 -3.466
12550 	 -3.086
12552 	 -2.966
12562 	 -3.045
12566 	 -3.003
12576 	 -2.999
12586 	 -2.91
12590 	 -2.8
12594 	 -3.088
12604 	 -3.036
12606 	 -2.926
12610 	 -2.776
12618 	 -2.745
12624 	 -2.732
12640 	 -2.803
12648 	 -2.922
12656 	 -3.121
12664 	 -3.001
12672 	 -3.077
12678 	 -3.185
12694 	 -3.276
12712 	 -2.655
12732 	 -2.464
12748 	 -2.447
12752 	 -2.275
12764 	 -2.424
12776 	 -2.414
12782 	 -2.627
12786 	 -2.455
12790 	 -2.447
12798 	 -2.641
12806 	 -2.705
12810 	 -2.794
12812 	 -2.78
12828 	 -2.868
12832 	 -2.846
12838 	 -2.882
12840 	 -2.753
12874 	 -2.688
12876 	 -2.674
12886 	 -2.625
12890 	 -2.691
12900 	 -2.646
12906 	 -2.68
12910 	 -2.822
12918 	 -2.767
12920 	 -3.011
12922 	 -2.992
12924 	 -2.932
12926 	 -3.389
12930 	 -3.983
12938 	 -4.229
12940 	 -4.374
12944 	 -4.425
12950 	 -4.401
12962 	 -4.435
12964 	 -4.327
12966 	 -4.261
12968 	 -4.153
12974 	 -4.346
12980 	 -4.402
12990 	 -4.396
12992 	 -4.615
12996 	 -4.618
13006 	 -4.429
13012 	 -4.587
13016 	 -4.486
13020 	 -4.299
13022 	 -4.171
13024 	 -4.268
13026 	 -4.171
13028 	 -4.162
13036 	 -4.148
13040 	 -3.995
13042 	 -3.976
13048 	 -3.7
13052 	 -3.517
13056 	 -3.406
13058 	 -3.335
13062 	 -3.334
13068 	 -3.423
13076 	 -3.491
13078 	 -3.636
13082 	 -3.497
13084 	 -3.42
13090 	 -3.41
13094 	 -3.295
13096 	 -3.17
13098 	 -3.072
13100 	 -3.05
13104 	 -3.041
13112 	 -2.913
13114 	 -2.957
13118 	 -2.941
13124 	 -2.85
13128 	 -2.913
13134 	 -2.86
13138 	 -2.856
13150 	 -2.896
13152 	 -3.142
13156 	 -3.03
13158 	 -3.024
13160 	 -3.055
13164 	 -3.053
13166 	 -3.416
13172 	 -3.589
13182 	 -3.501
13184 	 -3.573
13188 	 -3.672
13190 	 -3.774
13196 	 -3.655
13200 	 -3.684
13214 	 -3.537
13218 	 -3.742
13220 	 -3.917
13222 	 -3.885
13228 	 -3.936
13234 	 -3.934
13236 	 -3.72
13250 	 -3.765
13256 	 -3.488
13272 	 -2.972
13278 	 -2.96
13286 	 -3.137
13290 	 -2.817
13292 	 -2.681
13294 	 -2.733
13298 	 -2.574
13300 	 -2.571
13308 	 -2.531
13314 	 -2.193
13318 	 -2.16
13328 	 -2.104
13338 	 -2.111
13340 	 -2.242
13342 	 -2.154
13358 	 -2.136
13360 	 -2.091
13370 	 -2.12
13372 	 -2.251
13380 	 -2.218
13384 	 -2.175
13392 	 -2.205
13398 	 -2.23
13400 	 -2.25
13402 	 -2.385
13420 	 -2.495
13422 	 -2.621
13430 	 -2.711
13432 	 -2.6
13440 	 -2.713
13446 	 -2.694
13454 	 -2.693
13462 	 -2.616
13468 	 -2.646
13478 	 -2.639
13484 	 -2.657
13488 	 -2.93
13500 	 -2.954
13504 	 -2.931
13508 	 -2.907
13510 	 -2.944
13518 	 -2.925
13524 	 -2.9
13528 	 -2.812
13532 	 -2.801
13536 	 -2.631
13538 	 -2.752
13540 	 -2.719
13550 	 -2.522
13556 	 -2.495
13562 	 -2.42
13572 	 -2.403
13586 	 -2.398
13590 	 -2.389
13598 	 -2.462
13602 	 -2.442
13604 	 -2.405
13606 	 -2.39
13608 	 -2.387
13610 	 -2.374
13616 	 -2.159
13618 	 -2.15
13620 	 -2.148
13632 	 -2.111
13640 	 -2.099
13646 	 -2.086
13658 	 -1.908
13662 	 -1.863
13684 	 -1.91
13690 	 -1.849
13696 	 -1.908
13716 	 -1.907
13726 	 -1.886
13730 	 -1.91
13732 	 -1.884
13738 	 -1.707
13756 	 -1.706
13760 	 -1.689
13764 	 -1.713
13768 	 -1.712
13782 	 -1.714
13804 	 -1.86
13812 	 -1.941
13822 	 -1.927
13834 	 -1.914
13836 	 -1.908
13842 	 -1.903
13844 	 -2.018
13850 	 -1.91
13854 	 -1.949
13862 	 -1.845
13866 	 -1.844
13868 	 -1.843
13870 	 -1.834
13872 	 -1.676
13888 	 -1.689
13896 	 -1.529
13906 	 -1.526
13910 	 -1.376
13926 	 -1.402
13928 	 -1.276
13932 	 -1.356
13954 	 -1.268
13956 	 -1.335
13974 	 -1.326
13976 	 -1.309
13978 	 -1.308
13980 	 -1.306
13982 	 -1.28
13992 	 -0.974
13998 	 -0.969
14002 	 -0.953
14004 	 -0.938
14006 	 -0.944
14008 	 -0.943
14020 	 -0.896
14022 	 -0.894
14026 	 -0.887
14036 	 -0.773
14040 	 -0.752
14048 	 -0.751
14052 	 -0.538
14060 	 -0.496
14070 	 -0.456
14090 	 -0.39
14092 	 -0.387
14096 	 -0.373
14102 	 -0.354
14112 	 -0.332
14120 	 -0.2
14176 	 -0.154
14204 	 -0.135
14210 	 -0.088
14244 	 -0.084
14284 	 -0.083
14326 	 -0.044
14436 	 -0.043
15000 	 -1.382
15024 	 -1.513
15050 	 -2.167
15078 	 -2.615
15112 	 -2.851
15158 	 -2.774
15162 	 -2.816
15174 	 -2.768
15186 	 -2.155
15216 	 -2.371
15232 	 -2.195
15238 	 -2.323
15262 	 -1.447
15268 	 -1.275
15282 	 -1.011
15298 	 -0.663
15310 	 -0.684
15336 	 -0.833
15346 	 -0.781
15356 	 -0.866
15374 	 -0.676
15400 	 -0.363
15422 	 -0.283
15456 	 -0.152
15486 	 -0.057
15558 	 -0.022
15660 	 -0.016
15864 	 -0.012
15904 	 -0.004
18000 	 -2.128
18020 	 -2.227
18042 	 -2.675
18064 	 -2.729
18088 	 -2.111
18120 	 -1.491
18154 	 -2.168
18180 	 -1.904
18190 	 -2.225
18234 	 -2.958
18252 	 -2.942
18262 	 -2.849
18270 	 -2.203
18278 	 -2.161
18286 	 -2.067
18296 	 -2.256
18316 	 -2.286
18328 	 -2.408
18336 	 -2.174
18342 	 -2.17
18348 	 -1.776
18360 	 -1.201
18368 	 -1.048
18384 	 -1.055
18402 	 -0.724
18420 	 -0.407
18426 	 -0.363
18434 	 -0.304
18448 	 -0.134
18472 	 -0.119
18552 	 -0.012
18864 	 -0.008
19002 	 0
21000 	 -1.44
21001 	 -1.44
