0 	 0
3000 	 -1.376
3024 	 -1.496
3050 	 -1.88
3062 	 -2.472
3078 	 -3.176
3112 	 -3.62
3158 	 -3.808
3164 	 -3.728
3186 	 -2.828
3198 	 -2.688
3216 	 -1.912
3232 	 -1.736
3238 	 -1.364
3262 	 -0.608
3296 	 -0.264
3400 	 -0.024
3636 	 -0.008
3904 	 0
6000 	 -2.478
6020 	 -2.638
6042 	 -3.286
6064 	 -3.582
6088 	 -3.11
6120 	 -2.686
6138 	 -2.872
6154 	 -3.312
6180 	 -3.048
6190 	 -3.516
6198 	 -3.5
6234 	 -3.9
6284 	 -4.203
6296 	 -4.179
6346 	 -4.159
6360 	 -2.871
6374 	 -2.271
6376 	 -1.719
6424 	 -1.319
6444 	 -0.761
6504 	 -0.637
6506 	 -0.613
6552 	 -0.501
6634 	 -0.359
6704 	 -0.331
6710 	 -0.307
6726 	 -0.295
6728 	 -0.267
6782 	 -0.263
6894 	 -0.165
6990 	 -0.145
6994 	 -0.125
7002 	 -0.093
7272 	 -0.089
7278 	 -0.085
7290 	 -0.073
7324 	 -0.025
9000 	 -1.433
9024 	 -1.537
9050 	 -2.497
9078 	 -3.177
9112 	 -3.761
9158 	 -3.713
9162 	 -3.797
9174 	 -3.705
9186 	 -2.857
9216 	 -3.589
9232 	 -3.413
9238 	 -3.801
9262 	 -1.973
9268 	 -1.305
9298 	 -0.417
9304 	 -0.413
9306 	 -0.409
9334 	 -0.277
9400 	 -0.025
9660 	 -0.009
9904 	 -0.001
12000 	 -2.554
12002 	 -2.49
12004 	 -3.012
12006 	 -3.136
12008 	 -4.485
12012 	 -5.119
12016 	 -4.987
12020 	 -5.433
12032 	 -5.241
12040 	 -5.416
12042 	 -5.892
12048 	 -5.689
12064 	 -5.789
12070 	 -5.944
12088 	 -5.332
12100 	 -5.36
12102 	 -5.255
12108 	 -5.309
12120 	 -4.781
12130 	 -4.364
12154 	 -5.4
12160 	 -5.845
12162 	 -5.818
12168 	 -6.133
12178 	 -6.216
12180 	 -5.952
12182 	 -6.418
12190 	 -6.734
12198 	 -6.66
12200 	 -6.79
12208 	 -7.182
12212 	 -8.226
12230 	 -8.51
12234 	 -9.858
12246 	 -10.114
12248 	 -10.353
12252 	 -9.637
12254 	 -9.499
12256 	 -9.45
12260 	 -9.414
12266 	 -9.811
12272 	 -9.947
12274 	 -8.695
12276 	 -8.652
12282 	 -8.466
12290 	 -8.194
12292 	 -8.286
12296 	 -8.383
12304 	 -8.339
12310 	 -8.443
12314 	 -8.162
12322 	 -8.087
12324 	 -7.483
12332 	 -7.515
12334 	 -7.408
12338 	 -7.156
12344 	 -6.328
12350 	 -6.319
12354 	 -6.199
12358 	 -6.132
12360 	 -5.18
12362 	 -5.364
12364 	 -5.361
12370 	 -5.27
12376 	 -5.169
12380 	 -5.087
12382 	 -5.079
12386 	 -4.776
12388 	 -4.772
12392 	 -4.73
12400 	 -4.701
12402 	 -4.816
12404 	 -4.466
12406 	 -4.436
12410 	 -4.331
12412 	 -4.27
12437 	 -4.49
12438 	 -3.394
12440 	 -3.536
12458 	 -3.913
12462 	 -3.885
12466 	 -3.979
12472 	 -3.906
12476 	 -4.205
12480 	 -4.061
12482 	 -3.997
12488 	 -3.963
12490 	 -3.946
12494 	 -3.921
12500 	 -4.012
12508 	 -4.003
12516 	 -4.176
12526 	 -4.098
12528 	 -4.041
12540 	 -4.22
12544 	 -4.159
12550 	 -4.18
12552 	 -4.06
12556 	 -3.971
12562 	 -4.089
12566 	 -4.047
12570 	 -4.041
12576 	 -4.037
12584 	 -3.632
12590 	 -3.522
12594 	 -3.604
12604 	 -3.594
12618 	 -3.672
12620 	 -3.553
12624 	 -3.54
12642 	 -3.519
12644 	 -3.269
12646 	 -3.264
12648 	 -3.296
12664 	 -3.176
12668 	 -3.253
12670 	 -3.499
12694 	 -3.487
12710 	 -3.495
12712 	 -3.452
12718 	 -3.562
12722 	 -3.664
12730 	 -3.627
12736 	 -3.693
12742 	 -3.689
12748 	 -3.672
12754 	 -3.66
12772 	 -3.453
12776 	 -3.433
12778 	 -3.477
12782 	 -3.391
12788 	 -3.383
12790 	 -3.353
12798 	 -3.557
12806 	 -3.827
12818 	 -4.041
12830 	 -4.177
12840 	 -4.107
12846 	 -4.079
12864 	 -3.989
12868 	 -4.022
12874 	 -3.958
12886 	 -3.826
12898 	 -3.878
12906 	 -4.031
12922 	 -4.088
12924 	 -3.905
12948 	 -3.848
12950 	 -3.944
12954 	 -3.943
12960 	 -3.901
12964 	 -4.158
12974 	 -4.723
12990 	 -5.05
12992 	 -5.031
12996 	 -5.015
13016 	 -4.877
13022 	 -4.878
13024 	 -4.657
13030 	 -4.444
13032 	 -4.414
13036 	 -4.409
13042 	 -4.39
13054 	 -4.231
13058 	 -4.244
13070 	 -4.216
13076 	 -4.121
13078 	 -4.119
13084 	 -4.161
13086 	 -4.021
13088 	 -3.879
13092 	 -4.318
13102 	 -4.417
13106 	 -4.227
13108 	 -4.804
13114 	 -4.776
13124 	 -4.445
13150 	 -4.535
13152 	 -4.611
13156 	 -4.537
13168 	 -4.938
13170 	 -4.907
13174 	 -4.829
13182 	 -4.828
13186 	 -4.782
13192 	 -5.018
13200 	 -5.008
13214 	 -4.981
13216 	 -5.726
13220 	 -5.717
13222 	 -5.514
13224 	 -5.81
13226 	 -5.953
13230 	 -6.125
13234 	 -5.97
13248 	 -5.259
13250 	 -5.255
13260 	 -5.111
13262 	 -5.135
13266 	 -5.181
13270 	 -5.146
13276 	 -5.123
13284 	 -5.28
13286 	 -5.244
13288 	 -4.313
13290 	 -4.384
13292 	 -4.786
13294 	 -4.73
13304 	 -4.665
13306 	 -4.655
13316 	 -4.86
13326 	 -4.836
13330 	 -4.828
13334 	 -4.522
13344 	 -4.591
13354 	 -4.243
13360 	 -4.198
13366 	 -4.074
13368 	 -4.086
13372 	 -3.811
13376 	 -3.867
13382 	 -3.846
13392 	 -3.688
13394 	 -3.658
13406 	 -3.801
13418 	 -3.794
13426 	 -3.653
13430 	 -3.563
13432 	 -3.844
13436 	 -4.048
13438 	 -4.017
13444 	 -4.138
13446 	 -4.174
13454 	 -4.172
13456 	 -4.113
13458 	 -4.101
13460 	 -4.141
13462 	 -4.14
13474 	 -4.12
13482 	 -3.992
13484 	 -3.896
13492 	 -3.987
13500 	 -3.839
13508 	 -5.523
13512 	 -5.494
13514 	 -5.48
13516 	 -5.228
13518 	 -5.324
13520 	 -5.352
13532 	 -5.114
13534 	 -5.132
13542 	 -5.121
13544 	 -5.056
13556 	 -5.054
13560 	 -5.014
13568 	 -4.98
13572 	 -4.978
13574 	 -4.912
13580 	 -4.878
13590 	 -5.046
13594 	 -5.019
13602 	 -4.94
13608 	 -4.837
13614 	 -4.777
13616 	 -4.823
13618 	 -4.603
13630 	 -4.523
13640 	 -4.344
13642 	 -4.268
13648 	 -4.194
13650 	 -4.095
13664 	 -3.96
13670 	 -3.848
13674 	 -3.684
13686 	 -3.778
13690 	 -3.776
13696 	 -3.748
13700 	 -3.746
13702 	 -3.29
13708 	 -3.354
13710 	 -3.151
13716 	 -3.116
13722 	 -3.076
13726 	 -3.313
13730 	 -3.827
13734 	 -3.672
13750 	 -3.736
13756 	 -4.711
13758 	 -4.624
13762 	 -4.283
13768 	 -4.219
13770 	 -4.386
13774 	 -4.327
13780 	 -4.317
13786 	 -4.263
13796 	 -4.046
13800 	 -3.761
13802 	 -3.74
13806 	 -3.708
13810 	 -3.589
13812 	 -3.435
13820 	 -3.433
13822 	 -2.978
13840 	 -2.804
13846 	 -2.568
13850 	 -2.733
13858 	 -2.712
13860 	 -2.56
13862 	 -2.549
13872 	 -2.543
13878 	 -2.483
13882 	 -2.342
13886 	 -2.334
13888 	 -2.309
13894 	 -2.051
13902 	 -2.141
13904 	 -2.108
13906 	 -2.087
13908 	 -1.997
13922 	 -1.96
13938 	 -1.896
13942 	 -1.845
13952 	 -1.483
13960 	 -1.425
13968 	 -1.46
13978 	 -1.459
13980 	 -1.442
13984 	 -1.399
13992 	 -1.385
13998 	 -1.364
14000 	 -1.195
14012 	 -1.184
14020 	 -1.163
14024 	 -1.143
14026 	 -1.029
14028 	 -1.005
14038 	 -1.004
14048 	 -0.996
14054 	 -0.963
14060 	 -0.935
14064 	 -0.934
14072 	 -0.88
14084 	 -0.847
14086 	 -0.843
14092 	 -0.821
14110 	 -0.768
14120 	 -0.761
14132 	 -0.735
14144 	 -0.728
14148 	 -0.709
14166 	 -0.66
14194 	 -0.743
14206 	 -0.729
14236 	 -0.721
14268 	 -0.718
14284 	 -0.716
14296 	 -0.715
14346 	 -0.571
14366 	 -0.561
14368 	 -0.525
14396 	 -0.511
14424 	 -0.478
14432 	 -0.476
14448 	 -0.461
14476 	 -0.409
14494 	 -0.407
14496 	 -0.333
14510 	 -0.327
14576 	 -0.214
14654 	 -0.119
14732 	 -0.083
15000 	 -1.4
15024 	 -1.55
15050 	 -2.163
15078 	 -2.623
15112 	 -2.856
15158 	 -2.767
15162 	 -2.809
15174 	 -2.762
15186 	 -2.206
15216 	 -2.384
15232 	 -2.208
15238 	 -2.329
15262 	 -1.396
15266 	 -1.369
15268 	 -1.283
15276 	 -1.135
15282 	 -1.003
15298 	 -0.827
15300 	 -0.651
15310 	 -0.671
15336 	 -0.822
15346 	 -0.796
15356 	 -0.879
15374 	 -0.689
15400 	 -0.37
15422 	 -0.29
15456 	 -0.159
15486 	 -0.064
15558 	 -0.029
15660 	 -0.022
15864 	 -0.018
15904 	 -0.01
16012 	 -0.009
16106 	 -0.005
16192 	 -0.004
18000 	 -2.128
18020 	 -2.227
18042 	 -2.675
18064 	 -2.729
18088 	 -2.111
18120 	 -1.491
18154 	 -2.168
18180 	 -1.904
18190 	 -2.225
18234 	 -2.958
18252 	 -2.942
18262 	 -2.849
18270 	 -2.203
18278 	 -2.161
18286 	 -2.067
18296 	 -2.256
18316 	 -2.286
18328 	 -2.408
18336 	 -2.174
18342 	 -2.17
18348 	 -1.776
18360 	 -1.201
18368 	 -1.048
18384 	 -1.055
18402 	 -0.724
18420 	 -0.407
18426 	 -0.363
18434 	 -0.304
18448 	 -0.134
18472 	 -0.119
18552 	 -0.012
18864 	 -0.008
19002 	 0
21000 	 -1.44
21001 	 -1.44
