0 	 0
3000 	 -1.376
3024 	 -1.496
3050 	 -1.88
3062 	 -2.472
3078 	 -3.176
3112 	 -3.62
3158 	 -3.808
3164 	 -3.728
3186 	 -2.828
3198 	 -2.688
3216 	 -1.912
3232 	 -1.736
3238 	 -1.364
3262 	 -0.608
3296 	 -0.264
3400 	 -0.024
3636 	 -0.008
3904 	 0
6000 	 -2.478
6020 	 -2.638
6042 	 -3.286
6064 	 -3.582
6088 	 -3.11
6120 	 -2.686
6138 	 -2.872
6154 	 -3.312
6180 	 -3.048
6190 	 -3.516
6198 	 -3.5
6234 	 -3.9
6284 	 -4.203
6296 	 -4.179
6346 	 -4.159
6360 	 -2.871
6374 	 -2.271
6376 	 -1.719
6424 	 -1.319
6444 	 -0.761
6504 	 -0.637
6506 	 -0.613
6552 	 -0.501
6634 	 -0.359
6704 	 -0.331
6710 	 -0.307
6726 	 -0.295
6728 	 -0.267
6782 	 -0.263
6894 	 -0.165
6990 	 -0.145
6994 	 -0.125
7002 	 -0.093
7272 	 -0.089
7278 	 -0.085
7290 	 -0.073
7324 	 -0.025
9000 	 -1.433
9024 	 -1.537
9050 	 -2.497
9078 	 -3.177
9112 	 -3.761
9158 	 -3.713
9162 	 -3.797
9174 	 -3.705
9186 	 -2.857
9216 	 -3.589
9232 	 -3.413
9238 	 -3.801
9262 	 -1.973
9268 	 -1.305
9298 	 -0.417
9304 	 -0.413
9306 	 -0.409
9334 	 -0.277
9400 	 -0.025
9660 	 -0.009
9904 	 -0.001
12000 	 -2.54
12002 	 -2.421
12004 	 -2.543
12006 	 -2.456
12008 	 -3.711
12010 	 -4.143
12012 	 -4.786
12018 	 -4.832
12020 	 -5.278
12032 	 -5.244
12034 	 -5.296
12040 	 -5.5
12042 	 -5.976
12062 	 -6.168
12064 	 -6.244
12070 	 -6.618
12088 	 -6.006
12090 	 -6.048
12100 	 -6.118
12120 	 -5.584
12130 	 -5.558
12154 	 -6.594
12156 	 -6.611
12166 	 -6.568
12176 	 -6.52
12178 	 -6.911
12180 	 -6.647
12182 	 -7.113
12184 	 -7.067
12186 	 -7.119
12188 	 -7.126
12190 	 -7.442
12200 	 -7.321
12206 	 -7.311
12208 	 -7.703
12210 	 -7.653
12212 	 -8.697
12222 	 -8.59
12228 	 -8.881
12230 	 -8.981
12234 	 -10.329
12236 	 -10.24
12250 	 -10.259
12252 	 -9.543
12254 	 -9.341
12256 	 -9.334
12264 	 -9.73
12266 	 -9.984
12274 	 -8.732
12278 	 -8.799
12282 	 -8.613
12286 	 -8.404
12288 	 -8.32
12290 	 -8.048
12296 	 -8.145
12302 	 -8.112
12304 	 -7.882
12308 	 -7.867
12310 	 -7.42
12312 	 -7.659
12320 	 -7.661
12322 	 -7.581
12324 	 -6.949
12330 	 -6.939
12332 	 -6.971
12338 	 -6.856
12344 	 -6.06
12350 	 -6.093
12354 	 -5.82
12360 	 -4.868
12366 	 -4.928
12372 	 -4.752
12376 	 -4.73
12382 	 -4.724
12386 	 -4.312
12394 	 -4.019
12404 	 -3.747
12406 	 -3.717
12408 	 -3.643
12412 	 -3.587
12432 	 -3.643
12437 	 -3.863
12438 	 -3.513
12440 	 -3.655
12456 	 -3.377
12466 	 -3.501
12472 	 -3.428
12476 	 -3.631
12480 	 -3.487
12498 	 -3.285
12508 	 -3.276
12510 	 -3.042
12516 	 -3.215
12526 	 -3.137
12534 	 -3.029
12540 	 -3.131
12544 	 -3.07
12552 	 -2.95
12562 	 -2.999
12564 	 -2.993
12566 	 -2.951
12576 	 -2.931
12578 	 -2.857
12586 	 -2.665
12588 	 -2.487
12590 	 -2.377
12594 	 -2.649
12604 	 -2.639
12614 	 -2.735
12618 	 -2.716
12626 	 -2.626
12640 	 -2.686
12648 	 -2.8
12650 	 -3.323
12664 	 -3.203
12672 	 -3.265
12712 	 -2.326
12718 	 -2.335
12734 	 -2.185
12748 	 -2.168
12758 	 -2.303
12766 	 -2.103
12782 	 -2.105
12790 	 -2.097
12796 	 -2.244
12802 	 -2.677
12816 	 -2.665
12824 	 -2.738
12832 	 -2.733
12840 	 -2.645
12874 	 -2.632
12894 	 -2.517
12900 	 -2.836
12910 	 -3.306
12912 	 -3.739
12924 	 -3.679
12926 	 -4.029
12928 	 -4.329
12944 	 -4.281
12946 	 -4.503
12954 	 -4.442
12956 	 -4.393
12962 	 -4.628
12964 	 -4.52
12966 	 -4.233
12968 	 -4.201
12972 	 -4.389
12976 	 -4.768
12980 	 -4.633
12982 	 -4.653
12990 	 -4.647
12992 	 -4.342
12996 	 -4.326
13002 	 -4.431
13006 	 -4.246
13010 	 -4.003
13012 	 -4.04
13016 	 -4.044
13028 	 -3.871
13030 	 -3.866
13034 	 -3.754
13036 	 -3.885
13040 	 -3.634
13042 	 -3.615
13044 	 -3.507
13052 	 -3.522
13062 	 -3.54
13064 	 -3.634
13068 	 -3.65
13074 	 -3.528
13078 	 -3.526
13082 	 -3.344
13096 	 -3.237
13098 	 -3.267
13102 	 -3.279
13114 	 -3.253
13116 	 -3.306
13134 	 -3.235
13138 	 -3.231
13144 	 -3.938
13150 	 -3.855
13158 	 -3.85
13168 	 -3.684
13170 	 -3.765
13186 	 -3.889
13188 	 -3.873
13190 	 -3.793
13192 	 -3.823
13200 	 -3.925
13202 	 -3.972
13204 	 -4.047
13206 	 -4.125
13212 	 -3.884
13214 	 -3.764
13220 	 -3.755
13224 	 -3.601
13226 	 -3.633
13230 	 -3.614
13234 	 -3.612
13244 	 -3.643
13246 	 -3.658
13248 	 -3.781
13252 	 -3.782
13256 	 -3.743
13260 	 -3.542
13262 	 -3.439
13268 	 -3.344
13276 	 -3.284
13282 	 -3.252
13284 	 -3.043
13288 	 -3.183
13290 	 -3.088
13292 	 -2.785
13304 	 -2.738
13306 	 -2.705
13312 	 -2.748
13320 	 -2.721
13322 	 -2.669
13326 	 -2.498
13328 	 -2.545
13332 	 -2.457
13338 	 -2.443
13344 	 -2.497
13346 	 -2.467
13360 	 -2.422
13374 	 -2.11
13384 	 -2.257
13402 	 -2.229
13420 	 -2.152
13436 	 -1.978
13444 	 -1.996
13450 	 -1.751
13462 	 -1.725
13464 	 -1.706
13474 	 -1.658
13476 	 -1.731
13486 	 -1.782
13494 	 -1.778
13504 	 -1.773
13508 	 -1.751
13512 	 -1.806
13522 	 -1.655
13536 	 -1.563
13546 	 -1.46
13552 	 -1.459
13554 	 -1.473
13560 	 -1.448
13562 	 -1.398
13566 	 -1.384
13576 	 -1.3
13588 	 -1.296
13604 	 -1.172
13606 	 -1.164
13610 	 -1.327
13612 	 -1.312
13620 	 -1.28
13634 	 -1.371
13638 	 -1.237
13644 	 -1.232
13654 	 -1.227
13656 	 -1.212
13666 	 -1.204
13672 	 -1.135
13684 	 -1.144
13688 	 -1.068
13700 	 -1.055
13702 	 -1.051
13704 	 -1.034
13710 	 -0.97
13720 	 -0.953
13724 	 -0.948
13726 	 -0.84
13728 	 -0.82
13730 	 -0.81
13732 	 -0.772
13736 	 -0.613
13742 	 -0.586
13746 	 -0.558
13748 	 -0.555
13754 	 -0.524
13766 	 -0.513
13772 	 -0.442
13786 	 -0.434
13794 	 -0.272
13812 	 -0.253
13820 	 -0.23
13822 	 -0.216
13830 	 -0.191
13848 	 -0.19
13850 	 -0.183
13870 	 -0.144
13878 	 -0.143
13892 	 -0.14
13910 	 -0.138
13916 	 -0.123
13932 	 -0.12
13944 	 -0.113
13978 	 -0.112
13980 	 -0.109
14018 	 -0.066
14046 	 -0.062
14050 	 -0.059
14066 	 -0.053
14088 	 -0.048
14118 	 -0.046
14164 	 -0.041
14166 	 -0.038
14208 	 -0.035
14242 	 -0.032
14254 	 -0.029
14368 	 -0.028
14568 	 -0.027
15000 	 -1.382
15024 	 -1.523
15050 	 -2.304
15078 	 -2.883
15112 	 -3.318
15158 	 -3.432
15162 	 -3.493
15174 	 -3.421
15186 	 -2.846
15216 	 -3.442
15232 	 -3.266
15238 	 -3.458
15262 	 -2.713
15268 	 -2.455
15282 	 -2.059
15298 	 -1.537
15310 	 -1.599
15336 	 -2.046
15346 	 -1.968
15356 	 -2.222
15374 	 -1.653
15400 	 -1.053
15422 	 -0.813
15456 	 -0.42
15486 	 -0.135
15558 	 -0.03
15660 	 -0.021
15864 	 -0.009
15904 	 -0.001
18000 	 -2.128
18020 	 -2.254
18042 	 -2.798
18064 	 -2.975
18088 	 -2.46
18120 	 -1.931
18154 	 -3.112
18180 	 -2.848
18190 	 -3.636
18234 	 -5
18252 	 -4.976
18262 	 -4.697
18270 	 -3.728
18278 	 -3.665
18286 	 -3.524
18296 	 -4.415
18316 	 -4.46
18328 	 -4.826
18336 	 -4.475
18342 	 -4.514
18348 	 -3.923
18360 	 -3.233
18368 	 -2.774
18384 	 -2.795
18402 	 -2.03
18420 	 -1.079
18426 	 -0.947
18434 	 -0.77
18448 	 -0.26
18472 	 -0.215
18552 	 -0.024
18864 	 -0.012
19002 	 0
21000 	 -1.44
21001 	 -1.44
