0 	 0
3000 	 -1.376
3024 	 -1.496
3050 	 -1.88
3062 	 -2.472
3078 	 -3.176
3112 	 -3.62
3158 	 -3.808
3164 	 -3.728
3186 	 -2.828
3198 	 -2.688
3216 	 -1.912
3232 	 -1.736
3238 	 -1.364
3262 	 -0.608
3296 	 -0.264
3400 	 -0.024
3636 	 -0.008
3904 	 0
6000 	 -2.478
6020 	 -2.638
6042 	 -3.286
6064 	 -3.582
6088 	 -3.11
6120 	 -2.686
6138 	 -2.872
6154 	 -3.312
6180 	 -3.048
6190 	 -3.516
6198 	 -3.5
6234 	 -3.9
6284 	 -4.203
6296 	 -4.179
6346 	 -4.159
6360 	 -2.871
6374 	 -2.271
6376 	 -1.719
6424 	 -1.319
6444 	 -0.761
6504 	 -0.637
6506 	 -0.613
6552 	 -0.501
6634 	 -0.359
6704 	 -0.331
6710 	 -0.307
6726 	 -0.295
6728 	 -0.267
6782 	 -0.263
6894 	 -0.165
6990 	 -0.145
6994 	 -0.125
7002 	 -0.093
7272 	 -0.089
7278 	 -0.085
7290 	 -0.073
7324 	 -0.025
9000 	 -1.433
9024 	 -1.537
9050 	 -2.497
9078 	 -3.177
9112 	 -3.761
9158 	 -3.713
9162 	 -3.797
9174 	 -3.705
9186 	 -2.857
9216 	 -3.589
9232 	 -3.413
9238 	 -3.801
9262 	 -1.973
9268 	 -1.305
9298 	 -0.417
9304 	 -0.413
9306 	 -0.409
9334 	 -0.277
9400 	 -0.025
9660 	 -0.009
9904 	 -0.001
12000 	 -2.54
12002 	 -2.421
12004 	 -2.741
12006 	 -3.207
12008 	 -4.857
12010 	 -5.796
12012 	 -6.652
12016 	 -6.912
12018 	 -6.958
12020 	 -7.52
12030 	 -7.588
12032 	 -7.554
12034 	 -7.606
12040 	 -7.898
12042 	 -8.374
12062 	 -8.566
12064 	 -8.642
12070 	 -9.192
12072 	 -9.239
12086 	 -9.504
12088 	 -8.892
12090 	 -8.934
12100 	 -8.794
12114 	 -8.935
12120 	 -8.408
12130 	 -8.234
12132 	 -8.55
12148 	 -8.885
12154 	 -10.053
12156 	 -10.104
12166 	 -10.061
12176 	 -10.013
12178 	 -10.279
12180 	 -10.001
12184 	 -9.807
12186 	 -9.832
12188 	 -9.839
12190 	 -10.155
12192 	 -10.098
12200 	 -9.706
12210 	 -9.754
12212 	 -10.798
12222 	 -10.691
12226 	 -11.412
12228 	 -11.54
12230 	 -11.326
12234 	 -12.738
12236 	 -12.383
12248 	 -12.387
12250 	 -12.276
12252 	 -11.625
12254 	 -11.322
12256 	 -11.218
12260 	 -10.883
12264 	 -10.76
12266 	 -10.645
12272 	 -10.644
12274 	 -9.216
12276 	 -9.222
12278 	 -9.15
12282 	 -8.694
12284 	 -8.738
12286 	 -8.857
12288 	 -8.773
12290 	 -8.501
12296 	 -8.741
12302 	 -8.789
12304 	 -8.506
12308 	 -8.491
12310 	 -8.347
12320 	 -8.351
12324 	 -7.747
12328 	 -7.747
12330 	 -7.675
12332 	 -7.707
12338 	 -7.356
12344 	 -6.56
12354 	 -6.548
12358 	 -6.305
12360 	 -5.353
12362 	 -5.412
12372 	 -5.498
12376 	 -5.446
12382 	 -5.438
12386 	 -5.338
12404 	 -5.066
12406 	 -5.14
12412 	 -4.969
12432 	 -4.891
12438 	 -4.53
12454 	 -4.608
12456 	 -4.259
12464 	 -4.21
12470 	 -4.209
12496 	 -4.165
12498 	 -4.07
12500 	 -4.092
12502 	 -4.073
12510 	 -4.539
12516 	 -4.489
12518 	 -4.635
12522 	 -4.64
12532 	 -4.631
12536 	 -4.842
12542 	 -4.776
12550 	 -4.7
12552 	 -4.58
12574 	 -5.049
12578 	 -5.164
12590 	 -5.005
12592 	 -4.837
12598 	 -4.772
12604 	 -4.767
12606 	 -4.696
12608 	 -4.906
12614 	 -4.846
12620 	 -5.032
12622 	 -4.863
12630 	 -4.842
12632 	 -4.86
12638 	 -4.749
12640 	 -4.729
12656 	 -4.882
12658 	 -4.861
12672 	 -4.801
12688 	 -4.808
12700 	 -4.781
12702 	 -4.793
12706 	 -4.851
12714 	 -4.887
12732 	 -4.881
12768 	 -4.989
12770 	 -5.05
12778 	 -5.433
12780 	 -5.808
12786 	 -5.708
12790 	 -6.09
12796 	 -6.35
12802 	 -6.439
12804 	 -6.516
12810 	 -6.716
12814 	 -6.714
12826 	 -6.856
12828 	 -6.828
12840 	 -6.93
12846 	 -7.027
12862 	 -6.997
12864 	 -6.932
12868 	 -6.909
12874 	 -6.802
12878 	 -6.772
12884 	 -6.869
12888 	 -6.924
12894 	 -7
12896 	 -6.902
12900 	 -6.488
12902 	 -6.513
12906 	 -6.863
12912 	 -6.849
12914 	 -6.678
12916 	 -6.604
12918 	 -6.333
12922 	 -6.424
12930 	 -6.397
12932 	 -6.576
12938 	 -6.477
12942 	 -6.256
12946 	 -6.262
12948 	 -6.323
12952 	 -6.239
12966 	 -6.379
12968 	 -6.478
12970 	 -6.473
12974 	 -6.512
12982 	 -5.853
12984 	 -5.841
12990 	 -5.832
12992 	 -5.912
12996 	 -5.921
13002 	 -5.932
13004 	 -5.889
13008 	 -5.416
13012 	 -5.398
13014 	 -5.4
13016 	 -5.344
13020 	 -5.278
13024 	 -5.266
13028 	 -5.516
13036 	 -5.831
13042 	 -5.8
13046 	 -5.879
13048 	 -5.938
13050 	 -5.976
13052 	 -5.858
13054 	 -5.917
13056 	 -6.09
13062 	 -6.089
13064 	 -5.849
13070 	 -5.816
13080 	 -5.81
13082 	 -5.883
13088 	 -5.962
13094 	 -5.989
13096 	 -5.299
13100 	 -5.561
13104 	 -5.522
13106 	 -5.487
13112 	 -5.338
13118 	 -5.36
13120 	 -5.337
13122 	 -5.418
13126 	 -5.328
13128 	 -5.307
13132 	 -5.292
13138 	 -5.288
13142 	 -5.072
13144 	 -4.927
13148 	 -5.092
13150 	 -5.067
13158 	 -5.062
13160 	 -5.148
13164 	 -5.114
13168 	 -4.726
13172 	 -4.649
13176 	 -4.709
13188 	 -4.572
13190 	 -4.811
13194 	 -4.699
13208 	 -4.698
13214 	 -4.667
13218 	 -4.6
13232 	 -4.695
13234 	 -4.791
13250 	 -4.17
13258 	 -4.168
13268 	 -4.141
13272 	 -4.237
13274 	 -4.199
13284 	 -4.194
13288 	 -4.193
13308 	 -4.076
13310 	 -4.055
13316 	 -4.221
13318 	 -4.202
13322 	 -4.662
13328 	 -4.635
13340 	 -4.696
13344 	 -4.654
13346 	 -4.649
13348 	 -4.698
13352 	 -4.673
13358 	 -4.67
13370 	 -4.698
13374 	 -4.664
13376 	 -4.702
13392 	 -4.555
13408 	 -3.457
13412 	 -3.43
13420 	 -3.325
13424 	 -3.089
13430 	 -3.154
13432 	 -3.149
13436 	 -3.193
13444 	 -3.313
13448 	 -3.279
13452 	 -3.237
13456 	 -3.261
13466 	 -3.336
13472 	 -3.32
13486 	 -3.296
13490 	 -3.307
13500 	 -3.03
13506 	 -2.971
13510 	 -2.922
13512 	 -2.993
13524 	 -2.989
13528 	 -2.983
13530 	 -2.938
13538 	 -2.931
13542 	 -2.957
13554 	 -3.052
13558 	 -3.003
13562 	 -3.012
13578 	 -3.144
13584 	 -3.301
13586 	 -3.377
13600 	 -3.498
13606 	 -3.626
13624 	 -3.256
13628 	 -3.34
13634 	 -3.339
13638 	 -3.228
13642 	 -3.206
13644 	 -3.114
13648 	 -3.038
13650 	 -3.033
13652 	 -2.988
13654 	 -3.015
13656 	 -2.752
13668 	 -2.644
13670 	 -2.627
13678 	 -2.897
13684 	 -2.84
13688 	 -2.702
13690 	 -2.658
13702 	 -2.571
13704 	 -2.488
13706 	 -2.485
13708 	 -2.484
13718 	 -2.601
13722 	 -2.571
13726 	 -2.61
13728 	 -2.585
13730 	 -2.54
13732 	 -2.46
13742 	 -2.336
13754 	 -2.32
13756 	 -2.311
13758 	 -2.359
13760 	 -2.314
13762 	 -2.295
13766 	 -2.281
13776 	 -2.162
13780 	 -2.003
13786 	 -1.991
13790 	 -1.976
13798 	 -1.949
13808 	 -1.941
13810 	 -1.935
13818 	 -1.93
13828 	 -1.857
13850 	 -1.822
13854 	 -1.704
13864 	 -1.669
13872 	 -1.664
13876 	 -1.698
13882 	 -1.591
13894 	 -1.602
13898 	 -1.568
13924 	 -1.564
13942 	 -1.555
13950 	 -1.541
13952 	 -1.446
13954 	 -1.352
13966 	 -1.325
13984 	 -1.324
14006 	 -1.474
14020 	 -1.648
14022 	 -1.543
14032 	 -1.538
14048 	 -1.565
14058 	 -1.561
14082 	 -1.37
14084 	 -1.283
14086 	 -1.264
14088 	 -1.033
14106 	 -1.018
14108 	 -0.95
14128 	 -0.781
14130 	 -0.774
14146 	 -0.604
14150 	 -0.56
14158 	 -0.557
14164 	 -0.324
14182 	 -0.321
14188 	 -0.296
14194 	 -0.263
14210 	 -0.235
14216 	 -0.234
14230 	 -0.23
14236 	 -0.201
14256 	 -0.185
14258 	 -0.176
14284 	 -0.175
14292 	 -0.153
14302 	 -0.152
14324 	 -0.15
14342 	 -0.146
14376 	 -0.133
14482 	 -0.132
14538 	 -0.13
14586 	 -0.128
14660 	 -0.127
15000 	 -1.397
15024 	 -1.527
15050 	 -2.324
15078 	 -2.899
15112 	 -3.326
15158 	 -3.29
15162 	 -3.353
15174 	 -3.281
15186 	 -2.53
15216 	 -3.142
15232 	 -2.966
15238 	 -3.158
15262 	 -1.916
15268 	 -1.658
15282 	 -1.262
15298 	 -0.74
15310 	 -0.76
15328 	 -0.759
15336 	 -0.909
15346 	 -0.831
15352 	 -0.83
15356 	 -0.915
15374 	 -0.72
15400 	 -0.379
15422 	 -0.299
15456 	 -0.167
15470 	 -0.163
15486 	 -0.069
15558 	 -0.037
15568 	 -0.034
15660 	 -0.025
15708 	 -0.019
15864 	 -0.018
15904 	 -0.01
18000 	 -2.128
18020 	 -2.236
18042 	 -2.716
18064 	 -2.813
18088 	 -2.218
18120 	 -1.597
18154 	 -2.616
18180 	 -2.352
18190 	 -2.87
18234 	 -4.036
18252 	 -4.012
18262 	 -3.919
18270 	 -2.95
18278 	 -2.887
18286 	 -2.746
18296 	 -2.923
18316 	 -2.968
18328 	 -3.09
18336 	 -2.739
18342 	 -2.718
18348 	 -2.127
18360 	 -1.303
18368 	 -1.15
18384 	 -1.157
18402 	 -0.75
18420 	 -0.433
18426 	 -0.389
18434 	 -0.33
18448 	 -0.16
18472 	 -0.145
18552 	 -0.016
18864 	 -0.012
19002 	 0
21000 	 -1.44
21001 	 -1.44
