0 	 0
3000 	 -1.376
3024 	 -1.496
3050 	 -1.88
3062 	 -2.472
3078 	 -3.176
3112 	 -3.62
3158 	 -3.808
3164 	 -3.728
3186 	 -2.828
3198 	 -2.688
3216 	 -1.912
3232 	 -1.736
3238 	 -1.364
3262 	 -0.608
3296 	 -0.264
3400 	 -0.024
3636 	 -0.008
3904 	 0
6000 	 -2.478
6020 	 -2.638
6042 	 -3.286
6064 	 -3.582
6088 	 -3.11
6120 	 -2.686
6138 	 -2.872
6154 	 -3.312
6180 	 -3.048
6190 	 -3.516
6198 	 -3.5
6234 	 -3.9
6284 	 -4.203
6296 	 -4.179
6346 	 -4.159
6360 	 -2.871
6374 	 -2.271
6376 	 -1.719
6424 	 -1.319
6444 	 -0.761
6504 	 -0.637
6506 	 -0.613
6552 	 -0.501
6634 	 -0.359
6704 	 -0.331
6710 	 -0.307
6726 	 -0.295
6728 	 -0.267
6782 	 -0.263
6894 	 -0.165
6990 	 -0.145
6994 	 -0.125
7002 	 -0.093
7272 	 -0.089
7278 	 -0.085
7290 	 -0.073
7324 	 -0.025
9000 	 -1.433
9024 	 -1.537
9050 	 -2.497
9078 	 -3.177
9112 	 -3.761
9158 	 -3.713
9162 	 -3.797
9174 	 -3.705
9186 	 -2.857
9216 	 -3.589
9232 	 -3.413
9238 	 -3.801
9262 	 -1.973
9268 	 -1.305
9298 	 -0.417
9304 	 -0.413
9306 	 -0.409
9334 	 -0.277
9400 	 -0.025
9660 	 -0.009
9904 	 -0.001
12000 	 -2.54
12002 	 -2.421
12004 	 -2.661
12006 	 -3.127
12008 	 -3.949
12010 	 -4.888
12012 	 -5.318
12016 	 -5.578
12018 	 -5.624
12020 	 -5.966
12030 	 -6.034
12032 	 -6
12034 	 -6.052
12040 	 -6.238
12042 	 -6.714
12062 	 -6.906
12064 	 -6.982
12070 	 -7.356
12072 	 -7.403
12088 	 -6.791
12090 	 -6.833
12100 	 -6.766
12120 	 -6.232
12130 	 -6.206
12148 	 -6.541
12154 	 -7.577
12156 	 -7.594
12166 	 -7.551
12176 	 -7.503
12178 	 -8.18
12180 	 -7.916
12184 	 -7.87
12186 	 -7.922
12188 	 -7.929
12190 	 -8.245
12200 	 -8.124
12206 	 -8.114
12210 	 -8.064
12212 	 -9.108
12222 	 -9.001
12226 	 -9.635
12228 	 -9.926
12230 	 -10.026
12234 	 -11.374
12236 	 -11.285
12250 	 -11.304
12252 	 -10.588
12254 	 -10.386
12256 	 -10.379
12260 	 -10.062
12264 	 -10.458
12266 	 -10.343
12274 	 -9.091
12278 	 -9.158
12282 	 -8.972
12286 	 -8.882
12288 	 -8.798
12290 	 -8.526
12296 	 -8.766
12302 	 -8.733
12304 	 -8.503
12308 	 -8.488
12310 	 -8.05
12312 	 -8.289
12320 	 -8.291
12324 	 -7.627
12330 	 -7.617
12332 	 -7.649
12338 	 -7.534
12344 	 -6.738
12350 	 -6.771
12354 	 -6.498
12358 	 -6.221
12360 	 -5.269
12366 	 -5.267
12372 	 -5.091
12376 	 -5.039
12382 	 -5.033
12386 	 -5.005
12394 	 -4.712
12404 	 -4.44
12408 	 -4.366
12412 	 -4.158
12432 	 -4.256
12438 	 -3.938
12454 	 -4.016
12456 	 -3.846
12470 	 -3.845
12498 	 -3.727
12510 	 -3.556
12522 	 -3.561
12534 	 -3.453
12536 	 -3.607
12542 	 -3.541
12552 	 -3.421
12554 	 -3.506
12564 	 -3.5
12574 	 -4.62
12576 	 -4.6
12578 	 -4.551
12590 	 -4.611
12592 	 -4.466
12598 	 -4.447
12600 	 -4.429
12606 	 -4.358
12608 	 -4.51
12618 	 -4.776
12626 	 -4.82
12630 	 -4.799
12632 	 -4.817
12636 	 -4.872
12638 	 -4.761
12640 	 -4.628
12656 	 -4.781
12658 	 -4.76
12672 	 -4.3
12684 	 -4.432
12686 	 -4.407
12688 	 -4.414
12692 	 -4.329
12694 	 -4.715
12708 	 -4.978
12710 	 -5.271
12712 	 -5.353
12716 	 -5.339
12730 	 -5.376
12732 	 -5.37
12748 	 -5.119
12750 	 -5.074
12768 	 -5.394
12770 	 -5.658
12790 	 -5.65
12794 	 -5.476
12802 	 -5.438
12804 	 -5.518
12810 	 -5.644
12812 	 -5.695
12822 	 -5.965
12828 	 -5.937
12836 	 -5.829
12838 	 -5.986
12846 	 -5.956
12864 	 -5.95
12868 	 -5.916
12888 	 -6.306
12894 	 -6.242
12896 	 -6.239
12902 	 -6.264
12912 	 -6.258
12916 	 -6.184
12924 	 -6.264
12926 	 -6.279
12934 	 -7.149
12942 	 -7.455
12954 	 -7.449
12962 	 -8.065
12966 	 -8.174
12982 	 -7.925
12984 	 -7.985
12990 	 -7.979
12996 	 -7.963
13000 	 -7.953
13002 	 -7.939
13004 	 -7.788
13008 	 -7.773
13010 	 -7.862
13012 	 -7.844
13020 	 -8.324
13022 	 -8.044
13028 	 -7.965
13036 	 -8.136
13038 	 -8.097
13042 	 -8.074
13044 	 -7.87
13048 	 -7.153
13050 	 -7.01
13054 	 -6.905
13056 	 -6.598
13062 	 -6.691
13064 	 -6.43
13068 	 -6.411
13072 	 -6.377
13074 	 -6.448
13076 	 -6.683
13078 	 -6.52
13082 	 -6.58
13084 	 -6.398
13092 	 -6.465
13098 	 -6.632
13100 	 -5.827
13104 	 -6.262
13108 	 -6.105
13116 	 -6.043
13120 	 -6.02
13124 	 -5.994
13128 	 -5.941
13130 	 -5.93
13132 	 -5.919
13134 	 -5.807
13136 	 -5.842
13138 	 -5.838
13142 	 -5.853
13150 	 -5.687
13158 	 -5.682
13160 	 -5.715
13164 	 -5.823
13168 	 -5.62
13172 	 -5.65
13174 	 -5.969
13182 	 -6.007
13190 	 -6.027
13198 	 -6.079
13200 	 -6.215
13206 	 -6.097
13212 	 -6.573
13214 	 -6.511
13226 	 -6.631
13250 	 -5.312
13260 	 -5.285
13270 	 -5.026
13278 	 -5.004
13282 	 -4.91
13284 	 -4.875
13286 	 -4.859
13294 	 -4.723
13310 	 -4.536
13312 	 -4.338
13320 	 -4.323
13322 	 -4.312
13328 	 -4.285
13332 	 -4.252
13334 	 -3.957
13338 	 -3.945
13346 	 -3.94
13348 	 -3.77
13352 	 -3.745
13356 	 -3.725
13358 	 -3.529
13370 	 -3.648
13374 	 -3.431
13394 	 -3.338
13398 	 -3.323
13410 	 -3.302
13424 	 -2.836
13432 	 -2.675
13436 	 -2.669
13438 	 -2.633
13444 	 -2.616
13448 	 -2.495
13470 	 -2.581
13478 	 -2.566
13486 	 -2.529
13490 	 -2.507
13492 	 -2.516
13498 	 -2.487
13500 	 -2.461
13516 	 -2.225
13538 	 -2.279
13540 	 -2.274
13542 	 -2.269
13552 	 -2.268
13556 	 -2.264
13572 	 -2.15
13584 	 -2.118
13594 	 -2.108
13602 	 -2.04
13610 	 -1.955
13634 	 -1.954
13638 	 -1.827
13642 	 -1.812
13648 	 -1.591
13650 	 -1.586
13664 	 -1.576
13672 	 -1.549
13706 	 -1.51
13716 	 -1.556
13730 	 -1.533
13760 	 -1.517
13764 	 -1.491
13766 	 -1.495
13780 	 -1.336
13804 	 -1.622
13844 	 -1.639
13848 	 -1.638
13854 	 -1.763
13864 	 -1.728
13872 	 -1.631
13878 	 -1.769
13902 	 -1.537
13904 	 -1.633
13916 	 -1.593
13924 	 -1.518
13936 	 -1.463
13938 	 -1.329
13942 	 -1.32
13960 	 -1.196
13990 	 -1.12
14020 	 -1.541
14022 	 -1.53
14056 	 -1.645
14058 	 -1.641
14076 	 -1.771
14092 	 -1.857
14098 	 -1.849
14100 	 -1.701
14102 	 -1.697
14122 	 -1.693
14146 	 -2.639
14156 	 -2.619
14166 	 -2.409
14186 	 -2.408
14192 	 -2.288
14202 	 -2.286
14210 	 -2.237
14224 	 -2.279
14226 	 -2.196
14228 	 -2.138
14232 	 -2.14
14236 	 -2.137
14248 	 -2.223
14254 	 -2.222
14282 	 -2.445
14284 	 -0.877
14288 	 -1.437
14296 	 -1.651
14300 	 -1.607
14322 	 -1.559
14336 	 -1.794
14364 	 -1.765
14378 	 -1.736
14382 	 -1.735
14392 	 -1.729
14398 	 -1.636
14400 	 -1.509
14420 	 -1.217
14422 	 -1.305
14424 	 -1.306
14430 	 -1.249
14442 	 -1.289
14444 	 -1.326
14456 	 -1.29
14460 	 -1.25
14462 	 -1.199
14468 	 -1.044
14488 	 -0.637
14508 	 -0.577
14530 	 -0.533
14540 	 -0.499
14542 	 -0.474
14544 	 -0.451
14592 	 -0.343
14600 	 -0.335
14602 	 -0.287
14608 	 -0.229
14610 	 -0.226
14614 	 -0.215
14692 	 -0.2
14698 	 -0.186
14748 	 -0.185
14778 	 -0.184
14782 	 -0.181
15000 	 -1.418
15024 	 -1.537
15050 	 -2.064
15078 	 -2.379
15112 	 -2.429
15158 	 -2.465
15162 	 -2.477
15174 	 -2.453
15186 	 -2.141
15216 	 -1.954
15232 	 -1.778
15238 	 -1.842
15262 	 -1.833
15268 	 -1.747
15282 	 -1.615
15298 	 -1.442
15308 	 -1.478
15310 	 -1.498
15334 	 -1.793
15336 	 -1.942
15346 	 -1.916
15352 	 -1.915
15354 	 -2.09
15356 	 -2.175
15372 	 -1.978
15374 	 -1.573
15400 	 -1.054
15422 	 -0.796
15456 	 -0.665
15460 	 -0.374
15470 	 -0.37
15486 	 -0.275
15492 	 -0.133
15558 	 -0.098
15568 	 -0.095
15574 	 -0.037
15648 	 -0.036
15660 	 -0.033
15864 	 -0.029
15904 	 -0.021
15916 	 -0.015
16158 	 -0.014
16194 	 -0.009
18000 	 -2.128
18020 	 -2.236
18042 	 -2.716
18064 	 -2.807
18088 	 -2.246
18120 	 -1.719
18154 	 -2.216
18180 	 -1.952
18190 	 -2.346
18234 	 -2.844
18252 	 -2.836
18262 	 -2.555
18270 	 -2.232
18278 	 -2.211
18286 	 -2.164
18296 	 -3.081
18316 	 -3.096
18328 	 -3.462
18336 	 -3.345
18342 	 -3.418
18348 	 -3.221
18360 	 -3.029
18368 	 -2.57
18384 	 -2.591
18402 	 -1.978
18420 	 -1.027
18426 	 -0.895
18434 	 -0.718
18448 	 -0.208
18472 	 -0.163
18552 	 -0.016
18864 	 -0.004
19002 	 0
21000 	 -1.44
21001 	 -1.44
