0 	 0
3000 	 -1.376
3024 	 -1.496
3050 	 -1.88
3062 	 -2.472
3078 	 -3.176
3112 	 -3.62
3158 	 -3.808
3164 	 -3.728
3186 	 -2.828
3198 	 -2.688
3216 	 -1.912
3232 	 -1.736
3238 	 -1.364
3262 	 -0.608
3296 	 -0.264
3400 	 -0.024
3636 	 -0.008
3904 	 0
6000 	 -2.478
6020 	 -2.638
6042 	 -3.286
6064 	 -3.582
6088 	 -3.11
6120 	 -2.686
6138 	 -2.872
6154 	 -3.312
6180 	 -3.048
6190 	 -3.516
6198 	 -3.5
6234 	 -3.9
6284 	 -4.203
6296 	 -4.179
6346 	 -4.159
6360 	 -2.871
6374 	 -2.271
6376 	 -1.719
6424 	 -1.319
6444 	 -0.761
6504 	 -0.637
6506 	 -0.613
6552 	 -0.501
6634 	 -0.359
6704 	 -0.331
6710 	 -0.307
6726 	 -0.295
6728 	 -0.267
6782 	 -0.263
6894 	 -0.165
6990 	 -0.145
6994 	 -0.125
7002 	 -0.093
7272 	 -0.089
7278 	 -0.085
7290 	 -0.073
7324 	 -0.025
9000 	 -1.433
9024 	 -1.537
9050 	 -2.497
9078 	 -3.177
9112 	 -3.761
9158 	 -3.713
9162 	 -3.797
9174 	 -3.705
9186 	 -2.857
9216 	 -3.589
9232 	 -3.413
9238 	 -3.801
9262 	 -1.973
9268 	 -1.305
9298 	 -0.417
9304 	 -0.413
9306 	 -0.409
9334 	 -0.277
9400 	 -0.025
9660 	 -0.009
9904 	 -0.001
12000 	 -2.54
12002 	 -2.421
12004 	 -2.621
12006 	 -3.087
12008 	 -3.498
12010 	 -4.437
12012 	 -4.652
12016 	 -4.912
12018 	 -4.958
12020 	 -5.187
12030 	 -5.255
12032 	 -5.221
12034 	 -5.28
12040 	 -5.368
12042 	 -5.844
12062 	 -6.062
12064 	 -6.138
12070 	 -6.321
12072 	 -6.368
12088 	 -5.756
12090 	 -5.846
12100 	 -5.823
12120 	 -5.203
12130 	 -5.157
12148 	 -5.492
12154 	 -6.528
12156 	 -6.562
12166 	 -6.646
12176 	 -6.697
12178 	 -7.077
12180 	 -6.813
12186 	 -7
12190 	 -7.316
12200 	 -7.506
12206 	 -7.496
12210 	 -7.63
12212 	 -8.674
12222 	 -8.567
12226 	 -9.201
12230 	 -9.432
12234 	 -10.78
12236 	 -10.869
12244 	 -11.17
12252 	 -10.454
12254 	 -10.353
12256 	 -10.458
12260 	 -10.141
12264 	 -10.306
12274 	 -9.054
12276 	 -9.155
12280 	 -8.972
12282 	 -8.815
12286 	 -9.085
12290 	 -8.813
12296 	 -9.066
12304 	 -8.759
12308 	 -8.744
12312 	 -8.709
12322 	 -8.596
12324 	 -8.062
12330 	 -7.993
12332 	 -8.025
12334 	 -8.027
12338 	 -7.775
12340 	 -7.655
12344 	 -6.859
12348 	 -6.811
12350 	 -6.815
12354 	 -6.788
12358 	 -6.491
12360 	 -5.539
12362 	 -5.436
12372 	 -5.032
12376 	 -5.002
12380 	 -4.85
12382 	 -4.696
12384 	 -4.85
12386 	 -4.822
12392 	 -4.745
12394 	 -4.595
12396 	 -4.62
12404 	 -4.348
12412 	 -4.14
12432 	 -3.969
12438 	 -3.573
12454 	 -3.651
12456 	 -3.595
12470 	 -3.594
12476 	 -3.578
12498 	 -3.483
12510 	 -3.688
12522 	 -3.693
12536 	 -3.725
12542 	 -3.659
12546 	 -3.622
12552 	 -3.485
12564 	 -3.479
12574 	 -4.592
12576 	 -4.572
12578 	 -4.53
12588 	 -4.529
12590 	 -4.619
12592 	 -4.44
12598 	 -4.421
12604 	 -4.742
12606 	 -4.692
12608 	 -4.902
12622 	 -4.887
12624 	 -5.131
12626 	 -5.241
12630 	 -5.22
12632 	 -5.238
12638 	 -5.127
12640 	 -5.07
12656 	 -5.223
12658 	 -5.202
12660 	 -5.435
12672 	 -5.182
12684 	 -5.055
12688 	 -5.062
12700 	 -5.1
12712 	 -5.097
12724 	 -5.159
12732 	 -5.153
12734 	 -5.678
12740 	 -5.674
12756 	 -5.838
12766 	 -5.948
12768 	 -6.128
12770 	 -6.205
12774 	 -6.175
12776 	 -6.165
12792 	 -6.296
12794 	 -6.085
12800 	 -6.057
12802 	 -6.166
12804 	 -6.246
12806 	 -6.115
12812 	 -6.027
12824 	 -5.9
12828 	 -5.865
12832 	 -5.911
12834 	 -5.689
12840 	 -5.627
12850 	 -5.617
12854 	 -5.586
12864 	 -5.58
12868 	 -5.557
12882 	 -5.475
12884 	 -5.7
12888 	 -5.921
12890 	 -5.893
12894 	 -6.245
12896 	 -6.242
12900 	 -6.167
12902 	 -6.192
12908 	 -6.123
12912 	 -6.117
12914 	 -6.078
12916 	 -6.004
12918 	 -6.005
12922 	 -6.191
12928 	 -6.021
12934 	 -6.014
12936 	 -5.959
12942 	 -5.718
12954 	 -5.818
12962 	 -5.78
12964 	 -5.626
12966 	 -5.87
12982 	 -5.696
12984 	 -5.596
12988 	 -5.57
12990 	 -5.541
12996 	 -5.525
13002 	 -5.956
13004 	 -5.951
13008 	 -5.939
13012 	 -5.921
13028 	 -5.911
13036 	 -5.91
13042 	 -5.87
13062 	 -5.869
13064 	 -5.63
13068 	 -5.657
13070 	 -5.639
13074 	 -5.646
13078 	 -5.579
13088 	 -5.803
13094 	 -6.053
13098 	 -6.393
13102 	 -6.294
13104 	 -6.304
13108 	 -6.131
13114 	 -6.136
13120 	 -6.113
13128 	 -5.981
13134 	 -5.876
13136 	 -5.879
13138 	 -5.909
13140 	 -5.836
13162 	 -5.603
13168 	 -5.755
13172 	 -5.624
13174 	 -5.516
13180 	 -5.608
13188 	 -5.751
13192 	 -5.75
13204 	 -5.621
13206 	 -5.626
13226 	 -5.68
13250 	 -4.332
13260 	 -4.521
13268 	 -4.385
13274 	 -4.411
13282 	 -4.463
13286 	 -4.558
13288 	 -4.499
13298 	 -4.601
13300 	 -4.54
13304 	 -4.539
13310 	 -4.306
13312 	 -4.205
13320 	 -4.264
13322 	 -4.15
13324 	 -4.128
13328 	 -4.094
13340 	 -4.069
13346 	 -4.064
13352 	 -4.047
13374 	 -3.42
13384 	 -3.332
13390 	 -3.207
13412 	 -3.083
13414 	 -2.984
13420 	 -2.983
13424 	 -2.57
13434 	 -2.504
13436 	 -2.472
13452 	 -2.457
13456 	 -2.397
13462 	 -2.362
13464 	 -2.348
13474 	 -2.322
13478 	 -2.366
13480 	 -2.331
13502 	 -2.293
13504 	 -2.369
13516 	 -2.324
13534 	 -2.103
13538 	 -2.092
13542 	 -2.013
13558 	 -1.998
13574 	 -1.746
13590 	 -1.675
13594 	 -1.566
13610 	 -1.497
13626 	 -1.476
13628 	 -1.511
13634 	 -1.51
13638 	 -1.257
13646 	 -1.14
13648 	 -1.097
13650 	 -1.094
13664 	 -1.083
13666 	 -1.127
13692 	 -1.1
13700 	 -1.076
13714 	 -1.133
13746 	 -1.13
13760 	 -1.101
13780 	 -0.942
13786 	 -1.06
13798 	 -1.053
13830 	 -1.036
13832 	 -0.883
13848 	 -0.867
13854 	 -0.749
13856 	 -0.731
13858 	 -0.709
13862 	 -0.707
13864 	 -0.672
13884 	 -0.484
13894 	 -0.48
13898 	 -0.476
13904 	 -0.418
13930 	 -0.417
13932 	 -0.376
13942 	 -0.367
13978 	 -0.272
14036 	 -0.269
14040 	 -0.263
14046 	 -0.26
14048 	 -0.257
14058 	 -0.252
14116 	 -0.25
14146 	 -0.14
14182 	 -0.139
14210 	 -0.122
14236 	 -0.12
14250 	 -0.117
14278 	 -0.116
14312 	 -0.115
15000 	 -1.397
15024 	 -1.545
15050 	 -2.168
15078 	 -2.627
15112 	 -2.865
15158 	 -2.786
15162 	 -2.826
15174 	 -2.779
15186 	 -2.202
15216 	 -2.348
15232 	 -2.172
15238 	 -2.336
15262 	 -1.459
15268 	 -1.287
15282 	 -1.022
15298 	 -0.675
15310 	 -0.696
15336 	 -0.845
15346 	 -0.793
15352 	 -0.792
15356 	 -0.877
15374 	 -0.687
15400 	 -0.374
15422 	 -0.294
15456 	 -0.163
15470 	 -0.158
15486 	 -0.063
15558 	 -0.028
15568 	 -0.026
15660 	 -0.02
15864 	 -0.016
15904 	 -0.008
18000 	 -2.128
18020 	 -2.227
18042 	 -2.675
18064 	 -2.729
18088 	 -2.111
18120 	 -1.491
18154 	 -2.168
18180 	 -1.904
18190 	 -2.225
18234 	 -2.958
18252 	 -2.942
18262 	 -2.849
18270 	 -2.203
18278 	 -2.161
18286 	 -2.067
18296 	 -2.256
18316 	 -2.286
18328 	 -2.408
18336 	 -2.174
18342 	 -2.17
18348 	 -1.776
18360 	 -1.201
18368 	 -1.048
18384 	 -1.055
18402 	 -0.724
18420 	 -0.407
18426 	 -0.363
18434 	 -0.304
18448 	 -0.134
18472 	 -0.119
18552 	 -0.012
18864 	 -0.008
19002 	 0
21000 	 -1.44
21001 	 -1.44
