0 	 0
3000 	 -1.376
3024 	 -1.496
3050 	 -1.88
3062 	 -2.472
3078 	 -3.176
3112 	 -3.62
3158 	 -3.808
3164 	 -3.728
3186 	 -2.828
3198 	 -2.688
3216 	 -1.912
3232 	 -1.736
3238 	 -1.364
3262 	 -0.608
3296 	 -0.264
3400 	 -0.024
3636 	 -0.008
3904 	 0
6000 	 -2.478
6020 	 -2.638
6042 	 -3.286
6064 	 -3.582
6088 	 -3.11
6120 	 -2.686
6138 	 -2.872
6154 	 -3.312
6180 	 -3.048
6190 	 -3.516
6198 	 -3.5
6234 	 -3.9
6284 	 -4.203
6296 	 -4.179
6346 	 -4.159
6360 	 -2.871
6374 	 -2.271
6376 	 -1.719
6424 	 -1.319
6444 	 -0.761
6504 	 -0.637
6506 	 -0.613
6552 	 -0.501
6634 	 -0.359
6704 	 -0.331
6710 	 -0.307
6726 	 -0.295
6728 	 -0.267
6782 	 -0.263
6894 	 -0.165
6990 	 -0.145
6994 	 -0.125
7002 	 -0.093
7272 	 -0.089
7278 	 -0.085
7290 	 -0.073
7324 	 -0.025
9000 	 -1.433
9024 	 -1.537
9050 	 -2.497
9078 	 -3.177
9112 	 -3.761
9158 	 -3.713
9162 	 -3.797
9174 	 -3.705
9186 	 -2.857
9216 	 -3.589
9232 	 -3.413
9238 	 -3.801
9262 	 -1.973
9268 	 -1.305
9298 	 -0.417
9304 	 -0.413
9306 	 -0.409
9334 	 -0.277
9400 	 -0.025
9660 	 -0.009
9904 	 -0.001
12000 	 -2.54
12002 	 -2.421
12004 	 -2.661
12006 	 -3.127
12008 	 -3.949
12010 	 -4.888
12012 	 -5.318
12016 	 -5.578
12018 	 -5.624
12020 	 -5.966
12030 	 -6.034
12032 	 -6
12034 	 -6.059
12040 	 -6.235
12042 	 -6.711
12062 	 -6.929
12064 	 -7.005
12070 	 -7.364
12072 	 -7.411
12088 	 -6.799
12090 	 -6.889
12100 	 -6.793
12114 	 -6.934
12120 	 -6.314
12130 	 -6.075
12148 	 -6.41
12154 	 -7.446
12156 	 -7.568
12166 	 -7.652
12176 	 -7.703
12178 	 -7.92
12180 	 -7.656
12184 	 -7.508
12186 	 -7.694
12190 	 -8.01
12192 	 -7.953
12200 	 -7.853
12210 	 -7.911
12212 	 -8.955
12222 	 -8.848
12226 	 -9.473
12230 	 -9.324
12234 	 -10.672
12236 	 -10.761
12244 	 -10.935
12248 	 -10.91
12252 	 -10.155
12254 	 -10.268
12260 	 -10.157
12264 	 -9.963
12274 	 -8.711
12276 	 -8.952
12280 	 -8.769
12282 	 -8.472
12286 	 -8.591
12290 	 -8.319
12296 	 -8.559
12304 	 -7.962
12308 	 -7.947
12320 	 -7.949
12322 	 -7.866
12324 	 -7.262
12330 	 -7.169
12332 	 -7.201
12334 	 -7.167
12338 	 -6.915
12340 	 -6.992
12342 	 -6.898
12344 	 -6.102
12346 	 -6.024
12358 	 -5.64
12360 	 -4.688
12362 	 -4.719
12376 	 -4.689
12380 	 -4.37
12382 	 -4.362
12386 	 -4.334
12392 	 -4.354
12404 	 -4.082
12412 	 -3.874
12432 	 -3.633
12438 	 -3.508
12454 	 -3.586
12456 	 -3.531
12470 	 -3.53
12498 	 -3.252
12510 	 -3.31
12522 	 -3.315
12532 	 -3.306
12542 	 -3.24
12550 	 -3.442
12552 	 -3.328
12558 	 -3.389
12574 	 -4.755
12576 	 -4.823
12578 	 -4.804
12588 	 -4.803
12592 	 -4.624
12598 	 -4.605
12606 	 -4.534
12608 	 -4.642
12622 	 -4.627
12630 	 -4.997
12632 	 -5.015
12636 	 -5.092
12638 	 -4.981
12640 	 -4.924
12654 	 -5.146
12656 	 -5.299
12658 	 -5.278
12666 	 -5.27
12672 	 -5.116
12682 	 -5.416
12688 	 -5.423
12690 	 -5.756
12712 	 -6.536
12732 	 -6.379
12742 	 -6.388
12762 	 -6.382
12768 	 -6.334
12770 	 -7.315
12776 	 -7.26
12794 	 -7.107
12800 	 -6.995
12802 	 -6.957
12804 	 -7.037
12814 	 -7.035
12826 	 -5.858
12828 	 -5.823
12838 	 -5.727
12840 	 -5.683
12844 	 -5.706
12846 	 -5.768
12864 	 -5.762
12868 	 -5.728
12872 	 -5.562
12874 	 -5.612
12882 	 -5.46
12884 	 -5.484
12888 	 -5.654
12896 	 -5.685
12898 	 -5.728
12902 	 -5.753
12916 	 -5.679
12924 	 -5.731
12926 	 -6.065
12928 	 -6.056
12930 	 -6.059
12934 	 -6.052
12936 	 -6.393
12942 	 -6.172
12956 	 -6.59
12958 	 -6.811
12966 	 -7.042
12968 	 -7.344
12982 	 -7.052
12984 	 -7.527
12990 	 -7.521
12994 	 -7.989
12996 	 -7.973
13002 	 -7.771
13004 	 -7.728
13010 	 -8.277
13012 	 -8.259
13018 	 -8.282
13020 	 -8.161
13022 	 -7.885
13024 	 -8.118
13028 	 -8.113
13036 	 -8.112
13040 	 -8.26
13042 	 -8.22
13046 	 -8.189
13054 	 -8.004
13062 	 -7.983
13064 	 -7.743
13072 	 -7.846
13078 	 -7.865
13096 	 -7.787
13100 	 -7.676
13104 	 -7.024
13108 	 -7.109
13114 	 -7.648
13118 	 -7.754
13120 	 -7.662
13128 	 -7.641
13130 	 -7.577
13136 	 -7.584
13152 	 -7.546
13154 	 -7.505
13156 	 -7.525
13160 	 -7.532
13168 	 -7.588
13170 	 -7.834
13172 	 -7.746
13174 	 -7.7
13176 	 -7.576
13178 	 -7.381
13180 	 -7.49
13192 	 -7.475
13194 	 -7.297
13200 	 -8.004
13204 	 -8.187
13214 	 -8.162
13216 	 -8.28
13250 	 -6.572
13264 	 -6.473
13270 	 -6.435
13272 	 -6.443
13280 	 -6.45
13282 	 -6.402
13286 	 -6.473
13288 	 -6.437
13290 	 -6.291
13292 	 -6.056
13304 	 -6.023
13306 	 -6.086
13308 	 -6.069
13316 	 -6.118
13320 	 -6.126
13326 	 -6.11
13328 	 -5.82
13338 	 -5.785
13340 	 -5.726
13344 	 -5.77
13346 	 -5.674
13350 	 -5.854
13352 	 -5.829
13354 	 -5.725
13360 	 -5.58
13362 	 -5.661
13382 	 -5.507
13390 	 -5.556
13398 	 -5.557
13400 	 -5.498
13408 	 -5.63
13412 	 -5.565
13414 	 -5.564
13416 	 -5.543
13420 	 -5.441
13424 	 -4.749
13426 	 -4.715
13436 	 -4.714
13446 	 -4.822
13454 	 -4.789
13458 	 -4.884
13464 	 -4.876
13476 	 -4.669
13484 	 -4.773
13488 	 -4.805
13506 	 -4.713
13514 	 -4.691
13518 	 -4.661
13520 	 -5.301
13530 	 -5.463
13532 	 -5.603
13538 	 -5.622
13560 	 -5.579
13562 	 -5.32
13568 	 -5.318
13576 	 -5.43
13580 	 -5.556
13590 	 -5.486
13598 	 -5.364
13614 	 -5.312
13634 	 -5.311
13638 	 -4.576
13640 	 -4.436
13648 	 -4.392
13650 	 -4.37
13654 	 -4.368
13662 	 -4.412
13664 	 -4.352
13670 	 -4.349
13676 	 -4.348
13690 	 -4.337
13696 	 -4.512
13700 	 -4.546
13702 	 -4.433
13704 	 -4.405
13708 	 -4.235
13712 	 -4.174
13716 	 -4.085
13720 	 -4.19
13728 	 -4.005
13734 	 -3.956
13740 	 -3.924
13742 	 -3.91
13744 	 -3.896
13748 	 -3.886
13752 	 -3.771
13760 	 -3.751
13768 	 -3.687
13774 	 -4.038
13776 	 -3.988
13778 	 -3.936
13780 	 -3.777
13786 	 -3.698
13796 	 -3.682
13800 	 -3.835
13804 	 -3.814
13810 	 -3.989
13818 	 -3.964
13822 	 -3.938
13840 	 -3.886
13842 	 -3.779
13848 	 -3.673
13852 	 -3.68
13854 	 -3.84
13860 	 -3.795
13864 	 -3.76
13866 	 -3.633
13872 	 -3.628
13876 	 -3.656
13880 	 -3.604
13894 	 -3.581
13902 	 -3.57
13904 	 -3.457
13912 	 -3.481
13914 	 -3.297
13922 	 -3.314
13936 	 -3.325
13940 	 -3.186
13942 	 -3.177
13944 	 -3.14
13946 	 -3.302
13958 	 -3.214
13970 	 -3.224
13992 	 -3.119
13994 	 -2.801
14002 	 -2.807
14006 	 -2.614
14008 	 -2.61
14016 	 -2.764
14018 	 -2.89
14022 	 -2.886
14024 	 -2.999
14028 	 -3.24
14030 	 -3.512
14034 	 -3.492
14036 	 -4.062
14042 	 -3.906
14048 	 -4.135
14054 	 -4.429
14056 	 -4.404
14058 	 -4.399
14064 	 -4.492
14066 	 -4.554
14070 	 -4.799
14080 	 -4.582
14082 	 -4.224
14084 	 -4.508
14088 	 -4.343
14094 	 -4.183
14096 	 -4.501
14098 	 -4.386
14114 	 -4.338
14116 	 -4.375
14118 	 -4.604
14120 	 -4.423
14130 	 -4.305
14132 	 -4.303
14146 	 -3.156
14152 	 -3.212
14156 	 -3.173
14158 	 -3.122
14162 	 -3.016
14170 	 -2.877
14172 	 -2.876
14178 	 -2.739
14184 	 -2.718
14200 	 -2.383
14204 	 -2.727
14206 	 -2.532
14208 	 -2.517
14210 	 -2.498
14212 	 -2.412
14218 	 -2.406
14226 	 -2.389
14228 	 -2.402
14230 	 -2.4
14232 	 -2.394
14234 	 -2.372
14236 	 -2.066
14240 	 -2.05
14248 	 -1.742
14252 	 -1.716
14254 	 -2.042
14262 	 -2.018
14272 	 -1.881
14276 	 -1.626
14278 	 -1.623
14286 	 -1.698
14290 	 -1.563
14292 	 -1.44
14316 	 -1.26
14318 	 -1.135
14340 	 -1.124
14348 	 -1.121
14362 	 -0.832
14378 	 -0.7
14390 	 -0.638
14436 	 -0.45
14440 	 -0.441
14444 	 -0.432
14458 	 -0.251
14466 	 -0.244
14492 	 -0.243
14546 	 -0.24
14584 	 -0.193
14656 	 -0.183
14724 	 -0.174
15000 	 -1.398
15024 	 -1.518
15050 	 -2.046
15078 	 -2.363
15112 	 -2.394
15158 	 -2.211
15162 	 -2.232
15174 	 -2.208
15186 	 -1.646
15216 	 -1.474
15232 	 -1.298
15238 	 -1.362
15262 	 -0.604
15268 	 -0.518
15282 	 -0.386
15298 	 -0.212
15346 	 -0.186
15352 	 -0.185
15400 	 -0.032
15470 	 -0.027
15568 	 -0.024
15660 	 -0.021
15828 	 -0.02
15904 	 -0.012
16032 	 -0.011
16134 	 -0.01
16140 	 -0.008
18000 	 -2.128
18020 	 -2.209
18042 	 -2.593
18064 	 -2.564
18088 	 -1.883
18120 	 -1.218
18154 	 -1.472
18180 	 -1.208
18190 	 -1.197
18234 	 -1.398
18252 	 -1.39
18270 	 -1.067
18278 	 -1.046
18286 	 -0.999
18296 	 -0.843
18316 	 -0.858
18336 	 -0.741
18342 	 -0.724
18348 	 -0.527
18360 	 -0.134
18402 	 -0.058
18552 	 -0.004
19002 	 0
21000 	 -1.44
21001 	 -1.44
