0 	 0
3000 	 -1.376
3024 	 -1.496
3050 	 -1.88
3062 	 -2.472
3078 	 -3.176
3112 	 -3.62
3158 	 -3.808
3164 	 -3.728
3186 	 -2.828
3198 	 -2.688
3216 	 -1.912
3232 	 -1.736
3238 	 -1.364
3262 	 -0.608
3296 	 -0.264
3400 	 -0.024
3636 	 -0.008
3904 	 0
6000 	 -2.478
6020 	 -2.638
6042 	 -3.286
6064 	 -3.582
6088 	 -3.11
6120 	 -2.686
6138 	 -2.872
6154 	 -3.312
6180 	 -3.048
6190 	 -3.516
6198 	 -3.5
6234 	 -3.9
6284 	 -4.203
6296 	 -4.179
6346 	 -4.159
6360 	 -2.871
6374 	 -2.271
6376 	 -1.719
6424 	 -1.319
6444 	 -0.761
6504 	 -0.637
6506 	 -0.613
6552 	 -0.501
6634 	 -0.359
6704 	 -0.331
6710 	 -0.307
6726 	 -0.295
6728 	 -0.267
6782 	 -0.263
6894 	 -0.165
6990 	 -0.145
6994 	 -0.125
7002 	 -0.093
7272 	 -0.089
7278 	 -0.085
7290 	 -0.073
7324 	 -0.025
9000 	 -1.433
9024 	 -1.537
9050 	 -2.497
9078 	 -3.177
9112 	 -3.761
9158 	 -3.713
9162 	 -3.797
9174 	 -3.705
9186 	 -2.857
9216 	 -3.589
9232 	 -3.413
9238 	 -3.801
9262 	 -1.973
9268 	 -1.305
9298 	 -0.417
9304 	 -0.413
9306 	 -0.409
9334 	 -0.277
9400 	 -0.025
9660 	 -0.009
9904 	 -0.001
12000 	 -2.54
12002 	 -2.421
12004 	 -2.621
12006 	 -3.087
12008 	 -3.498
12010 	 -4.437
12012 	 -4.652
12016 	 -4.912
12018 	 -4.958
12020 	 -5.187
12030 	 -5.255
12032 	 -5.221
12034 	 -5.28
12040 	 -5.368
12042 	 -5.844
12062 	 -6.062
12064 	 -6.138
12070 	 -6.322
12072 	 -6.369
12088 	 -5.757
12090 	 -5.847
12100 	 -5.83
12120 	 -5.21
12130 	 -5.004
12148 	 -5.339
12154 	 -6.375
12156 	 -6.405
12160 	 -6.763
12166 	 -6.847
12176 	 -6.898
12178 	 -7.248
12180 	 -6.984
12186 	 -7.113
12190 	 -7.429
12198 	 -7.407
12200 	 -7.648
12210 	 -7.769
12212 	 -8.813
12222 	 -8.706
12226 	 -9.34
12230 	 -9.524
12234 	 -10.872
12236 	 -10.961
12244 	 -11.197
12246 	 -11.348
12252 	 -10.692
12254 	 -10.591
12256 	 -10.546
12260 	 -10.229
12264 	 -10.161
12270 	 -10.273
12274 	 -9.021
12276 	 -9.255
12280 	 -9.072
12282 	 -8.915
12286 	 -9.034
12290 	 -8.762
12296 	 -9.002
12304 	 -8.924
12308 	 -8.909
12310 	 -8.973
12314 	 -8.642
12322 	 -8.562
12324 	 -7.958
12328 	 -8.077
12330 	 -8.008
12332 	 -8.04
12334 	 -7.977
12338 	 -7.725
12340 	 -7.605
12344 	 -6.693
12346 	 -6.685
12350 	 -6.676
12356 	 -6.68
12358 	 -6.261
12360 	 -5.309
12362 	 -5.206
12376 	 -5.075
12380 	 -4.55
12382 	 -4.542
12386 	 -4.514
12392 	 -4.395
12404 	 -4.045
12406 	 -4.075
12412 	 -3.867
12432 	 -4.896
12438 	 -3.976
12448 	 -3.745
12454 	 -3.927
12456 	 -3.836
12466 	 -3.736
12470 	 -3.735
12476 	 -3.719
12498 	 -3.624
12510 	 -3.579
12522 	 -3.584
12534 	 -3.771
12542 	 -3.705
12546 	 -3.665
12550 	 -3.642
12552 	 -3.505
12574 	 -4.491
12576 	 -4.487
12578 	 -4.468
12588 	 -4.467
12592 	 -4.288
12598 	 -4.269
12604 	 -3.955
12606 	 -3.884
12608 	 -4.094
12618 	 -3.962
12622 	 -3.947
12624 	 -3.934
12626 	 -4.129
12630 	 -4.115
12632 	 -4.133
12638 	 -4.022
12640 	 -3.965
12642 	 -3.98
12656 	 -4.133
12658 	 -4.043
12660 	 -3.933
12672 	 -3.865
12682 	 -3.908
12688 	 -3.915
12690 	 -3.876
12710 	 -3.912
12730 	 -4.031
12732 	 -4.025
12740 	 -3.911
12742 	 -4.281
12754 	 -4.432
12758 	 -4.415
12768 	 -4.723
12770 	 -4.784
12774 	 -4.755
12776 	 -4.862
12788 	 -4.686
12802 	 -4.681
12804 	 -4.761
12806 	 -4.545
12828 	 -4.51
12832 	 -4.509
12838 	 -4.444
12842 	 -4.432
12850 	 -4.59
12864 	 -4.584
12868 	 -4.55
12874 	 -4.688
12878 	 -4.572
12884 	 -4.724
12888 	 -4.937
12896 	 -4.934
12902 	 -4.959
12916 	 -4.885
12934 	 -4.779
12942 	 -4.525
12944 	 -4.529
12954 	 -4.49
12966 	 -4.664
12982 	 -4.446
12984 	 -4.434
12990 	 -4.431
12996 	 -4.867
13002 	 -4.853
13004 	 -4.81
13012 	 -4.792
13016 	 -5.218
13018 	 -5.05
13028 	 -4.971
13030 	 -5.362
13032 	 -5.439
13036 	 -5.507
13042 	 -5.438
13046 	 -5.557
13060 	 -5.666
13062 	 -5.665
13064 	 -5.946
13066 	 -5.696
13084 	 -5.502
13092 	 -5.359
13094 	 -5.467
13102 	 -5.36
13104 	 -5.362
13110 	 -5.436
13112 	 -5.228
13120 	 -5.205
13128 	 -5.184
13132 	 -4.785
13136 	 -4.77
13142 	 -4.751
13150 	 -4.576
13154 	 -4.645
13158 	 -4.7
13162 	 -4.618
13164 	 -4.483
13172 	 -4.666
13182 	 -4.665
13186 	 -4.53
13192 	 -4.529
13196 	 -4.389
13208 	 -4.436
13216 	 -4.339
13228 	 -4.382
13250 	 -3.222
13268 	 -3.357
13272 	 -3.239
13282 	 -3.242
13291 	 -3.748
13292 	 -3.576
13296 	 -3.543
13302 	 -3.602
13304 	 -4.11
13314 	 -4.098
13318 	 -4.052
13328 	 -4.066
13330 	 -4.139
13340 	 -4.107
13346 	 -4.102
13352 	 -4.077
13354 	 -4.068
13364 	 -4.297
13366 	 -3.366
13370 	 -3.752
13378 	 -3.531
13382 	 -3.443
13388 	 -3.633
13404 	 -3.627
13406 	 -3.447
13416 	 -3.303
13418 	 -3.195
13424 	 -2.955
13428 	 -2.969
13446 	 -3.066
13448 	 -3.084
13454 	 -3.083
13460 	 -3.048
13464 	 -3.002
13474 	 -2.906
13484 	 -3.057
13490 	 -3.108
13510 	 -3.209
13544 	 -3.61
13562 	 -3.635
13568 	 -3.637
13570 	 -3.692
13586 	 -3.755
13592 	 -3.727
13602 	 -3.657
13606 	 -3.625
13612 	 -3.601
13622 	 -3.394
13628 	 -3.363
13634 	 -3.362
13638 	 -3.242
13642 	 -3.06
13646 	 -2.947
13648 	 -2.903
13650 	 -2.898
13658 	 -2.798
13666 	 -2.77
13670 	 -2.734
13680 	 -2.604
13690 	 -2.573
13692 	 -2.361
13714 	 -2.348
13716 	 -2.419
13724 	 -2.634
13728 	 -2.569
13746 	 -2.543
13752 	 -2.613
13758 	 -2.632
13760 	 -2.612
13764 	 -2.63
13780 	 -2.471
13784 	 -2.47
13792 	 -2.496
13796 	 -2.443
13804 	 -2.392
13808 	 -2.426
13810 	 -2.41
13836 	 -2.438
13844 	 -2.606
13854 	 -2.485
13864 	 -2.45
13866 	 -2.407
13914 	 -2.2
13920 	 -2.177
13926 	 -2.131
13932 	 -2.161
13936 	 -2.015
13942 	 -2.006
13944 	 -1.87
13962 	 -1.89
13968 	 -1.704
13980 	 -1.674
13982 	 -1.664
13984 	 -1.718
13986 	 -1.707
13990 	 -1.527
13992 	 -1.482
14008 	 -1.528
14010 	 -1.506
14016 	 -1.461
14032 	 -1.381
14038 	 -1.2
14056 	 -1.188
14058 	 -1.183
14060 	 -1.203
14072 	 -1.164
14074 	 -1.103
14094 	 -0.946
14100 	 -0.876
14120 	 -0.971
14122 	 -0.97
14124 	 -0.926
14144 	 -0.877
14146 	 -0.767
14150 	 -0.756
14190 	 -0.682
14192 	 -0.7
14230 	 -0.523
14236 	 -0.52
14246 	 -0.494
14276 	 -0.348
14280 	 -0.341
14288 	 -0.319
14302 	 -0.261
14322 	 -0.26
14328 	 -0.245
14354 	 -0.23
14370 	 -0.207
14388 	 -0.2
14430 	 -0.196
14478 	 -0.183
14480 	 -0.149
14490 	 -0.148
14628 	 -0.144
15000 	 -1.402
15024 	 -1.531
15050 	 -2.185
15078 	 -2.633
15112 	 -2.87
15158 	 -2.792
15162 	 -2.832
15174 	 -2.785
15186 	 -2.173
15216 	 -2.389
15232 	 -2.213
15238 	 -2.341
15262 	 -1.465
15268 	 -1.293
15282 	 -1.029
15298 	 -0.682
15310 	 -0.702
15336 	 -0.851
15346 	 -0.799
15352 	 -0.798
15356 	 -0.883
15374 	 -0.693
15400 	 -0.38
15422 	 -0.3
15456 	 -0.169
15470 	 -0.164
15486 	 -0.069
15558 	 -0.034
15568 	 -0.031
15660 	 -0.025
15864 	 -0.021
15904 	 -0.013
18000 	 -2.128
18020 	 -2.227
18042 	 -2.675
18064 	 -2.729
18088 	 -2.111
18120 	 -1.491
18154 	 -2.168
18180 	 -1.904
18190 	 -2.225
18234 	 -2.958
18252 	 -2.942
18262 	 -2.849
18270 	 -2.203
18278 	 -2.161
18286 	 -2.067
18296 	 -2.256
18316 	 -2.286
18328 	 -2.408
18336 	 -2.174
18342 	 -2.17
18348 	 -1.776
18360 	 -1.201
18368 	 -1.048
18384 	 -1.055
18402 	 -0.724
18420 	 -0.407
18426 	 -0.363
18434 	 -0.304
18448 	 -0.134
18472 	 -0.119
18552 	 -0.012
18864 	 -0.008
19002 	 0
21000 	 -1.44
21001 	 -1.44
