0 	 0
3000 	 -1.376
3024 	 -1.496
3050 	 -1.88
3062 	 -2.472
3078 	 -3.176
3112 	 -3.62
3158 	 -3.808
3164 	 -3.728
3186 	 -2.828
3198 	 -2.688
3216 	 -1.912
3232 	 -1.736
3238 	 -1.364
3262 	 -0.608
3296 	 -0.264
3400 	 -0.024
3636 	 -0.008
3904 	 0
6000 	 -2.478
6020 	 -2.638
6042 	 -3.286
6064 	 -3.582
6088 	 -3.11
6120 	 -2.686
6138 	 -2.872
6154 	 -3.312
6180 	 -3.048
6190 	 -3.516
6198 	 -3.5
6234 	 -3.9
6284 	 -4.203
6296 	 -4.179
6346 	 -4.159
6360 	 -2.871
6374 	 -2.271
6376 	 -1.719
6424 	 -1.319
6444 	 -0.761
6504 	 -0.637
6506 	 -0.613
6552 	 -0.501
6634 	 -0.359
6704 	 -0.331
6710 	 -0.307
6726 	 -0.295
6728 	 -0.267
6782 	 -0.263
6894 	 -0.165
6990 	 -0.145
6994 	 -0.125
7002 	 -0.093
7272 	 -0.089
7278 	 -0.085
7290 	 -0.073
7324 	 -0.025
9000 	 -1.433
9024 	 -1.537
9050 	 -2.497
9078 	 -3.177
9112 	 -3.761
9158 	 -3.713
9162 	 -3.797
9174 	 -3.705
9186 	 -2.857
9216 	 -3.589
9232 	 -3.413
9238 	 -3.801
9262 	 -1.973
9268 	 -1.305
9298 	 -0.417
9304 	 -0.413
9306 	 -0.409
9334 	 -0.277
9400 	 -0.025
9660 	 -0.009
9904 	 -0.001
12000 	 -2.54
12002 	 -2.421
12004 	 -2.701
12006 	 -3.167
12008 	 -4.406
12010 	 -5.345
12012 	 -5.986
12016 	 -6.246
12018 	 -6.292
12020 	 -6.741
12030 	 -6.809
12032 	 -6.775
12034 	 -6.827
12040 	 -7.031
12042 	 -7.507
12062 	 -7.699
12064 	 -7.775
12070 	 -8.15
12072 	 -8.197
12086 	 -8.462
12088 	 -7.85
12090 	 -7.892
12100 	 -7.831
12120 	 -7.297
12130 	 -7.111
12132 	 -7.385
12148 	 -7.72
12154 	 -8.888
12156 	 -8.938
12160 	 -9.296
12166 	 -9.253
12176 	 -9.205
12178 	 -9.754
12180 	 -9.473
12184 	 -9.427
12186 	 -9.439
12188 	 -9.446
12190 	 -9.762
12198 	 -9.74
12200 	 -9.658
12204 	 -9.621
12210 	 -9.644
12212 	 -10.688
12222 	 -10.581
12226 	 -11.225
12228 	 -11.469
12230 	 -11.518
12234 	 -12.866
12236 	 -12.449
12246 	 -12.724
12250 	 -12.697
12252 	 -11.981
12254 	 -11.779
12256 	 -11.654
12260 	 -11.319
12262 	 -11.395
12264 	 -11.365
12266 	 -11.25
12272 	 -11.249
12274 	 -9.997
12276 	 -9.764
12278 	 -9.832
12282 	 -9.646
12284 	 -9.754
12286 	 -9.873
12288 	 -9.789
12290 	 -9.517
12296 	 -9.757
12302 	 -9.725
12304 	 -9.681
12308 	 -9.666
12310 	 -9.6
12314 	 -9.615
12320 	 -9.617
12324 	 -9.013
12326 	 -8.967
12328 	 -9.089
12330 	 -9.079
12332 	 -9.111
12334 	 -9.116
12338 	 -8.599
12344 	 -7.803
12350 	 -7.851
12354 	 -7.839
12358 	 -7.644
12360 	 -6.692
12362 	 -6.66
12368 	 -6.702
12376 	 -6.549
12380 	 -6.491
12382 	 -6.483
12386 	 -6.343
12392 	 -6.532
12398 	 -6.649
12404 	 -6.04
12406 	 -6.114
12412 	 -5.943
12418 	 -5.859
12432 	 -5.64
12438 	 -5.04
12454 	 -5.149
12456 	 -4.802
12462 	 -4.857
12464 	 -4.752
12470 	 -4.751
12480 	 -4.845
12496 	 -4.809
12498 	 -4.848
12500 	 -4.871
12502 	 -4.852
12508 	 -4.748
12510 	 -4.667
12516 	 -4.823
12522 	 -4.886
12528 	 -5.288
12542 	 -5.208
12544 	 -5.18
12548 	 -4.859
12550 	 -4.954
12552 	 -4.834
12574 	 -5.556
12576 	 -5.552
12590 	 -5.349
12592 	 -5.17
12598 	 -5.151
12604 	 -5.045
12606 	 -4.981
12608 	 -5.191
12612 	 -4.947
12614 	 -4.904
12624 	 -4.891
12630 	 -4.87
12632 	 -4.888
12634 	 -4.876
12638 	 -4.749
12640 	 -4.639
12656 	 -4.792
12658 	 -4.771
12672 	 -4.776
12682 	 -4.747
12688 	 -4.754
12700 	 -4.727
12704 	 -4.491
12706 	 -4.542
12714 	 -4.358
12732 	 -4.418
12740 	 -4.408
12744 	 -4.393
12746 	 -4.533
12768 	 -4.563
12770 	 -4.624
12776 	 -4.614
12786 	 -4.534
12790 	 -4.859
12798 	 -5.434
12802 	 -5.389
12804 	 -5.3
12806 	 -5.502
12810 	 -5.494
12814 	 -5.806
12824 	 -6.034
12828 	 -5.989
12832 	 -5.968
12838 	 -5.906
12846 	 -5.903
12856 	 -5.633
12860 	 -5.609
12864 	 -5.595
12868 	 -5.572
12870 	 -5.46
12874 	 -5.414
12876 	 -5.402
12880 	 -4.951
12882 	 -4.943
12884 	 -5.787
12888 	 -5.984
12892 	 -5.897
12894 	 -5.793
12896 	 -5.695
12898 	 -5.683
12902 	 -5.705
12914 	 -5.789
12916 	 -5.689
12922 	 -5.524
12932 	 -5.397
12936 	 -5.196
12938 	 -5.245
12942 	 -5.054
12946 	 -5.154
12952 	 -4.946
12954 	 -5.098
12966 	 -5.207
12970 	 -5.202
12982 	 -4.647
12984 	 -4.635
12986 	 -4.62
12990 	 -4.614
12996 	 -4.623
13002 	 -4.656
13004 	 -4.964
13012 	 -4.946
13014 	 -4.759
13024 	 -4.713
13028 	 -4.786
13034 	 -4.661
13036 	 -4.66
13038 	 -4.659
13042 	 -4.969
13044 	 -5.106
13054 	 -5.489
13062 	 -5.488
13064 	 -5.495
13072 	 -5.667
13076 	 -5.627
13080 	 -5.578
13092 	 -5.611
13094 	 -5.684
13096 	 -5.732
13102 	 -5.633
13104 	 -5.561
13108 	 -5.353
13118 	 -5.122
13120 	 -5.15
13122 	 -5.162
13124 	 -5.212
13126 	 -5.19
13130 	 -5.111
13136 	 -4.949
13138 	 -4.872
13146 	 -4.906
13152 	 -4.936
13158 	 -4.93
13164 	 -4.928
13166 	 -4.265
13182 	 -4.075
13186 	 -3.93
13200 	 -3.86
13208 	 -3.865
13210 	 -4.003
13214 	 -4.083
13222 	 -4.004
13226 	 -4.035
13228 	 -3.963
13246 	 -3.939
13250 	 -2.951
13258 	 -2.949
13268 	 -2.993
13270 	 -2.971
13300 	 -3.092
13306 	 -3.248
13310 	 -3.298
13328 	 -3.264
13340 	 -3.333
13346 	 -3.328
13352 	 -3.311
13354 	 -3.412
13358 	 -3.457
13366 	 -3.455
13388 	 -3.437
13390 	 -3.801
13406 	 -3.63
13408 	 -3.568
13424 	 -3.102
13432 	 -3.055
13442 	 -2.968
13444 	 -3.098
13454 	 -3.097
13458 	 -2.968
13460 	 -2.868
13480 	 -2.734
13484 	 -2.707
13488 	 -2.705
13502 	 -2.673
13510 	 -2.687
13518 	 -2.8
13540 	 -2.899
13542 	 -2.817
13548 	 -2.791
13554 	 -2.868
13572 	 -2.725
13586 	 -2.72
13596 	 -2.683
13598 	 -2.702
13626 	 -2.697
13634 	 -2.696
13638 	 -2.576
13642 	 -2.562
13648 	 -2.344
13650 	 -2.341
13668 	 -2.299
13696 	 -2.31
13710 	 -2.423
13712 	 -2.488
13722 	 -2.54
13726 	 -2.539
13750 	 -2.524
13754 	 -2.533
13760 	 -2.513
13766 	 -2.612
13770 	 -2.606
13780 	 -2.447
13786 	 -2.446
13792 	 -2.335
13796 	 -2.311
13802 	 -2.294
13808 	 -2.264
13810 	 -2.389
13816 	 -2.367
13824 	 -2.313
13830 	 -2.311
13832 	 -2.202
13840 	 -2.046
13854 	 -1.928
13860 	 -1.887
13864 	 -1.865
13870 	 -1.823
13894 	 -1.483
13896 	 -1.468
13916 	 -1.409
13918 	 -1.36
13924 	 -1.357
13930 	 -1.355
13934 	 -1.345
13940 	 -1.376
13942 	 -1.229
13948 	 -1.187
13958 	 -1.181
13960 	 -1.098
13992 	 -0.995
14006 	 -0.889
14012 	 -0.964
14034 	 -0.932
14054 	 -0.925
14058 	 -0.92
14060 	 -0.758
14082 	 -0.748
14086 	 -0.747
14112 	 -0.705
14114 	 -0.544
14120 	 -0.54
14124 	 -0.538
14126 	 -0.52
14138 	 -0.454
14146 	 -0.344
14150 	 -0.327
14162 	 -0.311
14180 	 -0.284
14190 	 -0.218
14208 	 -0.215
14214 	 -0.209
14218 	 -0.181
14236 	 -0.179
14280 	 -0.178
14286 	 -0.167
14320 	 -0.163
14378 	 -0.161
14382 	 -0.156
14430 	 -0.15
14564 	 -0.134
15000 	 -1.397
15024 	 -1.528
15050 	 -2.182
15078 	 -2.63
15112 	 -2.862
15158 	 -2.879
15162 	 -2.92
15174 	 -2.872
15186 	 -2.337
15216 	 -2.545
15232 	 -2.369
15238 	 -2.497
15262 	 -1.87
15268 	 -1.698
15282 	 -1.434
15298 	 -1.086
15310 	 -1.126
15336 	 -1.425
15346 	 -1.373
15352 	 -1.372
15356 	 -1.543
15374 	 -1.154
15378 	 -1.152
15400 	 -0.721
15422 	 -0.563
15456 	 -0.297
15470 	 -0.292
15486 	 -0.104
15558 	 -0.04
15568 	 -0.038
15660 	 -0.032
15708 	 -0.02
15864 	 -0.018
15904 	 -0.01
16308 	 -0.009
18000 	 -2.128
18020 	 -2.236
18042 	 -2.716
18064 	 -2.81
18088 	 -2.232
18120 	 -1.658
18154 	 -2.416
18180 	 -2.152
18190 	 -2.608
18234 	 -3.44
18252 	 -3.424
18262 	 -3.238
18270 	 -2.592
18278 	 -2.55
18286 	 -2.456
18296 	 -3.002
18316 	 -3.032
18328 	 -3.276
18336 	 -3.042
18342 	 -3.068
18348 	 -2.674
18360 	 -2.166
18368 	 -1.861
18384 	 -1.874
18402 	 -1.364
18420 	 -0.73
18426 	 -0.642
18434 	 -0.524
18448 	 -0.184
18472 	 -0.154
18552 	 -0.016
18864 	 -0.008
19002 	 0
21000 	 -1.44
21001 	 -1.44
