0 	 0
3000 	 -1.376
3024 	 -1.496
3050 	 -1.88
3062 	 -2.472
3078 	 -3.176
3112 	 -3.62
3158 	 -3.808
3164 	 -3.728
3186 	 -2.828
3198 	 -2.688
3216 	 -1.912
3232 	 -1.736
3238 	 -1.364
3262 	 -0.608
3296 	 -0.264
3400 	 -0.024
3636 	 -0.008
3904 	 0
6000 	 -2.478
6020 	 -2.638
6042 	 -3.286
6064 	 -3.582
6088 	 -3.11
6120 	 -2.686
6138 	 -2.872
6154 	 -3.312
6180 	 -3.048
6190 	 -3.516
6198 	 -3.5
6234 	 -3.9
6284 	 -4.203
6296 	 -4.179
6346 	 -4.159
6360 	 -2.871
6374 	 -2.271
6376 	 -1.719
6424 	 -1.319
6444 	 -0.761
6504 	 -0.637
6506 	 -0.613
6552 	 -0.501
6634 	 -0.359
6704 	 -0.331
6710 	 -0.307
6726 	 -0.295
6728 	 -0.267
6782 	 -0.263
6894 	 -0.165
6990 	 -0.145
6994 	 -0.125
7002 	 -0.093
7272 	 -0.089
7278 	 -0.085
7290 	 -0.073
7324 	 -0.025
9000 	 -1.433
9024 	 -1.537
9050 	 -2.497
9078 	 -3.177
9112 	 -3.761
9158 	 -3.713
9162 	 -3.797
9174 	 -3.705
9186 	 -2.857
9216 	 -3.589
9232 	 -3.413
9238 	 -3.801
9262 	 -1.973
9268 	 -1.305
9298 	 -0.417
9304 	 -0.413
9306 	 -0.409
9334 	 -0.277
9400 	 -0.025
9660 	 -0.009
9904 	 -0.001
12000 	 -2.554
12002 	 -2.49
12004 	 -3.092
12006 	 -3.769
12008 	 -4.296
12010 	 -4.803
12012 	 -5.007
12016 	 -5.135
12020 	 -5.355
12030 	 -5.423
12032 	 -5.23
12040 	 -5.248
12042 	 -5.724
12048 	 -5.489
12064 	 -5.589
12070 	 -5.385
12072 	 -5.427
12088 	 -4.815
12100 	 -4.968
12102 	 -4.843
12120 	 -4.315
12148 	 -4.63
12154 	 -5.666
12162 	 -5.639
12178 	 -5.925
12180 	 -5.661
12182 	 -6.191
12190 	 -6.507
12198 	 -6.477
12208 	 -6.655
12212 	 -7.699
12226 	 -8.589
12234 	 -9.937
12252 	 -9.221
12260 	 -8.904
12266 	 -9.33
12274 	 -8.078
12282 	 -7.95
12286 	 -8.069
12290 	 -7.797
12296 	 -7.894
12300 	 -8.038
12304 	 -7.994
12322 	 -8.065
12324 	 -7.461
12332 	 -7.493
12334 	 -7.472
12338 	 -7.22
12344 	 -6.424
12358 	 -5.844
12360 	 -4.892
12382 	 -4.884
12386 	 -4.657
12400 	 -4.545
12404 	 -4.273
12406 	 -4.243
12412 	 -3.932
12418 	 -3.929
12420 	 -3.834
12426 	 -3.81
12430 	 -3.743
12437 	 -3.963
12448 	 -3.856
12452 	 -4.065
12466 	 -4.011
12470 	 -4.01
12476 	 -4.29
12480 	 -4.124
12492 	 -4.096
12508 	 -4.087
12516 	 -4.186
12524 	 -4.169
12540 	 -4.235
12552 	 -4.115
12558 	 -4.1
12562 	 -4.253
12570 	 -4.27
12574 	 -5.5
12592 	 -5.337
12594 	 -5.509
12598 	 -5.49
12604 	 -5.48
12606 	 -5.409
12610 	 -5.499
12618 	 -5.55
12622 	 -5.51
12624 	 -5.507
12632 	 -5.525
12638 	 -5.414
12640 	 -5.357
12648 	 -5.449
12664 	 -5.361
12670 	 -5.476
12672 	 -5.446
12688 	 -5.453
12712 	 -4.952
12732 	 -4.967
12742 	 -4.963
12748 	 -4.946
12768 	 -5.025
12770 	 -5.108
12782 	 -4.942
12798 	 -4.882
12802 	 -4.846
12804 	 -4.773
12812 	 -4.672
12814 	 -4.684
12828 	 -4.649
12840 	 -4.612
12850 	 -4.672
12861 	 -5.074
12868 	 -5.04
12874 	 -5.108
12882 	 -5.084
12894 	 -5.259
12896 	 -5.256
12916 	 -5.182
12924 	 -5.122
12926 	 -4.757
12932 	 -4.795
12942 	 -4.671
12948 	 -4.513
12964 	 -4.391
12966 	 -4.592
12978 	 -4.59
12982 	 -4.456
12984 	 -4.251
12996 	 -4.235
13002 	 -4.221
13006 	 -4.313
13008 	 -4.296
13010 	 -4.311
13012 	 -4.293
13016 	 -4.176
13030 	 -4.269
13032 	 -4.354
13036 	 -4.353
13042 	 -4.222
13050 	 -4.171
13052 	 -4.135
13076 	 -4.209
13080 	 -4.147
13096 	 -4.01
13104 	 -4.012
13110 	 -3.938
13114 	 -3.912
13122 	 -3.923
13132 	 -4.908
13144 	 -5.079
13150 	 -5.075
13158 	 -5.18
13162 	 -5.123
13168 	 -5.162
13176 	 -5.223
13178 	 -5.117
13190 	 -5.485
13194 	 -5.322
13196 	 -5.344
13208 	 -5.632
13216 	 -5.662
13220 	 -5.653
13222 	 -5.495
13234 	 -5.493
13250 	 -3.765
13258 	 -3.695
13264 	 -3.588
13270 	 -3.675
13278 	 -3.465
13280 	 -3.595
13282 	 -3.468
13292 	 -3.425
13296 	 -3.476
13310 	 -3.452
13320 	 -3.421
13324 	 -3.234
13326 	 -3.534
13328 	 -3.5
13332 	 -3.512
13346 	 -3.507
13350 	 -3.551
13352 	 -3.526
13358 	 -3.68
13360 	 -3.644
13368 	 -3.446
13370 	 -4.063
13380 	 -4.484
13386 	 -4.338
13390 	 -4.418
13406 	 -4.458
13416 	 -4.304
13420 	 -4.273
13424 	 -3.941
13428 	 -3.692
13438 	 -3.782
13440 	 -3.709
13446 	 -3.698
13456 	 -3.68
13458 	 -3.717
13460 	 -3.747
13468 	 -3.471
13470 	 -3.444
13476 	 -3.388
13494 	 -3.449
13496 	 -3.293
13498 	 -2.927
13508 	 -2.905
13514 	 -2.711
13522 	 -2.7
13524 	 -2.686
13528 	 -2.45
13536 	 -2.532
13552 	 -2.845
13560 	 -2.81
13566 	 -2.7
13584 	 -2.889
13594 	 -2.908
13612 	 -2.973
13634 	 -2.972
13638 	 -2.833
13648 	 -2.646
13650 	 -2.641
13652 	 -2.806
13666 	 -2.731
13668 	 -2.74
13670 	 -2.784
13678 	 -2.762
13690 	 -2.808
13692 	 -2.774
13720 	 -2.741
13724 	 -2.535
13740 	 -2.485
13754 	 -2.394
13760 	 -2.374
13768 	 -2.263
13774 	 -2.094
13780 	 -1.935
13790 	 -1.912
13796 	 -1.894
13820 	 -1.924
13822 	 -1.91
13846 	 -1.986
13848 	 -1.932
13854 	 -1.814
13860 	 -1.799
13864 	 -1.764
13882 	 -1.484
13894 	 -1.479
13896 	 -1.443
13910 	 -1.231
13912 	 -1.178
13924 	 -1.09
13926 	 -1.107
13932 	 -1.058
13942 	 -1.014
13962 	 -0.819
13964 	 -0.796
13966 	 -0.77
13978 	 -0.769
13982 	 -0.925
13986 	 -0.87
14006 	 -0.85
14010 	 -0.774
14028 	 -0.752
14032 	 -0.743
14036 	 -0.734
14038 	 -0.731
14046 	 -0.722
14052 	 -0.71
14056 	 -0.694
14058 	 -0.533
14074 	 -0.459
14098 	 -0.405
14108 	 -0.404
14118 	 -0.386
14128 	 -0.362
14140 	 -0.343
14146 	 -0.233
14150 	 -0.228
14162 	 -0.221
14198 	 -0.217
14202 	 -0.214
14224 	 -0.153
14236 	 -0.15
14240 	 -0.14
14322 	 -0.133
14328 	 -0.129
14414 	 -0.127
14512 	 -0.126
14616 	 -0.125
14640 	 -0.124
15000 	 -1.393
15024 	 -1.513
15050 	 -2.186
15078 	 -2.627
15112 	 -2.863
15158 	 -2.955
15162 	 -2.995
15174 	 -2.947
15186 	 -2.499
15216 	 -2.698
15232 	 -2.522
15238 	 -2.65
15262 	 -2.273
15268 	 -2.101
15282 	 -1.837
15298 	 -1.49
15310 	 -1.55
15336 	 -1.997
15346 	 -1.945
15352 	 -1.944
15356 	 -2.201
15374 	 -1.621
15400 	 -1.064
15422 	 -0.826
15456 	 -0.429
15470 	 -0.424
15486 	 -0.141
15558 	 -0.042
15568 	 -0.039
15660 	 -0.033
15708 	 -0.021
15864 	 -0.015
15904 	 -0.007
18000 	 -2.128
18020 	 -2.245
18042 	 -2.757
18064 	 -2.891
18088 	 -2.353
18120 	 -1.825
18154 	 -2.664
18180 	 -2.4
18190 	 -2.991
18234 	 -3.922
18252 	 -3.906
18262 	 -3.627
18270 	 -2.981
18278 	 -2.939
18286 	 -2.845
18296 	 -3.748
18316 	 -3.778
18328 	 -4.144
18336 	 -3.91
18342 	 -3.966
18348 	 -3.572
18360 	 -3.131
18368 	 -2.672
18384 	 -2.693
18402 	 -2.004
18420 	 -1.053
18426 	 -0.921
18434 	 -0.744
18448 	 -0.234
18472 	 -0.189
18552 	 -0.02
18864 	 -0.008
19002 	 0
21000 	 -1.44
21001 	 -1.44
