0 	 0
3000 	 -1.376
3024 	 -1.496
3050 	 -1.88
3062 	 -2.472
3078 	 -3.176
3112 	 -3.62
3158 	 -3.808
3164 	 -3.728
3186 	 -2.828
3198 	 -2.688
3216 	 -1.912
3232 	 -1.736
3238 	 -1.364
3262 	 -0.608
3296 	 -0.264
3400 	 -0.024
3636 	 -0.008
3904 	 0
6000 	 -2.478
6020 	 -2.638
6042 	 -3.286
6064 	 -3.582
6088 	 -3.11
6120 	 -2.686
6138 	 -2.872
6154 	 -3.312
6180 	 -3.048
6190 	 -3.516
6198 	 -3.5
6234 	 -3.9
6284 	 -4.203
6296 	 -4.179
6346 	 -4.159
6360 	 -2.871
6374 	 -2.271
6376 	 -1.719
6424 	 -1.319
6444 	 -0.761
6504 	 -0.637
6506 	 -0.613
6552 	 -0.501
6634 	 -0.359
6704 	 -0.331
6710 	 -0.307
6726 	 -0.295
6728 	 -0.267
6782 	 -0.263
6894 	 -0.165
6990 	 -0.145
6994 	 -0.125
7002 	 -0.093
7272 	 -0.089
7278 	 -0.085
7290 	 -0.073
7324 	 -0.025
9000 	 -1.433
9024 	 -1.537
9050 	 -2.497
9078 	 -3.177
9112 	 -3.761
9158 	 -3.713
9162 	 -3.797
9174 	 -3.705
9186 	 -2.857
9216 	 -3.589
9232 	 -3.413
9238 	 -3.801
9262 	 -1.973
9268 	 -1.305
9298 	 -0.417
9304 	 -0.413
9306 	 -0.409
9334 	 -0.277
9400 	 -0.025
9660 	 -0.009
9904 	 -0.001
12000 	 -2.54
12002 	 -2.421
12004 	 -2.703
12006 	 -3.169
12008 	 -4.424
12010 	 -5.363
12012 	 -6.006
12016 	 -6.266
12018 	 -6.312
12020 	 -6.758
12030 	 -6.826
12032 	 -6.792
12034 	 -6.844
12040 	 -7.048
12042 	 -7.524
12062 	 -7.716
12064 	 -7.792
12070 	 -8.167
12072 	 -8.209
12088 	 -7.597
12090 	 -7.639
12100 	 -7.731
12120 	 -7.197
12130 	 -7.011
12148 	 -7.326
12154 	 -8.362
12156 	 -8.374
12160 	 -8.732
12166 	 -8.689
12176 	 -8.641
12178 	 -9.204
12180 	 -8.94
12182 	 -9.47
12184 	 -9.424
12188 	 -9.431
12190 	 -9.747
12198 	 -9.725
12200 	 -9.643
12208 	 -9.821
12210 	 -9.844
12212 	 -10.888
12222 	 -10.781
12226 	 -11.671
12228 	 -11.915
12230 	 -11.964
12234 	 -13.312
12236 	 -13.223
12246 	 -13.51
12250 	 -13.493
12252 	 -12.777
12254 	 -12.575
12256 	 -12.45
12260 	 -12.133
12262 	 -12.276
12264 	 -12.246
12266 	 -12.53
12274 	 -11.278
12276 	 -11.045
12278 	 -11.113
12282 	 -10.927
12284 	 -11.035
12286 	 -11.154
12288 	 -11.07
12290 	 -10.798
12296 	 -10.895
12300 	 -11.039
12302 	 -11.007
12304 	 -10.963
12308 	 -10.948
12310 	 -10.845
12314 	 -10.86
12320 	 -10.862
12324 	 -10.258
12326 	 -10.212
12330 	 -10.202
12332 	 -10.234
12334 	 -10.239
12338 	 -9.793
12344 	 -8.997
12350 	 -9.071
12358 	 -8.492
12360 	 -7.54
12362 	 -7.508
12368 	 -7.497
12376 	 -7.374
12380 	 -7.329
12382 	 -7.321
12386 	 -6.996
12392 	 -6.992
12400 	 -6.88
12404 	 -6.346
12406 	 -6.316
12410 	 -6.357
12412 	 -6.046
12418 	 -5.962
12420 	 -5.867
12426 	 -5.855
12430 	 -5.799
12432 	 -5.828
12437 	 -6.048
12438 	 -5.57
12448 	 -5.463
12456 	 -5.006
12466 	 -4.938
12470 	 -4.937
12476 	 -5.203
12480 	 -5.037
12492 	 -4.998
12508 	 -4.979
12510 	 -4.898
12516 	 -4.997
12540 	 -5.118
12550 	 -4.758
12552 	 -4.638
12562 	 -4.818
12574 	 -5.997
12576 	 -5.993
12592 	 -5.814
12594 	 -6.102
12596 	 -5.921
12598 	 -5.902
12604 	 -5.85
12606 	 -5.669
12618 	 -5.641
12624 	 -5.628
12626 	 -5.589
12632 	 -5.607
12638 	 -5.496
12640 	 -5.439
12648 	 -5.558
12650 	 -5.694
12660 	 -6.064
12664 	 -5.944
12672 	 -5.967
12688 	 -5.974
12712 	 -5.461
12728 	 -5.23
12732 	 -5.224
12748 	 -5.207
12768 	 -5.244
12770 	 -5.4
12776 	 -5.39
12782 	 -5.66
12790 	 -5.652
12802 	 -5.674
12804 	 -5.686
12812 	 -5.834
12818 	 -6.012
12828 	 -5.977
12832 	 -5.955
12838 	 -5.941
12840 	 -5.815
12868 	 -5.781
12874 	 -5.878
12876 	 -5.864
12890 	 -5.868
12894 	 -6.062
12896 	 -6.059
12900 	 -6.028
12910 	 -6.163
12916 	 -6.514
12918 	 -6.459
12924 	 -6.399
12926 	 -6.882
12928 	 -7.247
12936 	 -7.719
12940 	 -7.837
12942 	 -7.713
12944 	 -7.805
12946 	 -7.995
12950 	 -7.979
12964 	 -7.871
12966 	 -7.998
12968 	 -7.879
12974 	 -8.089
12982 	 -7.187
12984 	 -7.275
12986 	 -7.517
12990 	 -7.511
12996 	 -7.495
12998 	 -7.319
13002 	 -7.305
13008 	 -7.276
13010 	 -7.3
13012 	 -7.888
13016 	 -7.787
13018 	 -7.731
13022 	 -7.184
13028 	 -7.175
13032 	 -7.389
13034 	 -7.261
13036 	 -7.23
13038 	 -7.165
13042 	 -7.106
13046 	 -6.967
13048 	 -7.017
13052 	 -7.073
13054 	 -6.879
13062 	 -6.645
13070 	 -6.602
13074 	 -6.333
13076 	 -6.32
13080 	 -6.169
13082 	 -6.251
13086 	 -6.202
13094 	 -6.145
13096 	 -5.958
13104 	 -6.269
13114 	 -6.243
13116 	 -6.433
13124 	 -6.389
13128 	 -6.225
13134 	 -6.29
13138 	 -6.286
13150 	 -6.076
13158 	 -6.07
13160 	 -6.398
13162 	 -6.519
13164 	 -6.517
13166 	 -6.463
13168 	 -6.393
13172 	 -6.541
13174 	 -6.496
13182 	 -6.269
13184 	 -6.243
13186 	 -6.211
13190 	 -6.483
13194 	 -6.668
13196 	 -6.755
13200 	 -6.719
13202 	 -6.77
13220 	 -6.761
13222 	 -6.741
13226 	 -6.509
13234 	 -6.507
13238 	 -6.512
13244 	 -6.535
13250 	 -6.113
13266 	 -6.12
13270 	 -6.162
13272 	 -6.156
13278 	 -6.148
13284 	 -6.213
13288 	 -6.163
13290 	 -5.94
13296 	 -6.563
13306 	 -5.378
13310 	 -5.672
13318 	 -5.686
13322 	 -5.669
13326 	 -5.642
13328 	 -5.608
13330 	 -5.883
13332 	 -5.372
13336 	 -5.294
13346 	 -5.289
13348 	 -5.333
13350 	 -5.495
13352 	 -5.47
13354 	 -5.458
13356 	 -5.401
13358 	 -5.407
13360 	 -5.337
13368 	 -5.325
13374 	 -5.283
13380 	 -5.226
13390 	 -5.228
13392 	 -5.285
13400 	 -5.278
13406 	 -5.294
13420 	 -5.228
13424 	 -4.69
13430 	 -4.636
13450 	 -4.688
13452 	 -4.673
13454 	 -4.668
13456 	 -4.546
13470 	 -4.509
13480 	 -4.573
13488 	 -4.37
13504 	 -4.354
13508 	 -4.268
13518 	 -4.286
13522 	 -4.2
13526 	 -4.18
13536 	 -4.292
13540 	 -4.252
13542 	 -4.091
13544 	 -4.166
13546 	 -4.402
13550 	 -4.532
13552 	 -4.536
13560 	 -4.716
13562 	 -4.688
13564 	 -4.679
13578 	 -4.615
13592 	 -4.783
13598 	 -4.755
13604 	 -4.778
13606 	 -4.768
13608 	 -4.696
13612 	 -4.684
13620 	 -4.761
13630 	 -4.608
13634 	 -4.607
13638 	 -4.511
13646 	 -4.505
13648 	 -4.471
13650 	 -4.466
13658 	 -4.432
13670 	 -4.4
13674 	 -4.391
13680 	 -4.336
13688 	 -4.406
13710 	 -4.418
13712 	 -4.417
13718 	 -4.611
13728 	 -4.606
13734 	 -4.807
13736 	 -4.803
13742 	 -4.611
13746 	 -4.317
13750 	 -4.322
13752 	 -4.429
13760 	 -4.581
13764 	 -4.314
13772 	 -4.387
13780 	 -4.191
13784 	 -4.139
13790 	 -4.117
13800 	 -3.997
13806 	 -3.945
13808 	 -3.852
13810 	 -3.614
13818 	 -3.64
13820 	 -3.627
13822 	 -3.613
13826 	 -3.607
13828 	 -3.471
13832 	 -3.483
13842 	 -3.48
13846 	 -3.423
13852 	 -3.27
13854 	 -2.819
13856 	 -2.846
13864 	 -2.811
13866 	 -2.669
13872 	 -2.594
13876 	 -2.74
13880 	 -2.722
13884 	 -2.613
13886 	 -2.592
13888 	 -2.576
13890 	 -2.562
13896 	 -2.527
13900 	 -2.564
13908 	 -2.563
13918 	 -2.437
13920 	 -2.428
13924 	 -2.416
13926 	 -2.333
13930 	 -2.495
13942 	 -2.49
13946 	 -2.483
13950 	 -2.467
13954 	 -2.341
13958 	 -2.275
13962 	 -2.137
13964 	 -2.094
13970 	 -2.194
13972 	 -2.153
13974 	 -2.026
13978 	 -2.025
13984 	 -2.023
13988 	 -1.957
13994 	 -1.714
13998 	 -1.707
14004 	 -1.636
14010 	 -1.587
14016 	 -1.561
14018 	 -1.543
14024 	 -1.471
14026 	 -1.323
14028 	 -1.272
14034 	 -1.265
14044 	 -1.156
14046 	 -1.114
14054 	 -1.031
14058 	 -1.026
14074 	 -1.014
14080 	 -0.999
14084 	 -0.776
14088 	 -0.774
14100 	 -0.752
14104 	 -0.735
14112 	 -0.727
14116 	 -0.676
14118 	 -0.667
14132 	 -0.666
14134 	 -0.55
14144 	 -0.542
14146 	 -0.382
14158 	 -0.378
14166 	 -0.344
14168 	 -0.329
14236 	 -0.326
14256 	 -0.19
14270 	 -0.189
14290 	 -0.178
14404 	 -0.177
14456 	 -0.166
14466 	 -0.164
14520 	 -0.156
14536 	 -0.155
14622 	 -0.153
15000 	 -1.401
15024 	 -1.55
15050 	 -2.314
15078 	 -2.901
15112 	 -3.329
15158 	 -3.212
15162 	 -3.273
15174 	 -3.202
15186 	 -2.4
15216 	 -2.949
15232 	 -2.773
15238 	 -3.001
15262 	 -1.51
15268 	 -1.252
15282 	 -0.855
15298 	 -0.335
15346 	 -0.257
15352 	 -0.256
15400 	 -0.037
15470 	 -0.032
15568 	 -0.029
15660 	 -0.02
15904 	 -0.012
16440 	 -0.011
16456 	 -0.01
18000 	 -2.128
18020 	 -2.227
18042 	 -2.675
18064 	 -2.732
18088 	 -2.097
18120 	 -1.43
18154 	 -2.368
18180 	 -2.104
18190 	 -2.487
18234 	 -3.554
18252 	 -3.53
18270 	 -2.561
18278 	 -2.498
18286 	 -2.357
18296 	 -2.177
18316 	 -2.222
18336 	 -1.871
18342 	 -1.82
18348 	 -1.229
18360 	 -0.338
18402 	 -0.11
18552 	 -0.012
19002 	 0
21000 	 -1.44
21001 	 -1.44
