0 	 0
3000 	 -1.376
3024 	 -1.496
3050 	 -1.88
3062 	 -2.472
3078 	 -3.176
3112 	 -3.62
3158 	 -3.808
3164 	 -3.728
3186 	 -2.828
3198 	 -2.688
3216 	 -1.912
3232 	 -1.736
3238 	 -1.364
3262 	 -0.608
3296 	 -0.264
3400 	 -0.024
3636 	 -0.008
3904 	 0
6000 	 -2.478
6020 	 -2.638
6042 	 -3.286
6064 	 -3.582
6088 	 -3.11
6120 	 -2.686
6138 	 -2.872
6154 	 -3.312
6180 	 -3.048
6190 	 -3.516
6198 	 -3.5
6234 	 -3.9
6284 	 -4.203
6296 	 -4.179
6346 	 -4.159
6360 	 -2.871
6374 	 -2.271
6376 	 -1.719
6424 	 -1.319
6444 	 -0.761
6504 	 -0.637
6506 	 -0.613
6552 	 -0.501
6634 	 -0.359
6704 	 -0.331
6710 	 -0.307
6726 	 -0.295
6728 	 -0.267
6782 	 -0.263
6894 	 -0.165
6990 	 -0.145
6994 	 -0.125
7002 	 -0.093
7272 	 -0.089
7278 	 -0.085
7290 	 -0.073
7324 	 -0.025
9000 	 -1.433
9024 	 -1.537
9050 	 -2.497
9078 	 -3.177
9112 	 -3.761
9158 	 -3.713
9162 	 -3.797
9174 	 -3.705
9186 	 -2.857
9216 	 -3.589
9232 	 -3.413
9238 	 -3.801
9262 	 -1.973
9268 	 -1.305
9298 	 -0.417
9304 	 -0.413
9306 	 -0.409
9334 	 -0.277
9400 	 -0.025
9660 	 -0.009
9904 	 -0.001
12000 	 -2.54
12002 	 -2.421
12004 	 -2.703
12006 	 -3.169
12008 	 -4.43
12010 	 -5.369
12012 	 -6.008
12016 	 -6.268
12018 	 -6.314
12020 	 -6.754
12030 	 -6.822
12032 	 -6.788
12034 	 -6.847
12040 	 -6.971
12042 	 -7.447
12062 	 -7.665
12064 	 -7.741
12070 	 -7.925
12072 	 -7.967
12086 	 -8.192
12088 	 -7.58
12090 	 -7.67
12100 	 -7.833
12120 	 -7.213
12130 	 -7.007
12132 	 -7.343
12148 	 -7.658
12152 	 -7.795
12154 	 -8.831
12156 	 -8.861
12160 	 -9.219
12166 	 -9.303
12176 	 -9.354
12178 	 -9.704
12180 	 -9.294
12182 	 -9.698
12186 	 -9.884
12188 	 -9.971
12190 	 -10.287
12198 	 -10.265
12200 	 -10.506
12204 	 -10.568
12206 	 -10.603
12210 	 -10.724
12212 	 -11.768
12222 	 -11.661
12226 	 -12.559
12230 	 -12.743
12234 	 -14.091
12236 	 -13.999
12244 	 -14.242
12246 	 -14.412
12252 	 -13.794
12254 	 -13.693
12256 	 -13.648
12260 	 -13.331
12264 	 -13.263
12266 	 -13.734
12270 	 -13.835
12272 	 -13.834
12274 	 -12.582
12276 	 -12.816
12280 	 -12.633
12282 	 -12.476
12286 	 -12.595
12290 	 -12.323
12296 	 -12.42
12300 	 -12.564
12304 	 -12.488
12308 	 -12.473
12310 	 -12.571
12314 	 -12.24
12322 	 -12.16
12324 	 -11.556
12328 	 -11.789
12330 	 -11.72
12332 	 -11.752
12334 	 -11.689
12338 	 -11.437
12340 	 -11.317
12344 	 -10.405
12346 	 -10.54
12350 	 -10.531
12354 	 -10.424
12356 	 -10.36
12358 	 -9.675
12360 	 -8.723
12362 	 -8.568
12374 	 -8.506
12376 	 -8.405
12380 	 -7.893
12382 	 -7.885
12386 	 -7.931
12392 	 -7.812
12396 	 -7.908
12398 	 -7.871
12400 	 -7.759
12404 	 -7.516
12412 	 -7.205
12420 	 -7.11
12426 	 -7.086
12430 	 -7.019
12432 	 -7.216
12438 	 -6.646
12448 	 -6.46
12456 	 -6.325
12464 	 -6.276
12466 	 -6.145
12470 	 -6.144
12476 	 -6.394
12480 	 -6.228
12492 	 -6.2
12502 	 -6.181
12508 	 -6.172
12510 	 -6.34
12512 	 -6.315
12516 	 -6.191
12528 	 -6.591
12536 	 -6.592
12546 	 -6.579
12550 	 -6.765
12552 	 -6.628
12562 	 -6.724
12564 	 -6.665
12570 	 -6.816
12574 	 -8.047
12576 	 -8.043
12578 	 -7.997
12586 	 -8.037
12588 	 -8.036
12590 	 -8.006
12592 	 -7.576
12598 	 -7.557
12604 	 -7.57
12606 	 -7.499
12610 	 -7.454
12614 	 -7.302
12618 	 -7.236
12622 	 -7.221
12624 	 -7.208
12632 	 -7.226
12636 	 -7.009
12638 	 -6.898
12640 	 -7.026
12644 	 -6.923
12652 	 -7.071
12654 	 -7.094
12660 	 -7.027
12672 	 -6.976
12674 	 -6.878
12680 	 -7.013
12688 	 -7.02
12712 	 -6.014
12732 	 -6.008
12734 	 -6.053
12740 	 -6.049
12748 	 -5.982
12758 	 -5.84
12768 	 -5.878
12770 	 -5.889
12774 	 -5.86
12776 	 -5.85
12780 	 -5.795
12784 	 -5.683
12794 	 -6.655
12798 	 -6.596
12802 	 -6.631
12814 	 -7.004
12816 	 -6.962
12818 	 -7.26
12828 	 -7.225
12832 	 -7.227
12840 	 -7.03
12842 	 -7.026
12846 	 -7.501
12856 	 -7.509
12860 	 -7.645
12868 	 -7.611
12870 	 -7.468
12874 	 -6.745
12882 	 -6.736
12884 	 -6.726
12888 	 -6.654
12896 	 -6.544
12900 	 -6.452
12906 	 -6.271
12916 	 -6.197
12922 	 -6.004
12924 	 -6.009
12928 	 -5.805
12934 	 -5.88
12942 	 -5.756
12948 	 -5.721
12954 	 -5.603
12956 	 -5.722
12962 	 -5.654
12964 	 -5.647
12966 	 -5.841
12970 	 -5.836
12982 	 -5.766
12984 	 -5.539
12986 	 -5.46
12990 	 -5.406
12992 	 -5.331
12996 	 -5.335
13002 	 -5.321
13008 	 -5.256
13010 	 -5.271
13012 	 -5.309
13020 	 -5.144
13032 	 -5.115
13034 	 -5.041
13036 	 -5.04
13038 	 -5.637
13042 	 -5.505
13046 	 -5.624
13048 	 -5.861
13052 	 -5.825
13060 	 -5.686
13062 	 -5.656
13066 	 -5.8
13070 	 -5.809
13080 	 -5.773
13092 	 -5.698
13094 	 -5.747
13096 	 -5.287
13104 	 -5.376
13106 	 -5.374
13114 	 -5.346
13116 	 -5.339
13130 	 -5.36
13134 	 -5.173
13136 	 -5.042
13150 	 -4.976
13154 	 -4.815
13160 	 -4.701
13162 	 -4.583
13168 	 -4.513
13174 	 -4.502
13182 	 -4.501
13192 	 -3.736
13198 	 -3.866
13202 	 -3.877
13214 	 -3.94
13216 	 -3.797
13220 	 -3.788
13234 	 -3.786
13236 	 -3.756
13250 	 -2.842
13258 	 -2.832
13264 	 -3.201
13284 	 -3.156
13288 	 -3.148
13290 	 -3.296
13304 	 -3.295
13316 	 -3.28
13322 	 -3.272
13326 	 -3.26
13328 	 -3.226
13332 	 -3.186
13336 	 -3.172
13340 	 -3.3
13344 	 -3.551
13346 	 -3.546
13352 	 -3.463
13354 	 -3.522
13358 	 -3.557
13366 	 -3.547
13374 	 -3.58
13378 	 -3.996
13384 	 -3.99
13392 	 -3.91
13396 	 -3.823
13404 	 -3.821
13412 	 -3.659
13416 	 -3.533
13424 	 -3.468
13440 	 -3.347
13452 	 -3.241
13454 	 -3.24
13466 	 -2.896
13472 	 -2.854
13474 	 -2.818
13484 	 -2.778
13486 	 -2.847
13490 	 -2.81
13496 	 -2.92
13514 	 -2.898
13520 	 -2.828
13536 	 -2.775
13548 	 -2.765
13552 	 -2.839
13560 	 -2.875
13570 	 -2.878
13580 	 -2.824
13584 	 -2.86
13590 	 -2.956
13608 	 -2.925
13610 	 -2.906
13612 	 -2.896
13628 	 -2.981
13630 	 -2.944
13634 	 -2.943
13636 	 -3.021
13638 	 -2.901
13648 	 -2.851
13650 	 -2.846
13652 	 -2.726
13668 	 -2.691
13670 	 -2.547
13674 	 -2.513
13676 	 -2.487
13678 	 -2.468
13688 	 -2.6
13696 	 -2.577
13724 	 -2.565
13726 	 -2.564
13728 	 -2.556
13730 	 -2.628
13734 	 -2.788
13740 	 -2.837
13742 	 -2.947
13744 	 -2.906
13760 	 -2.886
13762 	 -2.879
13770 	 -2.829
13774 	 -2.882
13780 	 -2.92
13792 	 -2.907
13794 	 -2.926
13798 	 -2.848
13804 	 -2.842
13824 	 -2.761
13826 	 -2.48
13828 	 -2.465
13844 	 -2.488
13848 	 -2.459
13854 	 -2.341
13858 	 -2.322
13862 	 -2.238
13864 	 -2.203
13874 	 -2.251
13878 	 -2.201
13900 	 -2.138
13906 	 -2.214
13912 	 -2.187
13926 	 -2.153
13928 	 -2.15
13938 	 -2.124
13940 	 -2.214
13942 	 -2.205
13948 	 -2.184
13956 	 -2.1
13960 	 -2.095
13966 	 -2.094
13968 	 -2.093
13980 	 -1.938
13988 	 -1.919
13990 	 -1.69
13992 	 -1.672
14000 	 -1.675
14006 	 -1.66
14016 	 -1.556
14022 	 -1.504
14024 	 -1.351
14040 	 -1.227
14042 	 -1.153
14048 	 -1.152
14056 	 -1.168
14058 	 -1.163
14064 	 -1.161
14068 	 -1.114
14072 	 -1.081
14074 	 -1.08
14084 	 -1.056
14086 	 -0.961
14090 	 -0.951
14094 	 -0.95
14096 	 -0.948
14114 	 -0.839
14120 	 -0.837
14128 	 -0.918
14142 	 -0.915
14146 	 -0.805
14158 	 -0.803
14170 	 -0.657
14176 	 -0.651
14192 	 -0.656
14198 	 -0.624
14214 	 -0.484
14220 	 -0.458
14232 	 -0.389
14236 	 -0.356
14252 	 -0.346
14258 	 -0.291
14274 	 -0.237
14280 	 -0.22
14306 	 -0.202
14322 	 -0.197
14330 	 -0.186
14374 	 -0.185
14384 	 -0.18
14442 	 -0.152
14480 	 -0.15
14526 	 -0.148
14560 	 -0.143
14578 	 -0.142
14582 	 -0.139
15000 	 -1.4
15024 	 -1.54
15050 	 -2.321
15078 	 -2.899
15112 	 -3.334
15158 	 -3.375
15162 	 -3.435
15174 	 -3.365
15186 	 -2.732
15216 	 -3.266
15232 	 -3.09
15238 	 -3.318
15262 	 -2.323
15268 	 -2.063
15282 	 -1.667
15298 	 -1.147
15310 	 -1.188
15336 	 -1.487
15346 	 -1.409
15352 	 -1.408
15356 	 -1.578
15374 	 -1.193
15400 	 -0.725
15422 	 -0.566
15456 	 -0.302
15470 	 -0.297
15486 	 -0.108
15558 	 -0.041
15568 	 -0.038
15660 	 -0.029
15708 	 -0.023
15794 	 -0.022
15864 	 -0.017
15904 	 -0.009
16054 	 -0.008
18000 	 -2.128
18020 	 -2.245
18042 	 -2.757
18064 	 -2.894
18088 	 -2.339
18120 	 -1.764
18154 	 -2.864
18180 	 -2.6
18190 	 -3.253
18234 	 -4.518
18252 	 -4.494
18262 	 -4.308
18270 	 -3.339
18278 	 -3.276
18286 	 -3.135
18296 	 -3.669
18316 	 -3.714
18328 	 -3.958
18336 	 -3.607
18342 	 -3.616
18348 	 -3.025
18360 	 -2.268
18368 	 -1.962
18384 	 -1.976
18402 	 -1.39
18420 	 -0.756
18426 	 -0.668
18434 	 -0.55
18448 	 -0.21
18472 	 -0.18
18552 	 -0.02
18864 	 -0.012
19002 	 0
21000 	 -1.44
21001 	 -1.44
