0 	 0
3000 	 -1.376
3024 	 -1.496
3050 	 -1.88
3062 	 -2.472
3078 	 -3.176
3112 	 -3.62
3158 	 -3.808
3164 	 -3.728
3186 	 -2.828
3198 	 -2.688
3216 	 -1.912
3232 	 -1.736
3238 	 -1.364
3262 	 -0.608
3296 	 -0.264
3400 	 -0.024
3636 	 -0.008
3904 	 0
6000 	 -2.478
6020 	 -2.638
6042 	 -3.286
6064 	 -3.582
6088 	 -3.11
6120 	 -2.686
6138 	 -2.872
6154 	 -3.312
6180 	 -3.048
6190 	 -3.516
6198 	 -3.5
6234 	 -3.9
6284 	 -4.203
6296 	 -4.179
6346 	 -4.159
6360 	 -2.871
6374 	 -2.271
6376 	 -1.719
6424 	 -1.319
6444 	 -0.761
6504 	 -0.637
6506 	 -0.613
6552 	 -0.501
6634 	 -0.359
6704 	 -0.331
6710 	 -0.307
6726 	 -0.295
6728 	 -0.267
6782 	 -0.263
6894 	 -0.165
6990 	 -0.145
6994 	 -0.125
7002 	 -0.093
7272 	 -0.089
7278 	 -0.085
7290 	 -0.073
7324 	 -0.025
9000 	 -1.433
9024 	 -1.537
9050 	 -2.497
9078 	 -3.177
9112 	 -3.761
9158 	 -3.713
9162 	 -3.797
9174 	 -3.705
9186 	 -2.857
9216 	 -3.589
9232 	 -3.413
9238 	 -3.801
9262 	 -1.973
9268 	 -1.305
9298 	 -0.417
9304 	 -0.413
9306 	 -0.409
9334 	 -0.277
9400 	 -0.025
9660 	 -0.009
9904 	 -0.001
12000 	 -2.54
12002 	 -2.421
12004 	 -2.743
12006 	 -3.209
12008 	 -4.881
12010 	 -5.82
12012 	 -6.674
12016 	 -6.934
12018 	 -6.98
12020 	 -7.533
12030 	 -7.601
12032 	 -7.567
12034 	 -7.626
12040 	 -7.838
12042 	 -8.314
12062 	 -8.532
12064 	 -8.608
12070 	 -8.967
12072 	 -9.009
12086 	 -9.234
12088 	 -8.622
12090 	 -8.712
12100 	 -8.796
12114 	 -8.937
12120 	 -8.317
12130 	 -8.078
12132 	 -8.368
12148 	 -8.683
12152 	 -8.82
12154 	 -9.856
12156 	 -10.016
12166 	 -10.1
12176 	 -10.151
12178 	 -10.358
12180 	 -9.978
12182 	 -10.383
12184 	 -10.235
12186 	 -10.461
12188 	 -10.548
12190 	 -10.864
12192 	 -10.807
12198 	 -10.843
12200 	 -10.743
12206 	 -10.778
12210 	 -10.859
12212 	 -11.903
12222 	 -11.796
12226 	 -12.684
12230 	 -12.535
12234 	 -13.883
12236 	 -13.824
12244 	 -13.982
12248 	 -13.969
12252 	 -13.214
12254 	 -13.327
12260 	 -13.093
12264 	 -12.899
12266 	 -13.342
12272 	 -13.341
12274 	 -12.089
12276 	 -12.33
12280 	 -12.147
12282 	 -11.85
12284 	 -11.893
12286 	 -12.012
12290 	 -11.74
12296 	 -11.837
12300 	 -11.981
12304 	 -11.455
12308 	 -11.44
12320 	 -11.442
12322 	 -11.359
12324 	 -10.755
12328 	 -10.746
12330 	 -10.624
12332 	 -10.656
12334 	 -10.622
12338 	 -10.37
12340 	 -10.447
12342 	 -10.236
12344 	 -9.44
12346 	 -9.359
12354 	 -9.347
12358 	 -8.69
12360 	 -7.738
12362 	 -7.769
12380 	 -7.474
12382 	 -7.466
12384 	 -7.468
12386 	 -6.986
12392 	 -7.036
12400 	 -6.924
12404 	 -6.63
12410 	 -6.659
12412 	 -6.348
12420 	 -6.253
12426 	 -6.229
12430 	 -6.162
12432 	 -5.797
12438 	 -5.498
12448 	 -5.391
12456 	 -5.107
12464 	 -5.056
12466 	 -4.96
12470 	 -4.959
12476 	 -5.086
12480 	 -4.92
12492 	 -4.892
12498 	 -4.693
12499 	 -4.974
12502 	 -4.955
12508 	 -4.946
12510 	 -4.925
12514 	 -5.25
12516 	 -5.126
12526 	 -5.392
12532 	 -5.383
12536 	 -5.379
12550 	 -5.317
12552 	 -5.177
12558 	 -5.14
12562 	 -4.915
12570 	 -4.97
12574 	 -6.182
12576 	 -5.981
12578 	 -5.935
12588 	 -5.934
12590 	 -5.904
12592 	 -5.725
12598 	 -5.706
12600 	 -5.465
12604 	 -5.45
12606 	 -5.379
12614 	 -5.288
12618 	 -5.237
12622 	 -5.222
12630 	 -5.173
12632 	 -5.191
12638 	 -5.08
12640 	 -5.023
12652 	 -5.104
12672 	 -5.07
12676 	 -5.159
12684 	 -4.99
12688 	 -4.997
12712 	 -4.618
12724 	 -4.801
12732 	 -4.795
12744 	 -4.781
12748 	 -4.764
12768 	 -4.875
12770 	 -5.399
12776 	 -5.401
12780 	 -5.346
12786 	 -5.99
12794 	 -6.073
12798 	 -6.355
12802 	 -6.328
12814 	 -6.326
12820 	 -6.311
12826 	 -6.305
12828 	 -6.27
12840 	 -6.267
12842 	 -6.309
12848 	 -6.792
12850 	 -5.982
12854 	 -6.258
12856 	 -6.332
12858 	 -6.366
12866 	 -6.281
12868 	 -6.258
12870 	 -6.212
12874 	 -5.967
12876 	 -6.099
12880 	 -5.901
12896 	 -5.898
12900 	 -5.985
12902 	 -5.835
12904 	 -5.436
12914 	 -5.395
12916 	 -5.321
12924 	 -5.415
12926 	 -5.292
12932 	 -5.148
12934 	 -5.141
12942 	 -5.009
12948 	 -5.104
12962 	 -5.09
12964 	 -5.083
12966 	 -5.192
12968 	 -5.086
12970 	 -5.081
12972 	 -4.998
12978 	 -4.806
12982 	 -4.768
12984 	 -4.989
12990 	 -4.983
12996 	 -4.988
12998 	 -5.071
13000 	 -5.065
13002 	 -5.056
13008 	 -5.201
13010 	 -5.36
13012 	 -5.342
13014 	 -5.272
13018 	 -5.126
13020 	 -5.273
13028 	 -5.836
13036 	 -6.32
13042 	 -6.173
13052 	 -6.137
13062 	 -6.136
13070 	 -6.651
13072 	 -6.895
13074 	 -6.652
13080 	 -6.646
13092 	 -6.409
13096 	 -6.224
13102 	 -6.097
13104 	 -6.012
13112 	 -6.013
13114 	 -5.985
13116 	 -6.446
13118 	 -6.464
13130 	 -6.375
13140 	 -6.328
13142 	 -6.098
13144 	 -6.64
13150 	 -6.426
13154 	 -6.419
13156 	 -6.211
13168 	 -5.619
13170 	 -5.524
13174 	 -5.457
13188 	 -5.51
13190 	 -5.606
13192 	 -5.41
13202 	 -5.397
13206 	 -4.746
13208 	 -4.807
13212 	 -4.746
13214 	 -4.723
13220 	 -4.766
13226 	 -4.752
13232 	 -4.721
13234 	 -4.719
13250 	 -4.073
13252 	 -4.062
13254 	 -3.99
13256 	 -4.056
13258 	 -4.054
13260 	 -4.036
13278 	 -4.153
13282 	 -4.16
13284 	 -4.215
13292 	 -4.283
13294 	 -4.453
13312 	 -4.463
13318 	 -4.439
13322 	 -4.475
13326 	 -4.458
13328 	 -4.424
13340 	 -4.442
13346 	 -4.427
13348 	 -4.453
13352 	 -4.436
13360 	 -5.088
13362 	 -5.134
13368 	 -5.171
13382 	 -5.16
13386 	 -5.107
13388 	 -5.097
13398 	 -5.222
13400 	 -5.066
13404 	 -4.923
13414 	 -4.951
13424 	 -4.485
13426 	 -4.567
13430 	 -4.501
13432 	 -4.639
13436 	 -4.508
13438 	 -4.419
13446 	 -4.412
13448 	 -4.402
13456 	 -4.339
13458 	 -4.295
13464 	 -4.281
13474 	 -4.268
13480 	 -4.127
13490 	 -3.955
13498 	 -3.767
13500 	 -3.884
13506 	 -3.939
13508 	 -3.934
13522 	 -4.244
13524 	 -4.155
13536 	 -4.088
13556 	 -4.13
13562 	 -4.326
13566 	 -4.775
13570 	 -4.744
13578 	 -4.79
13596 	 -4.831
13602 	 -4.746
13634 	 -4.745
13638 	 -4.627
13648 	 -3.459
13650 	 -3.456
13654 	 -3.454
13670 	 -3.399
13672 	 -3.525
13676 	 -3.425
13678 	 -3.408
13694 	 -3.424
13704 	 -3.546
13708 	 -3.606
13712 	 -3.613
13716 	 -3.634
13726 	 -3.633
13728 	 -3.567
13740 	 -3.597
13742 	 -3.577
13744 	 -3.592
13748 	 -3.587
13750 	 -3.53
13752 	 -3.473
13758 	 -3.503
13760 	 -3.483
13762 	 -3.473
13768 	 -3.566
13770 	 -3.548
13776 	 -3.513
13780 	 -3.354
13784 	 -3.789
13788 	 -3.766
13800 	 -3.69
13810 	 -3.705
13814 	 -3.869
13816 	 -3.937
13828 	 -3.807
13834 	 -3.892
13838 	 -3.89
13844 	 -3.953
13848 	 -3.797
13850 	 -3.752
13854 	 -3.634
13858 	 -3.576
13864 	 -3.575
13872 	 -3.633
13880 	 -3.282
13886 	 -3.27
13896 	 -3.232
13900 	 -2.683
13904 	 -2.681
13906 	 -2.494
13914 	 -2.446
13916 	 -2.434
13926 	 -2.427
13928 	 -2.432
13932 	 -2.45
13942 	 -2.404
13944 	 -2.329
13950 	 -2.183
13954 	 -2.162
13958 	 -1.985
13960 	 -1.984
13966 	 -1.96
13970 	 -1.948
13974 	 -1.563
13976 	 -1.54
13986 	 -1.514
13990 	 -1.491
13994 	 -1.488
13998 	 -1.476
14002 	 -1.422
14004 	 -1.259
14012 	 -1.185
14016 	 -1.164
14020 	 -1.145
14024 	 -1.142
14026 	 -1.132
14030 	 -1.075
14032 	 -0.877
14044 	 -0.711
14054 	 -0.693
14056 	 -0.652
14058 	 -0.647
14064 	 -0.64
14068 	 -0.628
14070 	 -0.62
14074 	 -0.619
14078 	 -0.604
14100 	 -0.544
14104 	 -0.531
14106 	 -0.49
14112 	 -0.457
14116 	 -0.43
14122 	 -0.419
14128 	 -0.414
14144 	 -0.372
14146 	 -0.262
14166 	 -0.253
14218 	 -0.245
14224 	 -0.244
14230 	 -0.232
14236 	 -0.23
14246 	 -0.194
14280 	 -0.178
14302 	 -0.177
14336 	 -0.174
14346 	 -0.17
14374 	 -0.161
14428 	 -0.156
14440 	 -0.154
14512 	 -0.153
14564 	 -0.151
14602 	 -0.149
15000 	 -1.403
15024 	 -1.562
15050 	 -2.453
15078 	 -3.169
15112 	 -3.797
15158 	 -3.695
15162 	 -3.778
15174 	 -3.683
15186 	 -2.767
15216 	 -3.74
15232 	 -3.564
15238 	 -3.82
15262 	 -1.92
15266 	 -1.89
15268 	 -1.632
15276 	 -1.478
15282 	 -1.081
15298 	 -0.561
15300 	 -0.391
15346 	 -0.313
15350 	 -0.291
15352 	 -0.29
15400 	 -0.041
15470 	 -0.034
15568 	 -0.032
15658 	 -0.029
15660 	 -0.02
15904 	 -0.012
18000 	 -2.128
18020 	 -2.236
18042 	 -2.716
18064 	 -2.816
18088 	 -2.204
18120 	 -1.536
18154 	 -2.816
18180 	 -2.552
18190 	 -3.132
18234 	 -4.632
18252 	 -4.6
18270 	 -3.308
18278 	 -3.224
18286 	 -3.036
18296 	 -2.844
18316 	 -2.904
18336 	 -2.436
18342 	 -2.368
18348 	 -1.58
18360 	 -0.44
18402 	 -0.136
18552 	 -0.016
19002 	 0
21000 	 -1.44
21001 	 -1.44
