0 	 0
3000 	 -1.376
3024 	 -1.496
3050 	 -1.88
3062 	 -2.472
3078 	 -3.176
3112 	 -3.62
3158 	 -3.808
3164 	 -3.728
3186 	 -2.828
3198 	 -2.688
3216 	 -1.912
3232 	 -1.736
3238 	 -1.364
3262 	 -0.608
3296 	 -0.264
3400 	 -0.024
3636 	 -0.008
3904 	 0
6000 	 -2.478
6020 	 -2.638
6042 	 -3.286
6064 	 -3.582
6088 	 -3.11
6120 	 -2.686
6138 	 -2.872
6154 	 -3.312
6180 	 -3.048
6190 	 -3.516
6198 	 -3.5
6234 	 -3.9
6284 	 -4.203
6296 	 -4.179
6346 	 -4.159
6360 	 -2.871
6374 	 -2.271
6376 	 -1.719
6424 	 -1.319
6444 	 -0.761
6504 	 -0.637
6506 	 -0.613
6552 	 -0.501
6634 	 -0.359
6704 	 -0.331
6710 	 -0.307
6726 	 -0.295
6728 	 -0.267
6782 	 -0.263
6894 	 -0.165
6990 	 -0.145
6994 	 -0.125
7002 	 -0.093
7272 	 -0.089
7278 	 -0.085
7290 	 -0.073
7324 	 -0.025
9000 	 -1.433
9024 	 -1.537
9050 	 -2.497
9078 	 -3.177
9112 	 -3.761
9158 	 -3.713
9162 	 -3.797
9174 	 -3.705
9186 	 -2.857
9216 	 -3.589
9232 	 -3.413
9238 	 -3.801
9262 	 -1.973
9268 	 -1.305
9298 	 -0.417
9304 	 -0.413
9306 	 -0.409
9334 	 -0.277
9400 	 -0.025
9660 	 -0.009
9904 	 -0.001
12000 	 -2.54
12002 	 -2.421
12004 	 -2.743
12006 	 -3.209
12008 	 -4.881
12010 	 -5.82
12012 	 -6.674
12016 	 -6.934
12018 	 -6.98
12020 	 -7.533
12030 	 -7.601
12032 	 -7.567
12034 	 -7.619
12040 	 -7.841
12042 	 -8.317
12062 	 -8.509
12064 	 -8.585
12070 	 -8.96
12072 	 -9.002
12086 	 -9.227
12088 	 -8.615
12090 	 -8.657
12100 	 -8.776
12120 	 -8.242
12130 	 -8.056
12132 	 -8.346
12148 	 -8.661
12152 	 -8.798
12154 	 -9.834
12156 	 -9.884
12160 	 -10.242
12166 	 -10.199
12176 	 -10.151
12178 	 -10.704
12180 	 -10.324
12182 	 -10.732
12184 	 -10.686
12186 	 -10.698
12188 	 -10.828
12190 	 -11.144
12198 	 -11.122
12200 	 -11.04
12204 	 -11.087
12206 	 -11.122
12210 	 -11.145
12212 	 -12.189
12222 	 -12.082
12226 	 -12.982
12228 	 -13.226
12230 	 -13.275
12234 	 -14.623
12236 	 -14.38
12246 	 -14.663
12250 	 -14.664
12252 	 -13.948
12254 	 -13.746
12256 	 -13.621
12260 	 -13.304
12262 	 -13.337
12264 	 -13.307
12266 	 -13.62
12272 	 -13.619
12274 	 -12.367
12276 	 -12.134
12278 	 -12.263
12282 	 -12.077
12284 	 -12.185
12286 	 -12.304
12288 	 -12.22
12290 	 -11.948
12296 	 -12.045
12300 	 -12.189
12302 	 -12.157
12304 	 -12.113
12308 	 -12.098
12310 	 -11.981
12314 	 -11.996
12320 	 -11.998
12324 	 -11.394
12326 	 -11.348
12328 	 -11.371
12330 	 -11.361
12332 	 -11.393
12334 	 -11.398
12338 	 -10.831
12344 	 -10.035
12350 	 -10.083
12354 	 -10.071
12358 	 -9.61
12360 	 -8.658
12362 	 -8.626
12368 	 -8.58
12376 	 -8.457
12380 	 -8.399
12382 	 -8.391
12386 	 -7.991
12392 	 -8.172
12400 	 -8.06
12404 	 -7.451
12412 	 -7.14
12418 	 -7.056
12420 	 -6.961
12426 	 -6.937
12430 	 -6.87
12432 	 -6.678
12438 	 -5.993
12448 	 -5.902
12456 	 -5.554
12464 	 -5.449
12466 	 -5.353
12470 	 -5.352
12476 	 -5.585
12480 	 -5.439
12492 	 -5.411
12502 	 -5.392
12508 	 -5.365
12510 	 -5.284
12512 	 -5.751
12516 	 -5.627
12526 	 -5.9
12528 	 -5.893
12536 	 -5.889
12548 	 -5.834
12550 	 -5.813
12552 	 -5.693
12562 	 -5.691
12570 	 -5.53
12574 	 -6.721
12576 	 -6.717
12578 	 -6.69
12582 	 -6.504
12590 	 -6.474
12592 	 -6.295
12598 	 -6.276
12604 	 -6.432
12606 	 -6.382
12614 	 -6.291
12618 	 -6.203
12624 	 -6.143
12632 	 -6.161
12634 	 -6.149
12638 	 -6.038
12640 	 -5.981
12654 	 -5.858
12660 	 -5.933
12670 	 -6.115
12672 	 -6.274
12688 	 -6.366
12694 	 -6.193
12712 	 -5.572
12714 	 -5.692
12730 	 -5.546
12732 	 -5.54
12740 	 -5.53
12744 	 -5.64
12746 	 -5.801
12748 	 -5.743
12768 	 -5.854
12770 	 -5.89
12776 	 -5.88
12778 	 -6.33
12780 	 -6.275
12784 	 -6.461
12788 	 -6.81
12790 	 -6.802
12794 	 -6.828
12798 	 -7.238
12800 	 -7.231
12802 	 -7.363
12814 	 -7.276
12816 	 -7.44
12820 	 -7.529
12826 	 -7.522
12828 	 -7.487
12832 	 -7.481
12836 	 -7.295
12842 	 -7.325
12848 	 -7.298
12850 	 -7.627
12852 	 -7.64
12856 	 -7.338
12866 	 -7.392
12868 	 -7.633
12870 	 -7.502
12874 	 -7.065
12876 	 -7.053
12882 	 -7.061
12890 	 -6.836
12892 	 -6.931
12894 	 -6.985
12896 	 -6.982
12900 	 -6.828
12902 	 -6.825
12906 	 -6.898
12908 	 -6.748
12910 	 -6.727
12912 	 -6.568
12914 	 -6.682
12916 	 -6.241
12928 	 -6.193
12930 	 -6.112
12938 	 -6.072
12942 	 -5.948
12954 	 -5.728
12966 	 -5.837
12970 	 -5.832
12974 	 -5.825
12982 	 -5.782
12984 	 -5.457
12986 	 -5.274
12988 	 -5.403
12990 	 -5.397
12992 	 -5.394
12996 	 -5.681
13002 	 -5.672
13010 	 -5.71
13012 	 -5.692
13016 	 -5.655
13018 	 -5.873
13026 	 -6.105
13034 	 -6.175
13036 	 -6.174
13038 	 -6.388
13042 	 -6.348
13044 	 -6.459
13046 	 -6.433
13050 	 -6.355
13052 	 -6.311
13056 	 -6.522
13058 	 -6.662
13062 	 -6.661
13064 	 -6.636
13072 	 -6.671
13080 	 -6.663
13092 	 -6.628
13094 	 -6.362
13096 	 -6.225
13100 	 -6.06
13104 	 -5.954
13106 	 -6.004
13110 	 -6.004
13114 	 -5.976
13126 	 -5.746
13128 	 -5.749
13136 	 -5.625
13138 	 -5.621
13148 	 -5.421
13150 	 -5.355
13156 	 -5.099
13158 	 -5.093
13160 	 -4.908
13164 	 -4.906
13168 	 -4.836
13174 	 -4.825
13180 	 -4.597
13182 	 -4.037
13188 	 -4.111
13194 	 -4.1
13196 	 -4.005
13202 	 -3.992
13204 	 -4.055
13208 	 -4.041
13210 	 -4.079
13220 	 -4.07
13226 	 -4.064
13234 	 -4.022
13242 	 -3.932
13246 	 -3.926
13250 	 -2.79
13254 	 -2.789
13258 	 -2.787
13260 	 -2.777
13272 	 -2.894
13278 	 -3.017
13308 	 -3.003
13316 	 -3.048
13320 	 -3.071
13322 	 -3.059
13328 	 -3.025
13344 	 -3.022
13346 	 -3.064
13350 	 -3.11
13352 	 -3.093
13368 	 -3.117
13376 	 -3.175
13386 	 -3.141
13388 	 -3.026
13390 	 -3.024
13410 	 -2.679
13422 	 -2.617
13424 	 -2.151
13434 	 -2.121
13436 	 -2.005
13454 	 -1.989
13462 	 -1.962
13474 	 -1.949
13478 	 -1.932
13488 	 -1.93
13494 	 -2.047
13504 	 -1.977
13506 	 -1.745
13522 	 -1.735
13526 	 -1.731
13534 	 -1.612
13544 	 -1.561
13558 	 -1.534
13562 	 -1.379
13566 	 -1.363
13584 	 -1.346
13588 	 -1.307
13598 	 -1.392
13634 	 -1.391
13638 	 -1.235
13648 	 -1.146
13650 	 -1.098
13666 	 -1.097
13696 	 -1.097
13722 	 -1.094
13726 	 -1.093
13738 	 -1.065
13750 	 -1.183
13760 	 -1.163
13780 	 -1.004
13788 	 -0.752
13808 	 -0.627
13822 	 -0.573
13830 	 -0.572
13840 	 -0.517
13854 	 -0.399
13864 	 -0.364
13868 	 -0.292
13902 	 -0.291
13940 	 -0.259
13942 	 -0.25
13962 	 -0.247
13964 	 -0.244
14014 	 -0.243
14058 	 -0.238
14074 	 -0.237
14146 	 -0.127
14156 	 -0.125
14236 	 -0.123
14280 	 -0.121
14282 	 -0.118
14288 	 -0.117
14336 	 -0.115
15000 	 -1.394
15024 	 -1.514
15050 	 -1.898
15078 	 -2.09
15112 	 -1.928
15158 	 -1.87
15186 	 -1.615
15216 	 -1.031
15232 	 -0.855
15262 	 -0.959
15310 	 -1
15336 	 -1.299
15344 	 -1.298
15352 	 -1.297
15356 	 -1.467
15374 	 -1.082
15400 	 -0.713
15422 	 -0.553
15456 	 -0.29
15470 	 -0.285
15486 	 -0.096
15558 	 -0.029
15568 	 -0.027
15708 	 -0.021
15864 	 -0.016
15904 	 -0.008
16376 	 -0.007
18000 	 -2.128
18020 	 -2.218
18042 	 -2.634
18064 	 -2.642
18088 	 -2.018
18120 	 -1.446
18154 	 -1.52
18180 	 -1.256
18190 	 -1.318
18234 	 -1.284
18262 	 -1.098
18296 	 -1.668
18328 	 -1.912
18342 	 -1.972
18360 	 -1.962
18368 	 -1.656
18384 	 -1.67
18402 	 -1.312
18420 	 -0.678
18426 	 -0.59
18434 	 -0.472
18448 	 -0.132
18472 	 -0.102
18552 	 -0.008
18864 	 0
21000 	 -1.44
21001 	 -1.44
