0 	 0
3000 	 -1.376
3024 	 -1.496
3050 	 -1.88
3062 	 -2.472
3078 	 -3.176
3112 	 -3.62
3158 	 -3.808
3164 	 -3.728
3186 	 -2.828
3198 	 -2.688
3216 	 -1.912
3232 	 -1.736
3238 	 -1.364
3262 	 -0.608
3296 	 -0.264
3400 	 -0.024
3636 	 -0.008
3904 	 0
6000 	 -2.478
6020 	 -2.638
6042 	 -3.286
6064 	 -3.582
6088 	 -3.11
6120 	 -2.686
6138 	 -2.872
6154 	 -3.312
6180 	 -3.048
6190 	 -3.516
6198 	 -3.5
6234 	 -3.9
6284 	 -4.203
6296 	 -4.179
6346 	 -4.159
6360 	 -2.871
6374 	 -2.271
6376 	 -1.719
6424 	 -1.319
6444 	 -0.761
6504 	 -0.637
6506 	 -0.613
6552 	 -0.501
6634 	 -0.359
6704 	 -0.331
6710 	 -0.307
6726 	 -0.295
6728 	 -0.267
6782 	 -0.263
6894 	 -0.165
6990 	 -0.145
6994 	 -0.125
7002 	 -0.093
7272 	 -0.089
7278 	 -0.085
7290 	 -0.073
7324 	 -0.025
9000 	 -1.433
9024 	 -1.537
9050 	 -2.497
9078 	 -3.177
9112 	 -3.761
9158 	 -3.713
9162 	 -3.797
9174 	 -3.705
9186 	 -2.857
9216 	 -3.589
9232 	 -3.413
9238 	 -3.801
9262 	 -1.973
9268 	 -1.305
9298 	 -0.417
9304 	 -0.413
9306 	 -0.409
9334 	 -0.277
9400 	 -0.025
9660 	 -0.009
9904 	 -0.001
12000 	 -2.54
12002 	 -2.421
12004 	 -2.743
12006 	 -3.209
12008 	 -4.875
12010 	 -5.814
12012 	 -6.672
12016 	 -6.932
12018 	 -6.978
12020 	 -7.537
12030 	 -7.605
12032 	 -7.571
12034 	 -7.623
12040 	 -7.915
12042 	 -8.391
12062 	 -8.583
12064 	 -8.659
12070 	 -9.209
12072 	 -9.251
12088 	 -8.639
12090 	 -8.681
12100 	 -8.694
12114 	 -8.835
12120 	 -8.308
12130 	 -8.134
12148 	 -8.449
12154 	 -9.485
12156 	 -9.536
12166 	 -9.493
12176 	 -9.445
12178 	 -9.741
12180 	 -9.477
12182 	 -10.007
12184 	 -9.813
12188 	 -9.82
12190 	 -10.136
12192 	 -10.079
12200 	 -9.687
12208 	 -9.865
12210 	 -10.025
12212 	 -11.069
12222 	 -10.962
12226 	 -11.928
12228 	 -12.056
12230 	 -11.842
12234 	 -13.254
12236 	 -13.186
12248 	 -13.223
12250 	 -13.125
12252 	 -12.474
12254 	 -12.171
12256 	 -12.087
12260 	 -11.77
12264 	 -11.647
12266 	 -11.847
12274 	 -10.36
12276 	 -10.366
12278 	 -10.294
12282 	 -9.838
12284 	 -9.882
12286 	 -10.001
12288 	 -9.917
12290 	 -9.645
12296 	 -9.742
12300 	 -9.886
12302 	 -9.934
12304 	 -9.648
12308 	 -9.633
12310 	 -9.52
12320 	 -9.524
12324 	 -8.92
12328 	 -8.929
12330 	 -8.857
12332 	 -8.889
12338 	 -8.538
12344 	 -7.742
12358 	 -7.157
12360 	 -6.205
12362 	 -6.264
12376 	 -6.242
12382 	 -6.234
12386 	 -5.826
12400 	 -5.714
12404 	 -5.442
12406 	 -5.481
12412 	 -5.17
12420 	 -5.075
12426 	 -5.051
12430 	 -4.984
12432 	 -5.018
12437 	 -5.238
12438 	 -4.979
12448 	 -4.872
12456 	 -4.459
12466 	 -4.394
12470 	 -4.393
12476 	 -4.728
12480 	 -4.562
12492 	 -4.534
12508 	 -4.525
12510 	 -4.364
12516 	 -4.463
12532 	 -4.454
12536 	 -4.385
12540 	 -4.54
12550 	 -4.364
12552 	 -4.244
12562 	 -4.311
12574 	 -5.368
12580 	 -5.367
12592 	 -5.23
12594 	 -5.531
12598 	 -5.466
12604 	 -5.456
12606 	 -5.385
12610 	 -5.893
12616 	 -6.003
12618 	 -6.008
12630 	 -6.262
12632 	 -6.28
12638 	 -6.169
12640 	 -6.125
12648 	 -6.252
12664 	 -6.132
12672 	 -5.572
12678 	 -5.592
12688 	 -5.599
12694 	 -5.49
12712 	 -5.27
12732 	 -5.264
12748 	 -5.247
12768 	 -5.355
12770 	 -5.538
12782 	 -5.612
12790 	 -5.604
12796 	 -5.573
12802 	 -5.592
12814 	 -5.59
12826 	 -5.687
12828 	 -5.659
12840 	 -5.578
12846 	 -5.903
12868 	 -5.869
12874 	 -6.69
12882 	 -6.662
12886 	 -7.044
12896 	 -7.041
12902 	 -7.205
12904 	 -6.974
12906 	 -7.082
12912 	 -7.064
12916 	 -6.99
12922 	 -6.872
12924 	 -7.083
12926 	 -6.845
12934 	 -6.863
12938 	 -7.367
12942 	 -7.045
12952 	 -7.105
12956 	 -7.252
12964 	 -7.144
12966 	 -7.276
12970 	 -7.155
12976 	 -6.62
12982 	 -6.621
12984 	 -6.625
12990 	 -6.616
12996 	 -6.6
12998 	 -6.351
13000 	 -6.273
13002 	 -6.214
13008 	 -6.082
13010 	 -5.996
13012 	 -5.978
13014 	 -6.038
13016 	 -5.937
13018 	 -6.094
13020 	 -6.018
13026 	 -5.975
13036 	 -5.974
13038 	 -6.008
13042 	 -5.958
13044 	 -5.993
13046 	 -5.834
13052 	 -5.798
13062 	 -5.575
13064 	 -5.687
13072 	 -5.669
13078 	 -5.501
13080 	 -5.761
13082 	 -5.759
13088 	 -5.687
13094 	 -5.841
13096 	 -5.704
13098 	 -5.744
13104 	 -5.882
13108 	 -6.19
13114 	 -6.164
13116 	 -6.056
13124 	 -6.338
13126 	 -6.251
13138 	 -6.247
13140 	 -6.357
13146 	 -6.121
13150 	 -6.178
13154 	 -6.39
13158 	 -6.385
13164 	 -6.371
13166 	 -6.239
13168 	 -6.169
13174 	 -6.216
13178 	 -6.207
13196 	 -6.255
13200 	 -6.386
13202 	 -6.359
13204 	 -6.328
13206 	 -5.922
13208 	 -5.921
13214 	 -5.868
13220 	 -5.871
13224 	 -5.87
13232 	 -5.747
13234 	 -5.745
13238 	 -5.624
13244 	 -5.256
13250 	 -4.318
13258 	 -4.313
13272 	 -4.273
13274 	 -4.233
13282 	 -3.867
13288 	 -3.866
13300 	 -3.858
13314 	 -3.929
13318 	 -4.257
13320 	 -4.315
13324 	 -4.194
13328 	 -4.167
13332 	 -4.221
13344 	 -4.219
13346 	 -4.21
13348 	 -4.17
13352 	 -4.311
13358 	 -4.448
13360 	 -4.25
13382 	 -4.227
13410 	 -4.211
13412 	 -4.204
13424 	 -3.701
13434 	 -3.684
13438 	 -3.677
13446 	 -3.672
13448 	 -3.615
13456 	 -3.648
13458 	 -3.679
13470 	 -3.964
13476 	 -3.943
13486 	 -3.781
13494 	 -3.633
13500 	 -3.626
13508 	 -3.603
13514 	 -3.6
13520 	 -3.717
13522 	 -3.597
13550 	 -3.513
13556 	 -3.505
13562 	 -3.165
13582 	 -3.281
13598 	 -3.254
13612 	 -3.245
13620 	 -3.35
13634 	 -3.349
13638 	 -3.154
13648 	 -3.116
13650 	 -3.111
13654 	 -3.173
13658 	 -3.172
13662 	 -3.204
13688 	 -3.031
13690 	 -3.016
13692 	 -3.027
13694 	 -3.035
13710 	 -2.974
13726 	 -2.951
13730 	 -2.978
13732 	 -3.032
13744 	 -2.863
13746 	 -2.834
13750 	 -3.007
13756 	 -2.736
13760 	 -2.72
13762 	 -2.709
13766 	 -2.678
13768 	 -2.639
13774 	 -2.633
13776 	 -2.713
13778 	 -2.56
13780 	 -2.391
13792 	 -2.332
13796 	 -2.353
13814 	 -2.158
13818 	 -1.931
13822 	 -1.917
13830 	 -1.851
13836 	 -1.841
13846 	 -1.887
13848 	 -1.87
13852 	 -1.813
13854 	 -1.925
13862 	 -1.765
13864 	 -1.73
13866 	 -1.728
13870 	 -1.907
13872 	 -2.159
13878 	 -2.124
13882 	 -2.077
13886 	 -2.328
13890 	 -2.305
13894 	 -2.284
13896 	 -2.275
13906 	 -2.548
13916 	 -2.512
13932 	 -2.464
13942 	 -2.455
13956 	 -2.601
13958 	 -2.884
13976 	 -3.025
13978 	 -3.024
13980 	 -3.03
13986 	 -3.015
13992 	 -3.006
13994 	 -2.828
14002 	 -3.053
14006 	 -3.122
14034 	 -3.07
14038 	 -1.862
14042 	 -2.029
14044 	 -2.005
14054 	 -1.954
14058 	 -1.981
14062 	 -1.879
14074 	 -1.732
14076 	 -1.785
14084 	 -2.158
14088 	 -2.074
14090 	 -2.326
14096 	 -2.415
14102 	 -2.546
14106 	 -2.461
14108 	 -2.782
14120 	 -2.763
14146 	 -1.66
14152 	 -1.676
14156 	 -2.043
14162 	 -2.042
14164 	 -2.004
14170 	 -1.851
14176 	 -2.232
14182 	 -2.122
14196 	 -2.132
14202 	 -2.12
14208 	 -1.935
14212 	 -1.738
14222 	 -1.638
14226 	 -1.541
14230 	 -1.346
14234 	 -1.336
14236 	 -1.333
14246 	 -1.186
14254 	 -1.26
14262 	 -1.371
14268 	 -1.292
14282 	 -1.079
14288 	 -1.039
14290 	 -0.974
14312 	 -0.982
14314 	 -0.978
14320 	 -0.973
14324 	 -0.962
14326 	 -0.88
14328 	 -1.089
14338 	 -1.012
14364 	 -0.906
14370 	 -0.904
14382 	 -0.769
14398 	 -0.693
14408 	 -0.601
14418 	 -0.605
14426 	 -0.6
14430 	 -0.593
14436 	 -0.589
14454 	 -0.484
14460 	 -0.439
14474 	 -0.308
14482 	 -0.306
14500 	 -0.298
14516 	 -0.227
14522 	 -0.209
14578 	 -0.201
14586 	 -0.197
14612 	 -0.183
14616 	 -0.182
14630 	 -0.172
14632 	 -0.164
14642 	 -0.161
14670 	 -0.151
14768 	 -0.15
15000 	 -1.401
15024 	 -1.539
15050 	 -2.179
15078 	 -2.631
15112 	 -2.865
15158 	 -2.937
15162 	 -2.98
15174 	 -2.933
15186 	 -2.546
15216 	 -2.703
15232 	 -2.527
15238 	 -2.656
15262 	 -2.233
15266 	 -2.203
15268 	 -2.117
15276 	 -1.963
15282 	 -1.831
15298 	 -1.657
15300 	 -1.487
15310 	 -1.548
15336 	 -1.998
15346 	 -1.972
15350 	 -1.95
15352 	 -1.948
15356 	 -2.201
15374 	 -1.625
15400 	 -1.066
15422 	 -0.827
15456 	 -0.432
15470 	 -0.428
15486 	 -0.144
15558 	 -0.042
15568 	 -0.039
15658 	 -0.036
15660 	 -0.033
15708 	 -0.027
15864 	 -0.018
15904 	 -0.01
16164 	 -0.009
16434 	 -0.008
18000 	 -2.128
18020 	 -2.245
18042 	 -2.757
18064 	 -2.891
18088 	 -2.353
18120 	 -1.825
18154 	 -2.664
18180 	 -2.4
18190 	 -2.991
18234 	 -3.922
18252 	 -3.906
18262 	 -3.627
18270 	 -2.981
18278 	 -2.939
18286 	 -2.845
18296 	 -3.748
18316 	 -3.778
18328 	 -4.144
18336 	 -3.91
18342 	 -3.966
18348 	 -3.572
18360 	 -3.131
18368 	 -2.672
18384 	 -2.693
18402 	 -2.004
18420 	 -1.053
18426 	 -0.921
18434 	 -0.744
18448 	 -0.234
18472 	 -0.189
18552 	 -0.02
18864 	 -0.008
19002 	 0
21000 	 -1.44
21001 	 -1.44
