0 	 0
3000 	 -1.376
3024 	 -1.496
3050 	 -1.88
3062 	 -2.472
3078 	 -3.176
3112 	 -3.62
3158 	 -3.808
3164 	 -3.728
3186 	 -2.828
3198 	 -2.688
3216 	 -1.912
3232 	 -1.736
3238 	 -1.364
3262 	 -0.608
3296 	 -0.264
3400 	 -0.024
3636 	 -0.008
3904 	 0
6000 	 -2.478
6020 	 -2.638
6042 	 -3.286
6064 	 -3.582
6088 	 -3.11
6120 	 -2.686
6138 	 -2.872
6154 	 -3.312
6180 	 -3.048
6190 	 -3.516
6198 	 -3.5
6234 	 -3.9
6284 	 -4.203
6296 	 -4.179
6346 	 -4.159
6360 	 -2.871
6374 	 -2.271
6376 	 -1.719
6424 	 -1.319
6444 	 -0.761
6504 	 -0.637
6506 	 -0.613
6552 	 -0.501
6634 	 -0.359
6704 	 -0.331
6710 	 -0.307
6726 	 -0.295
6728 	 -0.267
6782 	 -0.263
6894 	 -0.165
6990 	 -0.145
6994 	 -0.125
7002 	 -0.093
7272 	 -0.089
7278 	 -0.085
7290 	 -0.073
7324 	 -0.025
9000 	 -1.433
9024 	 -1.537
9050 	 -2.497
9078 	 -3.177
9112 	 -3.761
9158 	 -3.713
9162 	 -3.797
9174 	 -3.705
9186 	 -2.857
9216 	 -3.589
9232 	 -3.413
9238 	 -3.801
9262 	 -1.973
9268 	 -1.305
9298 	 -0.417
9304 	 -0.413
9306 	 -0.409
9334 	 -0.277
9400 	 -0.025
9660 	 -0.009
9904 	 -0.001
12000 	 -2.54
12002 	 -2.421
12004 	 -2.663
12006 	 -3.129
12008 	 -3.973
12010 	 -4.912
12012 	 -5.34
12016 	 -5.6
12018 	 -5.646
12020 	 -5.979
12030 	 -6.047
12032 	 -6.013
12034 	 -6.072
12040 	 -6.178
12042 	 -6.654
12062 	 -6.872
12064 	 -6.948
12070 	 -7.132
12072 	 -7.174
12088 	 -6.562
12090 	 -6.652
12100 	 -6.788
12120 	 -6.168
12130 	 -5.962
12148 	 -6.277
12154 	 -7.313
12156 	 -7.343
12160 	 -7.701
12166 	 -7.785
12176 	 -7.836
12178 	 -8.186
12180 	 -7.922
12182 	 -8.452
12186 	 -8.581
12190 	 -8.897
12198 	 -8.875
12200 	 -9.116
12208 	 -9.294
12210 	 -9.415
12212 	 -10.459
12222 	 -10.352
12226 	 -11.242
12230 	 -11.426
12234 	 -12.774
12236 	 -12.863
12244 	 -13.099
12246 	 -13.25
12252 	 -12.594
12254 	 -12.493
12256 	 -12.448
12260 	 -12.131
12264 	 -12.063
12266 	 -12.489
12270 	 -12.601
12274 	 -11.349
12276 	 -11.583
12280 	 -11.4
12282 	 -11.243
12286 	 -11.362
12290 	 -11.09
12296 	 -11.187
12300 	 -11.331
12304 	 -11.253
12308 	 -11.238
12310 	 -11.302
12314 	 -10.971
12322 	 -10.884
12324 	 -10.28
12328 	 -10.437
12330 	 -10.368
12332 	 -10.4
12334 	 -10.337
12338 	 -10.085
12340 	 -9.965
12344 	 -9.053
12346 	 -9.045
12350 	 -9.036
12356 	 -9.103
12358 	 -8.381
12360 	 -7.429
12362 	 -7.326
12376 	 -7.225
12380 	 -6.74
12382 	 -6.732
12386 	 -6.263
12392 	 -6.144
12400 	 -6.032
12404 	 -5.682
12406 	 -5.779
12412 	 -5.468
12420 	 -5.373
12426 	 -5.349
12430 	 -5.282
12432 	 -6.383
12437 	 -6.603
12438 	 -5.737
12448 	 -5.399
12456 	 -5.336
12466 	 -5.267
12470 	 -5.266
12476 	 -5.54
12480 	 -5.374
12492 	 -5.346
12508 	 -5.337
12510 	 -5.299
12516 	 -5.398
12540 	 -5.65
12546 	 -5.61
12550 	 -5.587
12552 	 -5.45
12562 	 -5.609
12574 	 -6.9
12576 	 -6.896
12578 	 -6.877
12588 	 -6.876
12592 	 -6.697
12594 	 -6.869
12598 	 -6.842
12604 	 -6.479
12606 	 -6.408
12618 	 -6.356
12622 	 -6.341
12624 	 -6.328
12626 	 -5.697
12632 	 -5.715
12638 	 -5.604
12640 	 -5.547
12648 	 -5.578
12650 	 -5.661
12660 	 -5.597
12664 	 -5.477
12668 	 -5.41
12672 	 -5.351
12676 	 -5.739
12682 	 -5.778
12688 	 -5.785
12692 	 -6.08
12712 	 -5.685
12730 	 -5.414
12732 	 -5.408
12740 	 -5.404
12746 	 -5.224
12748 	 -5.207
12766 	 -5.198
12768 	 -5.264
12770 	 -5.325
12774 	 -5.296
12776 	 -5.411
12782 	 -5.316
12784 	 -5.24
12800 	 -5.079
12802 	 -5.051
12806 	 -5.146
12816 	 -5.339
12828 	 -5.418
12832 	 -5.417
12840 	 -5.555
12842 	 -5.547
12850 	 -5.603
12868 	 -5.569
12874 	 -5.607
12896 	 -5.604
12904 	 -5.763
12916 	 -5.689
12924 	 -5.768
12934 	 -5.978
12942 	 -6.362
12946 	 -6.74
12960 	 -7.03
12964 	 -7.058
12966 	 -7.215
12982 	 -7.134
12984 	 -7.059
12990 	 -7.056
12992 	 -7.199
12996 	 -6.696
12998 	 -7.046
13002 	 -7.17
13004 	 -7.131
13010 	 -7.494
13012 	 -7.476
13016 	 -7.263
13024 	 -7.274
13028 	 -7.103
13030 	 -7.11
13034 	 -7.078
13036 	 -7.077
13038 	 -7.048
13042 	 -6.989
13048 	 -7.013
13050 	 -7.103
13052 	 -6.819
13060 	 -7.172
13062 	 -7.171
13066 	 -7.028
13070 	 -6.764
13072 	 -6.609
13074 	 -6.512
13076 	 -6.472
13080 	 -6.404
13088 	 -6.588
13096 	 -6.451
13104 	 -6.629
13114 	 -6.349
13130 	 -6.323
13138 	 -6.149
13148 	 -6.144
13150 	 -6.029
13158 	 -5.963
13162 	 -6.056
13166 	 -6.095
13168 	 -6.026
13170 	 -6.273
13174 	 -6.452
13178 	 -7.099
13182 	 -7.098
13184 	 -7.064
13192 	 -7.196
13202 	 -7.042
13216 	 -7.039
13220 	 -7.03
13228 	 -7.002
13230 	 -6.913
13234 	 -6.801
13248 	 -6.849
13250 	 -5.668
13256 	 -5.802
13258 	 -5.746
13260 	 -5.611
13274 	 -5.553
13278 	 -5.655
13282 	 -5.735
13288 	 -5.616
13292 	 -5.766
13304 	 -5.652
13308 	 -5.327
13310 	 -5.298
13312 	 -4.87
13314 	 -4.874
13328 	 -4.84
13332 	 -4.886
13334 	 -4.757
13336 	 -4.754
13340 	 -4.77
13344 	 -4.675
13346 	 -4.67
13350 	 -4.667
13352 	 -4.723
13360 	 -4.573
13366 	 -4.522
13368 	 -4.492
13378 	 -4.483
13382 	 -4.793
13388 	 -4.752
13392 	 -4.547
13396 	 -4.655
13404 	 -4.651
13406 	 -4.716
13410 	 -4.706
13422 	 -4.917
13424 	 -4.987
13430 	 -4.975
13432 	 -5.087
13434 	 -5.227
13436 	 -5.548
13450 	 -5.528
13454 	 -5.527
13466 	 -5.26
13468 	 -5.323
13474 	 -5.391
13484 	 -5.316
13490 	 -5.39
13492 	 -5.605
13506 	 -5.545
13508 	 -5.382
13514 	 -6.233
13518 	 -6.181
13532 	 -6.082
13534 	 -6.09
13552 	 -5.948
13554 	 -6.114
13556 	 -5.983
13558 	 -5.54
13568 	 -5.633
13570 	 -5.73
13572 	 -5.674
13576 	 -5.804
13578 	 -5.65
13586 	 -5.703
13596 	 -5.715
13598 	 -5.832
13612 	 -5.738
13620 	 -5.814
13626 	 -5.53
13628 	 -5.464
13630 	 -5.524
13634 	 -5.523
13638 	 -5.393
13648 	 -5.359
13650 	 -5.354
13652 	 -5.32
13654 	 -5.309
13658 	 -5.322
13666 	 -5.304
13668 	 -5.299
13672 	 -5.224
13676 	 -5.267
13680 	 -5.187
13686 	 -5.208
13692 	 -5.229
13698 	 -5.387
13704 	 -5.501
13706 	 -5.503
13708 	 -5.402
13730 	 -5.457
13732 	 -5.434
13738 	 -5.406
13742 	 -5.375
13750 	 -5.424
13760 	 -5.396
13764 	 -5.522
13768 	 -5.584
13770 	 -5.582
13780 	 -5.423
13782 	 -5.391
13796 	 -5.316
13798 	 -5.285
13808 	 -5.275
13810 	 -5.264
13822 	 -5.59
13824 	 -5.711
13838 	 -5.698
13854 	 -5.817
13864 	 -5.782
13874 	 -5.891
13876 	 -5.823
13884 	 -5.916
13886 	 -5.982
13888 	 -6.021
13892 	 -6.044
13908 	 -6.078
13920 	 -6.253
13930 	 -6.164
13942 	 -6.155
13948 	 -6.209
13950 	 -5.667
13954 	 -5.561
13956 	 -5.272
13958 	 -5.1
13960 	 -5.008
13962 	 -4.89
13968 	 -5.243
13976 	 -5.015
13978 	 -4.981
13982 	 -5.052
13986 	 -5.268
13992 	 -5.212
14000 	 -5.373
14006 	 -5.224
14016 	 -4.773
14018 	 -4.725
14024 	 -4.89
14026 	 -4.921
14028 	 -4.956
14030 	 -4.667
14036 	 -4.716
14046 	 -4.68
14050 	 -4.46
14058 	 -4.455
14060 	 -4.15
14068 	 -4.117
14070 	 -4.014
14076 	 -3.848
14080 	 -3.743
14082 	 -3.679
14088 	 -3.563
14092 	 -3.559
14096 	 -3.362
14100 	 -3.339
14108 	 -3.325
14110 	 -3.427
14114 	 -3.403
14116 	 -3.384
14118 	 -3.5
14120 	 -3.442
14132 	 -3.378
14144 	 -3.527
14146 	 -2.662
14150 	 -2.634
14158 	 -2.619
14162 	 -2.46
14170 	 -2.186
14178 	 -2.07
14182 	 -2.021
14184 	 -1.721
14194 	 -1.617
14198 	 -1.616
14200 	 -1.418
14204 	 -1.379
14212 	 -1.334
14214 	 -1.333
14218 	 -1.378
14220 	 -1.248
14228 	 -1.14
14232 	 -1.122
14236 	 -1.119
14238 	 -1.035
14244 	 -0.974
14250 	 -0.93
14254 	 -0.9
14264 	 -0.887
14268 	 -0.871
14272 	 -0.785
14278 	 -0.71
14288 	 -0.687
14290 	 -0.669
14292 	 -0.625
14298 	 -0.498
14310 	 -0.48
14316 	 -0.479
14320 	 -0.467
14324 	 -0.46
14326 	 -0.459
14328 	 -0.443
14334 	 -0.418
14344 	 -0.416
14368 	 -0.391
14374 	 -0.381
14386 	 -0.376
14396 	 -0.355
14404 	 -0.343
14412 	 -0.298
14422 	 -0.288
14434 	 -0.287
14458 	 -0.251
14496 	 -0.248
14500 	 -0.247
14504 	 -0.234
14522 	 -0.224
14526 	 -0.222
14536 	 -0.221
14570 	 -0.211
14578 	 -0.208
14592 	 -0.2
14628 	 -0.199
14680 	 -0.193
15000 	 -1.412
15024 	 -1.553
15050 	 -2.333
15078 	 -2.911
15112 	 -3.34
15158 	 -3.309
15162 	 -3.372
15174 	 -3.3
15186 	 -2.543
15216 	 -3.155
15232 	 -2.979
15238 	 -3.166
15262 	 -1.925
15268 	 -1.666
15282 	 -1.269
15298 	 -0.749
15310 	 -0.769
15336 	 -0.918
15346 	 -0.84
15352 	 -0.839
15356 	 -0.925
15374 	 -0.73
15400 	 -0.389
15422 	 -0.31
15456 	 -0.177
15470 	 -0.172
15486 	 -0.078
15558 	 -0.046
15568 	 -0.043
15586 	 -0.042
15660 	 -0.033
15708 	 -0.027
15864 	 -0.026
15904 	 -0.018
16080 	 -0.015
16290 	 -0.014
16374 	 -0.013
16472 	 -0.012
18000 	 -2.128
18020 	 -2.236
18042 	 -2.716
18064 	 -2.813
18088 	 -2.218
18120 	 -1.597
18154 	 -2.616
18180 	 -2.352
18190 	 -2.87
18234 	 -4.036
18252 	 -4.012
18262 	 -3.919
18270 	 -2.95
18278 	 -2.887
18286 	 -2.746
18296 	 -2.923
18316 	 -2.968
18328 	 -3.09
18336 	 -2.739
18342 	 -2.718
18348 	 -2.127
18360 	 -1.303
18368 	 -1.15
18384 	 -1.157
18402 	 -0.75
18420 	 -0.433
18426 	 -0.389
18434 	 -0.33
18448 	 -0.16
18472 	 -0.145
18552 	 -0.016
18864 	 -0.012
19002 	 0
21000 	 -1.44
21001 	 -1.44
