0 	 0
3000 	 -1.376
3024 	 -1.496
3050 	 -1.88
3062 	 -2.472
3078 	 -3.176
3112 	 -3.62
3158 	 -3.808
3164 	 -3.728
3186 	 -2.828
3198 	 -2.688
3216 	 -1.912
3232 	 -1.736
3238 	 -1.364
3262 	 -0.608
3296 	 -0.264
3400 	 -0.024
3636 	 -0.008
3904 	 0
6000 	 -2.478
6020 	 -2.638
6042 	 -3.286
6064 	 -3.582
6088 	 -3.11
6120 	 -2.686
6138 	 -2.872
6154 	 -3.312
6180 	 -3.048
6190 	 -3.516
6198 	 -3.5
6234 	 -3.9
6284 	 -4.203
6296 	 -4.179
6346 	 -4.159
6360 	 -2.871
6374 	 -2.271
6376 	 -1.719
6424 	 -1.319
6444 	 -0.761
6504 	 -0.637
6506 	 -0.613
6552 	 -0.501
6634 	 -0.359
6704 	 -0.331
6710 	 -0.307
6726 	 -0.295
6728 	 -0.267
6782 	 -0.263
6894 	 -0.165
6990 	 -0.145
6994 	 -0.125
7002 	 -0.093
7272 	 -0.089
7278 	 -0.085
7290 	 -0.073
7324 	 -0.025
9000 	 -1.433
9024 	 -1.537
9050 	 -2.497
9078 	 -3.177
9112 	 -3.761
9158 	 -3.713
9162 	 -3.797
9174 	 -3.705
9186 	 -2.857
9216 	 -3.589
9232 	 -3.413
9238 	 -3.801
9262 	 -1.973
9268 	 -1.305
9298 	 -0.417
9304 	 -0.413
9306 	 -0.409
9334 	 -0.277
9400 	 -0.025
9660 	 -0.009
9904 	 -0.001
12000 	 -2.554
12002 	 -2.49
12004 	 -3.161
12006 	 -3.958
12008 	 -4.88
12010 	 -5.518
12012 	 -5.935
12016 	 -6.132
12020 	 -6.468
12028 	 -6.602
12032 	 -6.41
12040 	 -6.268
12042 	 -6.744
12048 	 -6.541
12054 	 -6.052
12064 	 -6.152
12070 	 -6.123
12074 	 -5.644
12086 	 -5.909
12088 	 -5.297
12100 	 -5.205
12102 	 -4.984
12108 	 -5.038
12120 	 -4.51
12130 	 -4.299
12132 	 -4.619
12140 	 -4.884
12154 	 -6.052
12160 	 -6.139
12162 	 -6.112
12164 	 -6.002
12168 	 -6.317
12178 	 -6.339
12180 	 -6.323
12186 	 -6.316
12190 	 -6.632
12198 	 -6.58
12200 	 -6.582
12212 	 -7.626
12228 	 -7.771
12230 	 -7.858
12234 	 -9.206
12236 	 -8.785
12248 	 -9.154
12252 	 -8.438
12254 	 -8.337
12260 	 -8.413
12272 	 -8.412
12274 	 -7.16
12276 	 -7.307
12282 	 -7.15
12284 	 -7.195
12290 	 -6.923
12292 	 -6.792
12296 	 -7.098
12302 	 -7.32
12304 	 -7.276
12324 	 -6.672
12328 	 -6.84
12332 	 -6.872
12334 	 -7.156
12338 	 -6.904
12344 	 -6.076
12350 	 -6.057
12352 	 -6.303
12354 	 -6.171
12360 	 -5.219
12364 	 -5.216
12380 	 -5.39
12382 	 -5.47
12386 	 -5.398
12388 	 -5.394
12400 	 -5.365
12404 	 -5.074
12406 	 -5.253
12410 	 -5.148
12412 	 -5.292
12420 	 -5.281
12436 	 -5.654
12438 	 -5.381
12444 	 -5.443
12452 	 -5.67
12460 	 -5.587
12464 	 -5.538
12466 	 -6.08
12470 	 -6.067
12480 	 -6.253
12488 	 -6.219
12490 	 -6.202
12494 	 -6.163
12496 	 -6.171
12500 	 -6.13
12502 	 -6.111
12504 	 -6.028
12506 	 -5.737
12516 	 -5.77
12520 	 -5.74
12524 	 -5.671
12528 	 -5.779
12550 	 -5.654
12552 	 -5.766
12564 	 -5.934
12570 	 -5.928
12574 	 -6.033
12578 	 -6.045
12588 	 -6.576
12590 	 -6.535
12602 	 -6.008
12604 	 -6.003
12608 	 -5.935
12612 	 -5.871
12614 	 -5.992
12626 	 -6.173
12630 	 -6.763
12632 	 -6.749
12638 	 -6.745
12640 	 -6.566
12646 	 -6.561
12648 	 -6.37
12662 	 -6.207
12670 	 -6.439
12676 	 -6.416
12678 	 -6.407
12686 	 -6.399
12694 	 -6.387
12700 	 -6.632
12706 	 -6.899
12710 	 -6.895
12714 	 -6.745
12720 	 -7.029
12722 	 -6.928
12724 	 -6.944
12726 	 -6.972
12730 	 -6.955
12736 	 -7.072
12742 	 -7.043
12746 	 -7.024
12758 	 -7.022
12768 	 -7.064
12770 	 -7.297
12776 	 -7.287
12782 	 -7.534
12784 	 -7.507
12786 	 -7.578
12798 	 -7.566
12802 	 -7.544
12804 	 -7.39
12808 	 -7.336
12828 	 -7.474
12834 	 -7.749
12836 	 -7.938
12852 	 -8.251
12874 	 -8.205
12896 	 -8.07
12906 	 -8.067
12908 	 -8.035
12910 	 -8.024
12916 	 -8.112
12920 	 -8.02
12924 	 -8.103
12934 	 -8.157
12942 	 -8.189
12948 	 -8.37
12950 	 -8.312
12952 	 -8.228
12954 	 -8.159
12970 	 -8.154
12972 	 -8.107
12976 	 -7.989
12984 	 -8.041
12988 	 -8.095
12990 	 -8.092
12996 	 -7.975
13000 	 -8.07
13004 	 -7.996
13006 	 -7.72
13008 	 -7.706
13020 	 -7.717
13024 	 -7.364
13028 	 -7.323
13034 	 -7.42
13044 	 -7.804
13048 	 -7.801
13056 	 -7.865
13062 	 -7.828
13068 	 -7.709
13072 	 -7.74
13074 	 -7.677
13080 	 -7.357
13084 	 -7.49
13092 	 -7.29
13096 	 -7.224
13102 	 -7.088
13108 	 -7.139
13114 	 -7.086
13122 	 -7.06
13126 	 -7.082
13134 	 -7.168
13138 	 -7.12
13144 	 -7.116
13152 	 -7.145
13162 	 -7.163
13184 	 -7.308
13206 	 -7.399
13214 	 -7.393
13238 	 -7.229
13248 	 -7.143
13254 	 -7.131
13258 	 -7.129
13272 	 -7.076
13282 	 -7.031
13290 	 -7.014
13292 	 -6.892
13306 	 -6.949
13312 	 -6.813
13318 	 -6.668
13324 	 -6.49
13336 	 -6.627
13340 	 -6.233
13344 	 -6.215
13346 	 -6.25
13350 	 -6.039
13360 	 -6.041
13366 	 -6.009
13372 	 -5.997
13386 	 -5.942
13388 	 -5.936
13394 	 -5.933
13408 	 -6.049
13414 	 -5.632
13426 	 -5.58
13432 	 -5.532
13436 	 -5.363
13442 	 -5.384
13444 	 -5.404
13446 	 -5.389
13454 	 -5.586
13458 	 -5.651
13462 	 -5.65
13476 	 -5.585
13482 	 -5.442
13486 	 -5.779
13490 	 -5.769
13492 	 -5.684
13506 	 -5.596
13512 	 -5.538
13514 	 -5.528
13520 	 -5.69
13524 	 -5.672
13528 	 -5.657
13534 	 -5.579
13542 	 -5.575
13546 	 -5.325
13556 	 -5.402
13558 	 -5.259
13560 	 -5.249
13562 	 -5.305
13566 	 -5.515
13568 	 -6.519
13570 	 -6.236
13574 	 -6.238
13576 	 -6.385
13584 	 -6.445
13586 	 -6.422
13590 	 -6.779
13592 	 -6.71
13594 	 -6.675
13602 	 -6.659
13604 	 -6.98
13610 	 -7.152
13612 	 -6.837
13618 	 -6.823
13624 	 -6.669
13628 	 -6.622
13636 	 -6.515
13642 	 -6.523
13646 	 -6.556
13652 	 -6.232
13654 	 -6.186
13658 	 -6.159
13662 	 -6.134
13666 	 -6.159
13676 	 -6.139
13682 	 -6.14
13686 	 -5.973
13688 	 -6.21
13690 	 -6.623
13694 	 -6.776
13700 	 -6.724
13714 	 -6.591
13724 	 -6.69
13726 	 -6.689
13728 	 -6.482
13730 	 -6.684
13734 	 -6.683
13736 	 -6.689
13742 	 -6.678
13744 	 -5.929
13750 	 -5.882
13752 	 -5.903
13758 	 -5.858
13764 	 -5.835
13768 	 -5.834
13772 	 -5.559
13778 	 -5.607
13782 	 -5.497
13788 	 -5.72
13790 	 -5.618
13792 	 -5.648
13796 	 -5.601
13800 	 -5.314
13806 	 -5.524
13808 	 -5.609
13814 	 -5.567
13816 	 -5.284
13818 	 -4.613
13820 	 -4.769
13822 	 -4.768
13830 	 -4.648
13832 	 -4.692
13844 	 -4.679
13846 	 -4.589
13852 	 -4.348
13856 	 -3.971
13864 	 -3.867
13880 	 -3.527
13886 	 -3.461
13890 	 -3.262
13896 	 -3.357
13900 	 -3.33
13902 	 -3.277
13912 	 -3.271
13918 	 -3.17
13920 	 -3.027
13922 	 -2.97
13924 	 -2.938
13938 	 -3.008
13954 	 -2.992
13968 	 -2.427
13974 	 -2.415
13984 	 -1.915
13986 	 -1.832
13996 	 -1.884
14000 	 -1.836
14002 	 -1.802
14012 	 -1.787
14014 	 -1.785
14018 	 -1.743
14020 	 -1.596
14022 	 -1.466
14028 	 -1.576
14032 	 -1.481
14034 	 -1.472
14042 	 -1.413
14046 	 -1.319
14048 	 -1.305
14066 	 -1.384
14074 	 -1.369
14080 	 -1.343
14082 	 -1.314
14096 	 -1.304
14098 	 -1.256
14106 	 -1.217
14108 	 -1.178
14120 	 -1.168
14128 	 -1.164
14130 	 -1.162
14146 	 -1.18
14152 	 -1.158
14154 	 -1.147
14162 	 -1.103
14164 	 -0.967
14176 	 -0.961
14180 	 -0.952
14186 	 -0.84
14200 	 -0.784
14214 	 -0.687
14240 	 -0.686
14252 	 -0.653
14298 	 -0.645
14308 	 -0.638
14318 	 -0.636
14324 	 -0.575
14326 	 -0.574
14334 	 -0.557
14348 	 -0.522
14400 	 -0.477
14420 	 -0.472
14426 	 -0.321
14458 	 -0.293
14464 	 -0.291
14502 	 -0.288
14556 	 -0.273
14636 	 -0.271
15000 	 -1.417
15024 	 -1.548
15050 	 -2.202
15078 	 -2.65
15112 	 -2.885
15158 	 -2.809
15162 	 -2.85
15174 	 -2.802
15186 	 -2.189
15216 	 -2.404
15232 	 -2.228
15238 	 -2.358
15250 	 -2.352
15262 	 -1.474
15268 	 -1.301
15282 	 -1.037
15298 	 -0.691
15310 	 -0.711
15336 	 -0.861
15342 	 -0.858
15346 	 -0.806
15356 	 -0.891
15360 	 -0.888
15374 	 -0.693
15400 	 -0.385
15422 	 -0.306
15456 	 -0.173
15486 	 -0.077
15558 	 -0.043
15660 	 -0.037
15708 	 -0.031
15864 	 -0.03
15904 	 -0.022
16000 	 -0.019
16092 	 -0.017
16388 	 -0.011
18000 	 -2.128
18020 	 -2.227
18042 	 -2.675
18064 	 -2.729
18088 	 -2.111
18120 	 -1.491
18154 	 -2.168
18180 	 -1.904
18190 	 -2.225
18234 	 -2.958
18252 	 -2.942
18262 	 -2.849
18270 	 -2.203
18278 	 -2.161
18286 	 -2.067
18296 	 -2.256
18316 	 -2.286
18328 	 -2.408
18336 	 -2.174
18342 	 -2.17
18348 	 -1.776
18360 	 -1.201
18368 	 -1.048
18384 	 -1.055
18402 	 -0.724
18420 	 -0.407
18426 	 -0.363
18434 	 -0.304
18448 	 -0.134
18472 	 -0.119
18552 	 -0.012
18864 	 -0.008
19002 	 0
21000 	 -1.44
21001 	 -1.44
