0 	 0
3000 	 -1.376
3024 	 -1.496
3050 	 -1.88
3062 	 -2.472
3078 	 -3.176
3112 	 -3.62
3158 	 -3.808
3164 	 -3.728
3186 	 -2.828
3198 	 -2.688
3216 	 -1.912
3232 	 -1.736
3238 	 -1.364
3262 	 -0.608
3296 	 -0.264
3400 	 -0.024
3636 	 -0.008
3904 	 0
6000 	 -2.478
6020 	 -2.638
6042 	 -3.286
6064 	 -3.582
6088 	 -3.11
6120 	 -2.686
6138 	 -2.872
6154 	 -3.312
6180 	 -3.048
6190 	 -3.516
6198 	 -3.5
6234 	 -3.9
6284 	 -4.203
6296 	 -4.179
6346 	 -4.159
6360 	 -2.871
6374 	 -2.271
6376 	 -1.719
6424 	 -1.319
6444 	 -0.761
6504 	 -0.637
6506 	 -0.613
6552 	 -0.501
6634 	 -0.359
6704 	 -0.331
6710 	 -0.307
6726 	 -0.295
6728 	 -0.267
6782 	 -0.263
6894 	 -0.165
6990 	 -0.145
6994 	 -0.125
7002 	 -0.093
7272 	 -0.089
7278 	 -0.085
7290 	 -0.073
7324 	 -0.025
9000 	 -1.433
9024 	 -1.537
9050 	 -2.497
9078 	 -3.177
9112 	 -3.761
9158 	 -3.713
9162 	 -3.797
9174 	 -3.705
9186 	 -2.857
9216 	 -3.589
9232 	 -3.413
9238 	 -3.801
9262 	 -1.973
9268 	 -1.305
9298 	 -0.417
9304 	 -0.413
9306 	 -0.409
9334 	 -0.277
9400 	 -0.025
9660 	 -0.009
9904 	 -0.001
12000 	 -2.54
12002 	 -2.421
12004 	 -2.652
12006 	 -3.238
12008 	 -3.655
12010 	 -4.725
12012 	 -4.936
12016 	 -5.265
12018 	 -5.311
12020 	 -5.534
12028 	 -5.668
12032 	 -5.634
12034 	 -5.693
12040 	 -5.482
12042 	 -5.958
12054 	 -5.469
12062 	 -5.687
12064 	 -5.763
12074 	 -5.284
12086 	 -5.549
12088 	 -4.937
12090 	 -5.027
12102 	 -4.911
12120 	 -4.291
12132 	 -4.611
12140 	 -4.876
12154 	 -6.044
12156 	 -6.074
12164 	 -5.964
12166 	 -6.048
12176 	 -6.099
12180 	 -6.015
12186 	 -6.209
12190 	 -6.525
12200 	 -6.637
12204 	 -6.606
12212 	 -7.65
12222 	 -7.543
12228 	 -7.688
12234 	 -9.036
12236 	 -8.786
12244 	 -9.08
12252 	 -8.364
12260 	 -8.346
12264 	 -8.67
12268 	 -8.697
12272 	 -8.696
12274 	 -7.444
12280 	 -7.261
12282 	 -7.133
12290 	 -6.861
12296 	 -7.167
12304 	 -7.519
12308 	 -7.504
12322 	 -7.43
12324 	 -6.826
12328 	 -7.156
12330 	 -7.087
12332 	 -7.119
12334 	 -7.121
12338 	 -6.869
12340 	 -6.749
12344 	 -5.953
12346 	 -6.104
12350 	 -6.085
12354 	 -6.165
12358 	 -6.145
12360 	 -5.193
12362 	 -5.09
12366 	 -5.364
12380 	 -5.263
12382 	 -5.255
12386 	 -5.183
12392 	 -5.106
12394 	 -5.096
12404 	 -4.824
12406 	 -5.025
12412 	 -5.157
12420 	 -5.146
12432 	 -4.94
12436 	 -5.311
12452 	 -5.538
12458 	 -5.53
12460 	 -5.447
12464 	 -5.398
12466 	 -5.863
12476 	 -5.847
12478 	 -5.852
12480 	 -6.038
12494 	 -5.999
12496 	 -5.645
12500 	 -5.751
12502 	 -5.732
12512 	 -5.655
12516 	 -5.605
12520 	 -5.575
12542 	 -5.27
12552 	 -5.133
12560 	 -5.411
12564 	 -5.579
12572 	 -5.633
12578 	 -5.614
12584 	 -6.026
12588 	 -6.025
12590 	 -5.984
12594 	 -6.287
12598 	 -6.316
12604 	 -6.311
12610 	 -6.27
12614 	 -5.955
12620 	 -6.09
12622 	 -6.058
12626 	 -6.239
12630 	 -6.772
12638 	 -6.554
12640 	 -6.232
12644 	 -6.191
12646 	 -6.182
12652 	 -6.036
12664 	 -5.932
12668 	 -6.168
12676 	 -5.996
12680 	 -5.988
12700 	 -6.35
12702 	 -6.191
12706 	 -6.419
12708 	 -6.47
12710 	 -6.466
12714 	 -6.316
12718 	 -6.232
12724 	 -6.251
12736 	 -6.44
12740 	 -6.436
12746 	 -6.408
12758 	 -6.393
12768 	 -6.285
12770 	 -6.518
12786 	 -6.668
12788 	 -6.757
12802 	 -6.735
12804 	 -6.581
12806 	 -6.529
12808 	 -6.406
12822 	 -6.624
12824 	 -6.596
12834 	 -6.661
12840 	 -6.777
12842 	 -6.828
12850 	 -7.223
12852 	 -7.186
12858 	 -7.199
12864 	 -7.07
12872 	 -7.325
12874 	 -7.37
12896 	 -7.475
12908 	 -7.38
12920 	 -7.64
12924 	 -7.758
12926 	 -7.51
12930 	 -7.884
12932 	 -7.772
12934 	 -7.741
12936 	 -7.688
12938 	 -7.677
12942 	 -7.704
12944 	 -7.94
12952 	 -7.856
12954 	 -7.787
12960 	 -7.817
12968 	 -7.629
12970 	 -7.624
12972 	 -7.817
12984 	 -7.684
12990 	 -7.8
12994 	 -7.534
12996 	 -7.518
13004 	 -7.35
13008 	 -7.336
13012 	 -7.441
13022 	 -7.469
13026 	 -7.318
13028 	 -7.277
13044 	 -7.6
13046 	 -7.437
13050 	 -7.496
13058 	 -7.648
13062 	 -7.671
13064 	 -7.528
13068 	 -7.409
13074 	 -7.425
13080 	 -7.105
13090 	 -7.015
13100 	 -7.235
13102 	 -7.23
13108 	 -7.089
13110 	 -7.006
13114 	 -6.985
13118 	 -7.073
13136 	 -6.998
13138 	 -6.714
13144 	 -6.731
13150 	 -6.723
13152 	 -6.269
13162 	 -6.31
13168 	 -6.33
13172 	 -6.301
13176 	 -6.424
13186 	 -6.438
13192 	 -6.437
13206 	 -5.867
13214 	 -5.575
13216 	 -5.56
13224 	 -5.417
13228 	 -5.382
13230 	 -5.346
13232 	 -5.834
13238 	 -5.514
13246 	 -5.492
13248 	 -4.865
13254 	 -4.801
13258 	 -4.799
13260 	 -5.056
13282 	 -5.147
13284 	 -5.163
13290 	 -5.146
13300 	 -4.961
13304 	 -4.96
13310 	 -4.264
13316 	 -4.33
13318 	 -4.263
13326 	 -4.244
13332 	 -4.221
13334 	 -4.074
13338 	 -4
13340 	 -3.576
13344 	 -3.592
13346 	 -3.624
13368 	 -3.573
13372 	 -3.628
13374 	 -3.497
13382 	 -3.462
13388 	 -3.456
13392 	 -3.571
13394 	 -3.568
13408 	 -3.291
13414 	 -2.988
13424 	 -2.96
13436 	 -2.95
13442 	 -2.773
13444 	 -2.936
13454 	 -2.924
13460 	 -2.893
13484 	 -2.617
13490 	 -2.607
13506 	 -3.032
13510 	 -2.994
13514 	 -2.985
13516 	 -2.978
13520 	 -2.882
13524 	 -3.81
13528 	 -3.807
13530 	 -3.677
13534 	 -3.674
13536 	 -3.612
13542 	 -3.608
13546 	 -3.358
13548 	 -3.369
13560 	 -3.242
13568 	 -3.235
13572 	 -2.875
13582 	 -2.835
13592 	 -2.787
13598 	 -2.765
13610 	 -2.53
13616 	 -2.235
13618 	 -2.221
13624 	 -2.196
13658 	 -1.702
13672 	 -1.663
13680 	 -1.744
13690 	 -1.801
13714 	 -1.71
13718 	 -1.796
13726 	 -1.795
13730 	 -1.926
13734 	 -1.865
13744 	 -1.421
13758 	 -1.575
13770 	 -1.658
13814 	 -1.616
13828 	 -1.583
13844 	 -1.57
13846 	 -1.594
13848 	 -1.644
13864 	 -1.535
13866 	 -1.554
13884 	 -1.301
13894 	 -1.3
13900 	 -1.292
13902 	 -1.239
13908 	 -0.917
13912 	 -0.911
13932 	 -0.88
13942 	 -0.846
13960 	 -0.814
13976 	 -0.793
13980 	 -0.772
13984 	 -0.676
13988 	 -0.675
14006 	 -0.673
14012 	 -0.658
14014 	 -0.637
14028 	 -0.603
14032 	 -0.525
14074 	 -0.524
14098 	 -0.515
14108 	 -0.51
14148 	 -0.456
14176 	 -0.452
14200 	 -0.396
14318 	 -0.394
14326 	 -0.393
14400 	 -0.391
14426 	 -0.24
14486 	 -0.238
14508 	 -0.234
14568 	 -0.232
15000 	 -1.414
15024 	 -1.544
15050 	 -2.053
15078 	 -2.378
15112 	 -2.429
15158 	 -2.463
15162 	 -2.484
15174 	 -2.46
15186 	 -2.159
15216 	 -1.963
15232 	 -1.787
15238 	 -1.85
15250 	 -1.844
15262 	 -1.832
15268 	 -1.746
15282 	 -1.614
15298 	 -1.441
15310 	 -1.502
15336 	 -1.951
15342 	 -1.948
15346 	 -1.922
15356 	 -2.174
15360 	 -2.171
15374 	 -1.602
15400 	 -1.068
15422 	 -0.828
15456 	 -0.435
15486 	 -0.148
15558 	 -0.043
15660 	 -0.04
15864 	 -0.028
15904 	 -0.02
16000 	 -0.017
16388 	 -0.011
18000 	 -2.128
18020 	 -2.236
18042 	 -2.716
18064 	 -2.807
18088 	 -2.246
18120 	 -1.719
18154 	 -2.216
18180 	 -1.952
18190 	 -2.346
18234 	 -2.844
18252 	 -2.836
18262 	 -2.557
18270 	 -2.234
18278 	 -2.213
18286 	 -2.166
18296 	 -3.081
18316 	 -3.096
18328 	 -3.462
18336 	 -3.345
18342 	 -3.418
18348 	 -3.221
18360 	 -3.029
18368 	 -2.57
18384 	 -2.591
18402 	 -1.978
18420 	 -1.027
18426 	 -0.895
18434 	 -0.718
18448 	 -0.208
18472 	 -0.163
18552 	 -0.016
18864 	 -0.004
19002 	 0
21000 	 -1.44
21001 	 -1.44
