0 	 0
3000 	 -1.376
3024 	 -1.496
3050 	 -1.88
3062 	 -2.472
3078 	 -3.176
3112 	 -3.62
3158 	 -3.808
3164 	 -3.728
3186 	 -2.828
3198 	 -2.688
3216 	 -1.912
3232 	 -1.736
3238 	 -1.364
3262 	 -0.608
3296 	 -0.264
3400 	 -0.024
3636 	 -0.008
3904 	 0
6000 	 -2.478
6020 	 -2.638
6042 	 -3.286
6064 	 -3.582
6088 	 -3.11
6120 	 -2.686
6138 	 -2.872
6154 	 -3.312
6180 	 -3.048
6190 	 -3.516
6198 	 -3.5
6234 	 -3.9
6284 	 -4.203
6296 	 -4.179
6346 	 -4.159
6360 	 -2.871
6374 	 -2.271
6376 	 -1.719
6424 	 -1.319
6444 	 -0.761
6504 	 -0.637
6506 	 -0.613
6552 	 -0.501
6634 	 -0.359
6704 	 -0.331
6710 	 -0.307
6726 	 -0.295
6728 	 -0.267
6782 	 -0.263
6894 	 -0.165
6990 	 -0.145
6994 	 -0.125
7002 	 -0.093
7272 	 -0.089
7278 	 -0.085
7290 	 -0.073
7324 	 -0.025
9000 	 -1.433
9024 	 -1.537
9050 	 -2.497
9078 	 -3.177
9112 	 -3.761
9158 	 -3.713
9162 	 -3.797
9174 	 -3.705
9186 	 -2.857
9216 	 -3.589
9232 	 -3.413
9238 	 -3.801
9262 	 -1.973
9268 	 -1.305
9298 	 -0.417
9304 	 -0.413
9306 	 -0.409
9334 	 -0.277
9400 	 -0.025
9660 	 -0.009
9904 	 -0.001
12000 	 -2.554
12002 	 -2.49
12004 	 -3.201
12006 	 -3.998
12008 	 -5.331
12010 	 -5.969
12012 	 -6.601
12016 	 -6.798
12020 	 -7.247
12028 	 -7.381
12032 	 -7.189
12040 	 -7.135
12042 	 -7.611
12048 	 -7.408
12054 	 -6.919
12064 	 -7.019
12070 	 -7.173
12074 	 -6.694
12086 	 -6.959
12088 	 -6.347
12100 	 -6.232
12102 	 -6.011
12108 	 -6.065
12120 	 -5.537
12130 	 -5.28
12132 	 -5.6
12140 	 -5.865
12154 	 -7.033
12160 	 -7.12
12162 	 -7.093
12164 	 -6.983
12168 	 -7.298
12178 	 -7.451
12180 	 -7.435
12186 	 -7.48
12190 	 -7.796
12198 	 -7.744
12200 	 -7.824
12206 	 -7.814
12212 	 -8.858
12228 	 -9.003
12230 	 -9.332
12234 	 -10.68
12236 	 -10.264
12248 	 -10.655
12252 	 -9.939
12254 	 -9.737
12256 	 -9.843
12260 	 -9.789
12264 	 -10.198
12272 	 -10.197
12274 	 -8.945
12282 	 -8.759
12286 	 -8.786
12290 	 -8.514
12292 	 -8.477
12296 	 -8.783
12304 	 -8.553
12310 	 -8.566
12312 	 -8.531
12324 	 -8.267
12328 	 -8.318
12332 	 -8.35
12334 	 -8.237
12338 	 -7.985
12344 	 -7.157
12350 	 -7.142
12354 	 -6.976
12358 	 -6.92
12360 	 -5.968
12364 	 -5.923
12372 	 -5.908
12380 	 -5.501
12382 	 -5.434
12384 	 -5.341
12386 	 -5.409
12388 	 -5.405
12392 	 -5.602
12394 	 -5.452
12400 	 -5.423
12404 	 -5.151
12406 	 -5.251
12410 	 -5.279
12412 	 -5.307
12420 	 -5.296
12436 	 -5.684
12438 	 -5.005
12444 	 -5.014
12452 	 -5.241
12460 	 -5.135
12462 	 -5.11
12464 	 -5.189
12466 	 -5.654
12480 	 -5.84
12488 	 -5.806
12490 	 -5.789
12492 	 -5.736
12494 	 -5.668
12496 	 -6.01
12500 	 -5.984
12516 	 -5.934
12520 	 -5.904
12532 	 -5.753
12534 	 -5.768
12536 	 -6.045
12538 	 -6.037
12548 	 -5.892
12550 	 -6.076
12552 	 -5.956
12562 	 -6.251
12564 	 -6.413
12570 	 -6.407
12576 	 -6.387
12578 	 -6.382
12584 	 -5.887
12590 	 -5.846
12604 	 -5.524
12612 	 -5.481
12614 	 -5.477
12622 	 -5.473
12626 	 -5.654
12630 	 -6.291
12632 	 -6.116
12638 	 -6.112
12640 	 -6.052
12644 	 -6.001
12646 	 -5.996
12648 	 -6.216
12650 	 -6.634
12660 	 -6.625
12664 	 -6.503
12666 	 -6.398
12668 	 -6.428
12672 	 -6.416
12694 	 -6.404
12696 	 -6.704
12700 	 -6.649
12702 	 -6.591
12706 	 -6.819
12710 	 -6.815
12714 	 -6.665
12718 	 -6.659
12724 	 -6.622
12730 	 -6.852
12736 	 -6.839
12742 	 -6.835
12754 	 -6.814
12758 	 -6.812
12768 	 -6.891
12770 	 -7.211
12774 	 -7.45
12776 	 -7.44
12786 	 -7.441
12790 	 -7.343
12802 	 -7.321
12804 	 -7.168
12808 	 -7.118
12812 	 -8.093
12816 	 -8.078
12818 	 -8.839
12824 	 -8.953
12828 	 -9.12
12830 	 -9
12840 	 -9.157
12842 	 -9.231
12860 	 -8.962
12872 	 -9.447
12874 	 -9.152
12888 	 -9.149
12894 	 -8.896
12896 	 -9.141
12900 	 -9.256
12904 	 -9.073
12908 	 -8.549
12910 	 -8.646
12920 	 -8.608
12924 	 -8.503
12926 	 -8.429
12930 	 -8.453
12942 	 -8.474
12948 	 -8.225
12950 	 -7.991
12952 	 -7.904
12954 	 -7.849
12956 	 -7.839
12960 	 -7.978
12968 	 -7.923
12972 	 -8.022
12978 	 -7.979
12984 	 -7.841
12988 	 -7.861
12990 	 -7.813
12996 	 -7.81
12998 	 -7.83
13004 	 -7.968
13008 	 -7.954
13012 	 -8.001
13014 	 -8.081
13022 	 -8.218
13028 	 -8.161
13040 	 -8.321
13042 	 -8.372
13044 	 -8.741
13054 	 -8.802
13056 	 -8.622
13064 	 -8.526
13068 	 -8.331
13076 	 -9.364
13078 	 -9.199
13080 	 -8.879
13084 	 -8.857
13090 	 -8.863
13102 	 -8.939
13114 	 -8.927
13116 	 -8.882
13122 	 -8.85
13126 	 -8.716
13130 	 -8.669
13140 	 -7.752
13142 	 -7.703
13144 	 -8.109
13146 	 -8.142
13152 	 -8.135
13156 	 -8.071
13160 	 -8.168
13164 	 -8.076
13172 	 -7.84
13180 	 -8.05
13184 	 -7.939
13186 	 -7.451
13202 	 -7.318
13206 	 -6.865
13210 	 -6.892
13212 	 -6.964
13214 	 -6.422
13238 	 -6.056
13248 	 -5.204
13260 	 -5.246
13266 	 -5.375
13272 	 -5.162
13286 	 -5.299
13290 	 -5.392
13292 	 -5.356
13296 	 -5.452
13302 	 -5.551
13322 	 -5.523
13324 	 -5.613
13340 	 -5.254
13346 	 -5.353
13372 	 -5.305
13374 	 -5.056
13380 	 -5.042
13382 	 -5.027
13388 	 -5.021
13394 	 -5.019
13408 	 -4.995
13414 	 -4.893
13416 	 -4.802
13432 	 -4.685
13434 	 -4.542
13442 	 -4.583
13446 	 -4.578
13452 	 -4.565
13454 	 -4.538
13462 	 -4.537
13466 	 -4.465
13470 	 -4.503
13478 	 -4.476
13482 	 -4.879
13488 	 -4.863
13490 	 -4.853
13498 	 -4.418
13500 	 -4.563
13512 	 -4.55
13514 	 -4.541
13518 	 -4.46
13524 	 -4.402
13526 	 -4.354
13534 	 -4.071
13542 	 -4.069
13544 	 -4.019
13546 	 -3.546
13548 	 -3.579
13550 	 -3.574
13564 	 -3.426
13572 	 -3.252
13578 	 -3.033
13582 	 -2.883
13590 	 -2.824
13592 	 -2.778
13594 	 -2.752
13598 	 -2.706
13600 	 -2.753
13602 	 -2.749
13618 	 -2.557
13620 	 -2.45
13622 	 -2.464
13626 	 -2.523
13654 	 -2.588
13658 	 -2.187
13696 	 -2.149
13706 	 -2.145
13716 	 -2.081
13726 	 -2.08
13744 	 -1.854
13762 	 -1.844
13764 	 -1.761
13782 	 -1.751
13790 	 -1.789
13796 	 -1.912
13810 	 -1.885
13814 	 -1.857
13836 	 -1.844
13844 	 -1.831
13846 	 -1.752
13848 	 -1.772
13854 	 -1.766
13874 	 -1.745
13900 	 -1.737
13902 	 -1.684
13906 	 -1.52
13912 	 -1.514
13924 	 -1.484
13928 	 -1.467
13936 	 -1.553
13970 	 -1.552
13976 	 -1.643
13984 	 -1.711
13986 	 -1.674
14002 	 -1.673
14012 	 -1.663
14026 	 -1.683
14030 	 -1.679
14032 	 -1.601
14070 	 -1.608
14072 	 -1.605
14082 	 -1.64
14108 	 -1.635
14112 	 -1.633
14152 	 -1.676
14186 	 -1.798
14200 	 -1.803
14230 	 -1.883
14236 	 -1.879
14238 	 -1.878
14240 	 -1.887
14276 	 -1.888
14284 	 -1.741
14300 	 -1.578
14306 	 -1.576
14308 	 -1.561
14318 	 -1.538
14326 	 -1.537
14330 	 -1.526
14336 	 -1.453
14346 	 -1.288
14350 	 -1.331
14358 	 -1.309
14368 	 -1.146
14372 	 -1.083
14384 	 -1.993
14390 	 -1.978
14392 	 -1.962
14396 	 -1.947
14410 	 -1.925
14418 	 -1.896
14426 	 -2.295
14430 	 -2.223
14446 	 -2.217
14452 	 -2.211
14502 	 -2.16
14516 	 -2.442
14524 	 -2.431
14538 	 -2.421
14540 	 -2.446
14550 	 -2.359
14562 	 -2.385
14564 	 -2.483
14588 	 -2.433
14592 	 -2.284
14606 	 -2.158
14612 	 -1.944
14636 	 -1.939
14642 	 -1.754
14664 	 -1.779
14666 	 -1.753
14686 	 -1.552
14698 	 -2.059
14700 	 -2.474
14708 	 -2.461
14714 	 -2.826
14716 	 -2.725
14728 	 -3.143
14732 	 -3.284
14740 	 -3.623
14748 	 -3.881
14768 	 -3.659
14782 	 -3.777
14788 	 -3.586
14790 	 -3.543
14802 	 -3.424
14808 	 -3.334
14814 	 -3.285
14824 	 -2.845
14830 	 -1.983
14832 	 -1.936
14836 	 -1.928
14842 	 -2.043
14846 	 -2.111
14854 	 -2.036
14856 	 -1.922
14866 	 -1.99
14868 	 -2.046
14874 	 -1.91
14876 	 -1.836
14896 	 -1.822
14908 	 -1.696
14910 	 -1.741
14926 	 -1.744
14928 	 -1.656
14944 	 -1.548
14962 	 -1.24
14972 	 -1.255
15000 	 -1.783
15020 	 -1.664
15024 	 -1.804
15036 	 -1.805
15050 	 -2.442
15058 	 -2.381
15078 	 -2.834
15098 	 -2.824
15102 	 -2.803
15112 	 -3.072
15150 	 -3.051
15154 	 -3.037
15158 	 -3.129
15162 	 -3.171
15170 	 -3.215
15174 	 -3.169
15186 	 -2.842
15206 	 -2.828
15216 	 -2.917
15232 	 -2.728
15238 	 -2.928
15240 	 -2.9
15250 	 -2.896
15262 	 -2.741
15268 	 -2.568
15276 	 -2.561
15282 	 -2.296
15298 	 -1.95
15306 	 -1.972
15310 	 -2.032
15332 	 -2.185
15336 	 -2.632
15342 	 -2.629
15346 	 -2.577
15352 	 -2.646
15356 	 -2.884
15360 	 -2.881
15372 	 -2.66
15374 	 -2.297
15376 	 -2.097
15380 	 -2.092
15400 	 -1.423
15422 	 -1.108
15446 	 -1.025
15450 	 -1.016
15456 	 -0.753
15458 	 -0.631
15470 	 -0.523
15478 	 -0.444
15486 	 -0.252
15506 	 -0.205
15518 	 -0.173
15558 	 -0.107
15566 	 -0.084
15614 	 -0.07
15660 	 -0.064
15696 	 -0.063
15744 	 -0.052
15838 	 -0.042
15864 	 -0.036
15890 	 -0.035
15904 	 -0.027
15984 	 -0.024
16000 	 -0.022
16002 	 -0.02
16046 	 -0.019
16388 	 -0.013
18000 	 -2.128
18020 	 -2.254
18042 	 -2.798
18064 	 -2.972
18088 	 -2.474
18120 	 -1.992
18154 	 -2.912
18180 	 -2.648
18190 	 -3.374
18234 	 -4.404
18252 	 -4.388
18262 	 -4.014
18270 	 -3.368
18278 	 -3.326
18286 	 -3.232
18296 	 -4.494
18316 	 -4.524
18328 	 -5.012
18336 	 -4.778
18342 	 -4.864
18348 	 -4.47
18360 	 -4.096
18368 	 -3.484
18384 	 -3.512
18402 	 -2.644
18420 	 -1.376
18426 	 -1.2
18434 	 -0.964
18448 	 -0.284
18472 	 -0.224
18552 	 -0.024
18864 	 -0.008
19002 	 0
21000 	 -1.44
21001 	 -1.44
