0 	 0
3000 	 -1.376
3024 	 -1.496
3050 	 -1.88
3062 	 -2.472
3078 	 -3.176
3112 	 -3.62
3158 	 -3.808
3164 	 -3.728
3186 	 -2.828
3198 	 -2.688
3216 	 -1.912
3232 	 -1.736
3238 	 -1.364
3262 	 -0.608
3296 	 -0.264
3400 	 -0.024
3636 	 -0.008
3904 	 0
6000 	 -2.478
6020 	 -2.638
6042 	 -3.286
6064 	 -3.582
6088 	 -3.11
6120 	 -2.686
6138 	 -2.872
6154 	 -3.312
6180 	 -3.048
6190 	 -3.516
6198 	 -3.5
6234 	 -3.9
6284 	 -4.203
6296 	 -4.179
6346 	 -4.159
6360 	 -2.871
6374 	 -2.271
6376 	 -1.719
6424 	 -1.319
6444 	 -0.761
6504 	 -0.637
6506 	 -0.613
6552 	 -0.501
6634 	 -0.359
6704 	 -0.331
6710 	 -0.307
6726 	 -0.295
6728 	 -0.267
6782 	 -0.263
6894 	 -0.165
6990 	 -0.145
6994 	 -0.125
7002 	 -0.093
7272 	 -0.089
7278 	 -0.085
7290 	 -0.073
7324 	 -0.025
9000 	 -1.433
9024 	 -1.537
9050 	 -2.497
9078 	 -3.177
9112 	 -3.761
9158 	 -3.713
9162 	 -3.797
9174 	 -3.705
9186 	 -2.857
9216 	 -3.589
9232 	 -3.413
9238 	 -3.801
9262 	 -1.973
9268 	 -1.305
9298 	 -0.417
9304 	 -0.413
9306 	 -0.409
9334 	 -0.277
9400 	 -0.025
9660 	 -0.009
9904 	 -0.001
12000 	 -2.54
12002 	 -2.421
12004 	 -2.732
12006 	 -3.318
12008 	 -4.557
12010 	 -5.627
12012 	 -6.268
12016 	 -6.597
12018 	 -6.643
12020 	 -7.092
12028 	 -7.226
12032 	 -7.192
12034 	 -7.244
12040 	 -7.219
12042 	 -7.695
12054 	 -7.206
12062 	 -7.398
12064 	 -7.474
12070 	 -7.849
12074 	 -7.37
12086 	 -7.635
12088 	 -7.023
12090 	 -7.065
12100 	 -7.004
12102 	 -6.888
12120 	 -6.354
12130 	 -6.168
12132 	 -6.442
12140 	 -6.707
12154 	 -7.875
12156 	 -7.925
12160 	 -8.283
12164 	 -8.173
12166 	 -8.13
12176 	 -8.082
12178 	 -8.345
12180 	 -8.295
12184 	 -8.249
12186 	 -8.253
12188 	 -8.26
12190 	 -8.576
12198 	 -8.554
12200 	 -8.472
12204 	 -8.437
12210 	 -8.46
12212 	 -9.504
12222 	 -9.397
12228 	 -9.786
12230 	 -9.835
12234 	 -11.183
12236 	 -10.778
12246 	 -11.054
12250 	 -11.028
12252 	 -10.312
12254 	 -10.11
12256 	 -9.985
12260 	 -9.967
12262 	 -10.049
12264 	 -10.019
12266 	 -9.904
12272 	 -9.903
12274 	 -8.651
12276 	 -8.418
12278 	 -8.486
12282 	 -8.3
12284 	 -8.408
12288 	 -8.324
12290 	 -8.052
12296 	 -8.358
12302 	 -8.326
12304 	 -8.282
12308 	 -8.267
12310 	 -8.208
12314 	 -8.223
12320 	 -8.225
12324 	 -7.621
12326 	 -7.575
12328 	 -7.699
12330 	 -7.689
12332 	 -7.721
12334 	 -7.726
12338 	 -7.214
12344 	 -6.418
12350 	 -6.447
12354 	 -6.435
12358 	 -6.509
12360 	 -5.557
12362 	 -5.525
12368 	 -5.603
12376 	 -5.48
12380 	 -5.422
12382 	 -5.414
12386 	 -5.302
12392 	 -5.491
12400 	 -5.614
12404 	 -5.005
12406 	 -5.079
12412 	 -5.116
12418 	 -5.032
12420 	 -5.021
12432 	 -4.769
12436 	 -5.078
12438 	 -4.491
12444 	 -4.448
12452 	 -4.675
12456 	 -4.525
12460 	 -4.442
12462 	 -4.375
12464 	 -4.27
12466 	 -4.735
12480 	 -4.921
12494 	 -4.882
12496 	 -4.846
12500 	 -4.967
12502 	 -4.948
12506 	 -5.134
12508 	 -5.155
12510 	 -5.074
12514 	 -5.583
12516 	 -5.533
12520 	 -5.503
12522 	 -5.588
12528 	 -5.581
12544 	 -5.553
12548 	 -5.505
12550 	 -5.487
12552 	 -5.367
12564 	 -5.535
12568 	 -5.322
12576 	 -5.648
12582 	 -5.474
12590 	 -5.433
12604 	 -5.889
12612 	 -5.833
12614 	 -5.79
12624 	 -5.777
12626 	 -5.958
12630 	 -6.44
12632 	 -6.236
12634 	 -6.224
12638 	 -6.287
12640 	 -6.239
12648 	 -6.325
12650 	 -6.232
12672 	 -6.113
12682 	 -5.969
12692 	 -6.015
12700 	 -6.023
12702 	 -5.914
12704 	 -5.922
12706 	 -6.15
12710 	 -6.146
12714 	 -5.968
12716 	 -5.996
12718 	 -5.941
12730 	 -5.965
12740 	 -5.955
12752 	 -6.006
12758 	 -6.004
12760 	 -6.003
12768 	 -6.045
12770 	 -6.332
12776 	 -6.322
12782 	 -6.938
12784 	 -7.51
12786 	 -7.41
12790 	 -7.402
12792 	 -7.5
12796 	 -7.503
12798 	 -7.864
12802 	 -7.842
12804 	 -7.676
12808 	 -7.641
12812 	 -7.597
12814 	 -7.57
12830 	 -7.32
12836 	 -7.476
12838 	 -7.468
12842 	 -7.479
12846 	 -7.476
12848 	 -7.818
12850 	 -7.58
12852 	 -7.681
12858 	 -7.73
12860 	 -7.872
12866 	 -7.719
12874 	 -7.673
12876 	 -7.661
12880 	 -7.384
12886 	 -7.474
12888 	 -7.52
12896 	 -7.425
12900 	 -7.292
12902 	 -7.289
12906 	 -7.383
12908 	 -6.829
12910 	 -6.493
12912 	 -6.458
12920 	 -6.353
12924 	 -6.318
12936 	 -5.967
12942 	 -5.999
12952 	 -5.849
12954 	 -5.78
12964 	 -5.762
12968 	 -5.816
12970 	 -5.597
12972 	 -5.55
12980 	 -5.273
12986 	 -5.414
12990 	 -5.408
12996 	 -5.411
13000 	 -5.359
13002 	 -5.221
13004 	 -5.147
13006 	 -5.347
13008 	 -5.333
13022 	 -5.89
13024 	 -5.711
13028 	 -5.67
13030 	 -6.025
13038 	 -6.108
13042 	 -6.322
13044 	 -6.679
13046 	 -6.833
13062 	 -6.832
13068 	 -6.713
13070 	 -6.482
13072 	 -6.421
13080 	 -6.101
13082 	 -6.15
13092 	 -6.049
13094 	 -6.073
13102 	 -6.068
13106 	 -5.598
13114 	 -5.598
13122 	 -5.576
13126 	 -5.541
13132 	 -5.477
13138 	 -5.332
13144 	 -5.275
13146 	 -5.25
13150 	 -5.12
13158 	 -5.114
13162 	 -5.089
13164 	 -5.087
13168 	 -4.733
13172 	 -4.723
13174 	 -4.604
13180 	 -4.526
13182 	 -4.513
13184 	 -4.625
13190 	 -4.478
13192 	 -4.548
13204 	 -4.525
13206 	 -4.396
13208 	 -4.395
13214 	 -4.358
13216 	 -4.314
13230 	 -4.377
13242 	 -4.44
13248 	 -3.876
13252 	 -3.884
13258 	 -3.882
13268 	 -3.995
13278 	 -3.944
13288 	 -4.04
13290 	 -4.023
13314 	 -4.045
13318 	 -4.095
13336 	 -4.122
13340 	 -3.728
13342 	 -3.834
13346 	 -3.863
13360 	 -3.923
13364 	 -3.962
13372 	 -4.01
13388 	 -4.004
13390 	 -4.002
13394 	 -3.707
13396 	 -3.187
13408 	 -3.17
13412 	 -3.143
13414 	 -2.951
13418 	 -2.827
13428 	 -2.792
13434 	 -2.734
13436 	 -2.695
13440 	 -2.623
13442 	 -2.438
13444 	 -2.371
13454 	 -2.337
13464 	 -2.273
13478 	 -2.269
13488 	 -2.267
13490 	 -2.257
13494 	 -2.159
13498 	 -2.093
13508 	 -2.047
13514 	 -2.038
13518 	 -1.886
13522 	 -1.876
13540 	 -1.865
13542 	 -1.861
13546 	 -1.612
13564 	 -1.591
13570 	 -1.574
13576 	 -1.528
13592 	 -1.459
13594 	 -1.446
13618 	 -1.432
13626 	 -1.418
13658 	 -1.339
13672 	 -1.332
13684 	 -1.328
13686 	 -1.313
13698 	 -1.284
13718 	 -1.277
13726 	 -1.276
13730 	 -1.268
13734 	 -1.259
13744 	 -0.82
13750 	 -0.818
13762 	 -0.814
13772 	 -0.789
13774 	 -0.781
13814 	 -0.739
13844 	 -0.726
13900 	 -0.718
13902 	 -0.665
13912 	 -0.659
13980 	 -0.656
13984 	 -0.56
14012 	 -0.545
14014 	 -0.544
14016 	 -0.541
14032 	 -0.463
14108 	 -0.458
14142 	 -0.454
14186 	 -0.451
14200 	 -0.391
14216 	 -0.389
14266 	 -0.387
14280 	 -0.386
14318 	 -0.384
14326 	 -0.383
14348 	 -0.379
14426 	 -0.228
14730 	 -0.227
15000 	 -1.414
15024 	 -1.544
15050 	 -2.199
15078 	 -2.647
15112 	 -2.893
15158 	 -3.047
15162 	 -3.088
15174 	 -3.04
15186 	 -2.685
15216 	 -2.876
15232 	 -2.7
15238 	 -2.828
15250 	 -2.822
15262 	 -2.685
15268 	 -2.513
15282 	 -2.249
15298 	 -1.903
15308 	 -1.922
15310 	 -1.985
15334 	 -2.13
15336 	 -2.577
15342 	 -2.574
15346 	 -2.522
15354 	 -2.621
15356 	 -2.876
15360 	 -2.873
15372 	 -2.696
15374 	 -2.126
15400 	 -1.415
15422 	 -1.089
15456 	 -0.696
15460 	 -0.557
15486 	 -0.27
15490 	 -0.183
15558 	 -0.078
15574 	 -0.049
15660 	 -0.043
15864 	 -0.031
15904 	 -0.023
15916 	 -0.02
16000 	 -0.017
16388 	 -0.011
18000 	 -2.128
18020 	 -2.254
18042 	 -2.798
18064 	 -2.972
18088 	 -2.474
18120 	 -1.992
18154 	 -2.912
18180 	 -2.648
18190 	 -3.374
18234 	 -4.404
18252 	 -4.388
18262 	 -4.015
18270 	 -3.369
18278 	 -3.327
18286 	 -3.233
18296 	 -4.494
18316 	 -4.524
18328 	 -5.012
18336 	 -4.778
18342 	 -4.864
18348 	 -4.47
18360 	 -4.096
18368 	 -3.484
18384 	 -3.512
18402 	 -2.644
18420 	 -1.376
18426 	 -1.2
18434 	 -0.964
18448 	 -0.284
18472 	 -0.224
18552 	 -0.024
18864 	 -0.008
19002 	 0
21000 	 -1.44
21001 	 -1.44
