0 	 0
3000 	 -1.376
3024 	 -1.496
3050 	 -1.88
3062 	 -2.472
3078 	 -3.176
3112 	 -3.62
3158 	 -3.808
3164 	 -3.728
3186 	 -2.828
3198 	 -2.688
3216 	 -1.912
3232 	 -1.736
3238 	 -1.364
3262 	 -0.608
3296 	 -0.264
3400 	 -0.024
3636 	 -0.008
3904 	 0
6000 	 -2.478
6020 	 -2.638
6042 	 -3.286
6064 	 -3.582
6088 	 -3.11
6120 	 -2.686
6138 	 -2.872
6154 	 -3.312
6180 	 -3.048
6190 	 -3.516
6198 	 -3.5
6234 	 -3.9
6284 	 -4.203
6296 	 -4.179
6346 	 -4.159
6360 	 -2.871
6374 	 -2.271
6376 	 -1.719
6424 	 -1.319
6444 	 -0.761
6504 	 -0.637
6506 	 -0.613
6552 	 -0.501
6634 	 -0.359
6704 	 -0.331
6710 	 -0.307
6726 	 -0.295
6728 	 -0.267
6782 	 -0.263
6894 	 -0.165
6990 	 -0.145
6994 	 -0.125
7002 	 -0.093
7272 	 -0.089
7278 	 -0.085
7290 	 -0.073
7324 	 -0.025
9000 	 -1.433
9024 	 -1.537
9050 	 -2.497
9078 	 -3.177
9112 	 -3.761
9158 	 -3.713
9162 	 -3.797
9174 	 -3.705
9186 	 -2.857
9216 	 -3.589
9232 	 -3.413
9238 	 -3.801
9262 	 -1.973
9268 	 -1.305
9298 	 -0.417
9304 	 -0.413
9306 	 -0.409
9334 	 -0.277
9400 	 -0.025
9660 	 -0.009
9904 	 -0.001
12000 	 -2.54
12002 	 -2.421
12004 	 -2.692
12006 	 -3.278
12008 	 -4.106
12010 	 -5.176
12012 	 -5.602
12016 	 -5.931
12018 	 -5.977
12020 	 -6.313
12028 	 -6.447
12032 	 -6.413
12034 	 -6.472
12040 	 -6.349
12042 	 -6.825
12054 	 -6.336
12062 	 -6.554
12064 	 -6.63
12070 	 -6.814
12074 	 -6.335
12086 	 -6.6
12088 	 -5.988
12090 	 -6.078
12100 	 -6.061
12102 	 -5.945
12120 	 -5.325
12130 	 -5.119
12132 	 -5.439
12140 	 -5.704
12154 	 -6.872
12156 	 -6.902
12160 	 -7.26
12164 	 -7.15
12166 	 -7.234
12176 	 -7.285
12178 	 -7.349
12180 	 -7.265
12186 	 -7.415
12190 	 -7.731
12198 	 -7.709
12200 	 -7.95
12204 	 -7.919
12210 	 -8.04
12212 	 -9.084
12222 	 -8.977
12228 	 -9.122
12230 	 -9.306
12234 	 -10.654
12236 	 -10.404
12244 	 -10.644
12246 	 -10.798
12252 	 -10.151
12254 	 -10.05
12256 	 -10.005
12260 	 -9.987
12264 	 -9.919
12270 	 -10.061
12272 	 -10.06
12274 	 -8.808
12276 	 -9.042
12280 	 -8.859
12282 	 -8.702
12290 	 -8.43
12296 	 -8.736
12304 	 -8.689
12308 	 -8.674
12310 	 -8.839
12314 	 -8.508
12322 	 -8.428
12324 	 -7.824
12328 	 -8.087
12330 	 -8.018
12332 	 -8.05
12334 	 -7.987
12338 	 -7.735
12340 	 -7.615
12344 	 -6.661
12346 	 -6.796
12350 	 -6.768
12354 	 -6.756
12356 	 -6.616
12358 	 -6.474
12360 	 -5.522
12362 	 -5.419
12374 	 -5.558
12376 	 -5.457
12380 	 -4.911
12382 	 -4.903
12386 	 -4.831
12392 	 -4.712
12398 	 -4.675
12404 	 -4.325
12406 	 -4.399
12412 	 -4.61
12420 	 -4.599
12432 	 -5.323
12436 	 -5.83
12438 	 -5.029
12444 	 -4.978
12448 	 -4.821
12452 	 -5.048
12454 	 -5.123
12456 	 -5.003
12460 	 -4.92
12462 	 -4.834
12464 	 -4.785
12466 	 -5.181
12476 	 -5.165
12480 	 -5.351
12494 	 -5.312
12496 	 -5.349
12498 	 -5.358
12500 	 -5.363
12502 	 -5.344
12510 	 -5.377
12516 	 -5.327
12520 	 -5.297
12528 	 -5.708
12540 	 -5.742
12546 	 -5.715
12550 	 -5.912
12552 	 -5.93
12560 	 -6.052
12564 	 -6.22
12576 	 -6.216
12578 	 -6.197
12580 	 -6.064
12588 	 -6.063
12590 	 -6.022
12600 	 -5.793
12604 	 -5.849
12614 	 -5.784
12622 	 -5.696
12624 	 -5.683
12626 	 -5.864
12630 	 -6.358
12638 	 -6.354
12640 	 -6.399
12644 	 -6.369
12654 	 -6.204
12660 	 -6.324
12670 	 -6.525
12672 	 -6.495
12676 	 -6.342
12682 	 -6.489
12694 	 -6.445
12700 	 -6.433
12706 	 -6.656
12710 	 -6.652
12714 	 -6.502
12724 	 -6.522
12734 	 -6.467
12736 	 -6.496
12740 	 -6.492
12754 	 -6.715
12758 	 -6.713
12766 	 -6.79
12768 	 -6.832
12770 	 -7.088
12774 	 -7.059
12776 	 -7.016
12786 	 -7.395
12792 	 -7.311
12800 	 -7.605
12802 	 -7.583
12804 	 -7.429
12806 	 -7.369
12814 	 -8.198
12818 	 -8.193
12820 	 -8.458
12826 	 -8.422
12830 	 -8.489
12832 	 -8.386
12842 	 -8.378
12844 	 -8.663
12848 	 -8.577
12850 	 -8.824
12858 	 -8.864
12866 	 -8.577
12868 	 -9.047
12874 	 -9.001
12878 	 -8.738
12880 	 -8.965
12884 	 -9.018
12896 	 -9.185
12900 	 -9.128
12908 	 -8.902
12920 	 -8.812
12924 	 -8.945
12934 	 -8.137
12940 	 -8.2
12942 	 -8.232
12952 	 -8.196
12954 	 -8.127
12958 	 -8.258
12964 	 -8.355
12968 	 -8.33
12970 	 -8.192
12972 	 -8.237
12974 	 -8.147
12982 	 -8.146
12986 	 -8.15
12990 	 -8.147
12994 	 -8.131
12996 	 -8.144
13000 	 -8.156
13004 	 -8.082
13008 	 -8.068
13012 	 -7.771
13028 	 -7.489
13042 	 -8.117
13044 	 -8.465
13052 	 -8.498
13056 	 -8.528
13058 	 -8.322
13062 	 -8.161
13064 	 -8.222
13066 	 -8.4
13068 	 -8.281
13080 	 -7.879
13082 	 -8.041
13084 	 -7.969
13092 	 -8
13094 	 -7.941
13098 	 -7.846
13100 	 -7.765
13102 	 -8.178
13104 	 -8.239
13114 	 -8.218
13116 	 -7.581
13120 	 -7.699
13124 	 -7.664
13128 	 -7.671
13130 	 -7.726
13132 	 -7.604
13140 	 -7.644
13146 	 -7.67
13150 	 -7.668
13164 	 -7.269
13174 	 -6.92
13182 	 -6.919
13186 	 -6.805
13192 	 -6.804
13206 	 -6.864
13214 	 -6.959
13216 	 -7.203
13222 	 -7.1
13240 	 -7.024
13246 	 -7.03
13248 	 -6.513
13254 	 -6.521
13258 	 -6.519
13272 	 -6.643
13280 	 -6.745
13290 	 -6.728
13294 	 -6.587
13304 	 -7.033
13312 	 -7.064
13322 	 -7.035
13326 	 -7.163
13334 	 -7.257
13340 	 -6.856
13344 	 -6.939
13346 	 -6.608
13352 	 -6.658
13356 	 -6.713
13358 	 -7.026
13362 	 -6.997
13364 	 -7.042
13372 	 -7.03
13374 	 -7.022
13378 	 -7.026
13382 	 -7.092
13384 	 -7.021
13388 	 -7.015
13394 	 -7.012
13396 	 -7.092
13404 	 -7.088
13408 	 -6.608
13414 	 -6.528
13428 	 -6.445
13432 	 -6.413
13438 	 -6.186
13442 	 -6.044
13452 	 -6.337
13454 	 -6.336
13456 	 -6.284
13472 	 -6.269
13480 	 -6.18
13482 	 -6.093
13486 	 -6.39
13490 	 -6.38
13504 	 -6.327
13514 	 -6.318
13516 	 -6.339
13530 	 -6.392
13542 	 -6.388
13546 	 -6.375
13556 	 -6.5
13566 	 -6.532
13584 	 -6.401
13586 	 -6.213
13590 	 -6.184
13592 	 -6.115
13594 	 -6.107
13600 	 -6.14
13612 	 -6.124
13614 	 -6.092
13616 	 -6.088
13617 	 -6.448
13618 	 -6.398
13626 	 -6.501
13628 	 -6.514
13636 	 -6.404
13646 	 -6.294
13658 	 -6.065
13664 	 -5.755
13666 	 -5.709
13667 	 -6.387
13672 	 -6.378
13676 	 -6.476
13682 	 -6.437
13684 	 -6.835
13690 	 -6.874
13698 	 -6.727
13710 	 -6.713
13712 	 -6.731
13714 	 -6.709
13716 	 -6.664
13726 	 -6.663
13728 	 -6.171
13736 	 -5.927
13738 	 -5.944
13744 	 -5.058
13750 	 -4.473
13760 	 -4.159
13766 	 -4.111
13770 	 -4.109
13774 	 -3.733
13784 	 -3.699
13786 	 -3.693
13792 	 -3.477
13800 	 -3.492
13806 	 -3.447
13808 	 -3.342
13810 	 -3.449
13814 	 -3.407
13816 	 -3.279
13818 	 -3.179
13834 	 -2.981
13836 	 -2.963
13838 	 -2.916
13844 	 -2.903
13862 	 -2.913
13870 	 -3.608
13872 	 -3.584
13880 	 -3.716
13882 	 -3.621
13886 	 -3.653
13896 	 -3.593
13898 	 -3.592
13900 	 -3.584
13902 	 -3.531
13912 	 -3.525
13914 	 -3.583
13916 	 -3.561
13924 	 -3.644
13930 	 -3.66
13932 	 -3.659
13942 	 -3.584
13948 	 -3.328
13950 	 -3.419
13954 	 -3.595
13956 	 -3.34
13968 	 -3.338
13978 	 -3.318
13984 	 -2.301
13992 	 -2.299
13998 	 -2.298
14002 	 -2.292
14006 	 -2.125
14012 	 -2.086
14014 	 -2.108
14016 	 -1.774
14026 	 -1.689
14032 	 -1.611
14056 	 -1.445
14064 	 -1.597
14068 	 -1.592
14078 	 -1.533
14082 	 -1.52
14102 	 -1.627
14108 	 -1.622
14116 	 -1.444
14122 	 -1.443
14130 	 -1.423
14138 	 -1.34
14148 	 -1.139
14154 	 -1.125
14156 	 -1.107
14166 	 -1.109
14184 	 -1.016
14188 	 -1.006
14192 	 -1.002
14194 	 -0.881
14200 	 -0.825
14202 	 -0.824
14204 	 -0.696
14236 	 -0.684
14238 	 -0.623
14242 	 -0.598
14248 	 -0.595
14258 	 -0.569
14260 	 -0.558
14264 	 -0.548
14266 	 -0.547
14294 	 -0.518
14310 	 -0.51
14312 	 -0.506
14318 	 -0.504
14326 	 -0.503
14356 	 -0.497
14364 	 -0.495
14382 	 -0.467
14398 	 -0.437
14426 	 -0.286
14432 	 -0.282
14450 	 -0.281
14462 	 -0.28
14488 	 -0.279
14496 	 -0.273
14524 	 -0.272
14612 	 -0.271
15000 	 -1.416
15024 	 -1.546
15050 	 -2.345
15078 	 -2.916
15112 	 -3.347
15158 	 -3.305
15162 	 -3.368
15174 	 -3.297
15186 	 -2.582
15216 	 -3.123
15232 	 -2.947
15238 	 -3.176
15250 	 -3.17
15262 	 -1.925
15268 	 -1.667
15282 	 -1.27
15298 	 -0.751
15310 	 -0.772
15336 	 -0.921
15342 	 -0.918
15346 	 -0.84
15356 	 -0.925
15360 	 -0.922
15374 	 -0.732
15400 	 -0.386
15422 	 -0.306
15456 	 -0.175
15486 	 -0.078
15558 	 -0.043
15660 	 -0.034
15864 	 -0.03
15904 	 -0.022
16000 	 -0.019
16384 	 -0.018
16388 	 -0.012
18000 	 -2.128
18020 	 -2.236
18042 	 -2.716
18064 	 -2.813
18088 	 -2.218
18120 	 -1.597
18154 	 -2.616
18180 	 -2.352
18190 	 -2.87
18234 	 -4.036
18252 	 -4.012
18262 	 -3.919
18270 	 -2.95
18278 	 -2.887
18286 	 -2.746
18296 	 -2.923
18316 	 -2.968
18328 	 -3.09
18336 	 -2.739
18342 	 -2.718
18348 	 -2.127
18360 	 -1.303
18368 	 -1.15
18384 	 -1.157
18402 	 -0.75
18420 	 -0.433
18426 	 -0.389
18434 	 -0.33
18448 	 -0.16
18472 	 -0.145
18552 	 -0.016
18864 	 -0.012
19002 	 0
21000 	 -1.44
21001 	 -1.44
