0 	 0
3000 	 -1.376
3024 	 -1.496
3050 	 -1.88
3062 	 -2.472
3078 	 -3.176
3112 	 -3.62
3158 	 -3.808
3164 	 -3.728
3186 	 -2.828
3198 	 -2.688
3216 	 -1.912
3232 	 -1.736
3238 	 -1.364
3262 	 -0.608
3296 	 -0.264
3400 	 -0.024
3636 	 -0.008
3904 	 0
6000 	 -2.478
6020 	 -2.638
6042 	 -3.286
6064 	 -3.582
6088 	 -3.11
6120 	 -2.686
6138 	 -2.872
6154 	 -3.312
6180 	 -3.048
6190 	 -3.516
6198 	 -3.5
6234 	 -3.9
6284 	 -4.203
6296 	 -4.179
6346 	 -4.159
6360 	 -2.871
6374 	 -2.271
6376 	 -1.719
6424 	 -1.319
6444 	 -0.761
6504 	 -0.637
6506 	 -0.613
6552 	 -0.501
6634 	 -0.359
6704 	 -0.331
6710 	 -0.307
6726 	 -0.295
6728 	 -0.267
6782 	 -0.263
6894 	 -0.165
6990 	 -0.145
6994 	 -0.125
7002 	 -0.093
7272 	 -0.089
7278 	 -0.085
7290 	 -0.073
7324 	 -0.025
9000 	 -1.433
9024 	 -1.537
9050 	 -2.497
9078 	 -3.177
9112 	 -3.761
9158 	 -3.713
9162 	 -3.797
9174 	 -3.705
9186 	 -2.857
9216 	 -3.589
9232 	 -3.413
9238 	 -3.801
9262 	 -1.973
9268 	 -1.305
9298 	 -0.417
9304 	 -0.413
9306 	 -0.409
9334 	 -0.277
9400 	 -0.025
9660 	 -0.009
9904 	 -0.001
12000 	 -2.54
12002 	 -2.421
12004 	 -2.692
12006 	 -3.278
12008 	 -4.106
12010 	 -5.176
12012 	 -5.602
12016 	 -5.931
12018 	 -5.977
12020 	 -6.313
12028 	 -6.447
12032 	 -6.413
12034 	 -6.465
12040 	 -6.352
12042 	 -6.828
12054 	 -6.339
12062 	 -6.531
12064 	 -6.607
12070 	 -6.798
12074 	 -6.319
12086 	 -6.584
12088 	 -5.972
12090 	 -6.014
12100 	 -5.97
12102 	 -5.854
12120 	 -5.32
12130 	 -5.34
12132 	 -5.614
12140 	 -5.879
12154 	 -7.047
12156 	 -7.095
12164 	 -6.985
12166 	 -6.942
12176 	 -6.894
12178 	 -6.965
12180 	 -6.915
12184 	 -6.869
12186 	 -6.879
12188 	 -6.886
12190 	 -7.202
12200 	 -7.022
12210 	 -7.042
12212 	 -8.086
12222 	 -7.979
12228 	 -8.329
12230 	 -8.264
12234 	 -9.612
12236 	 -9.229
12248 	 -9.336
12250 	 -9.336
12252 	 -8.62
12254 	 -8.519
12260 	 -8.501
12264 	 -8.471
12266 	 -8.356
12272 	 -8.355
12274 	 -7.103
12278 	 -7.181
12282 	 -7.024
12288 	 -6.94
12290 	 -6.668
12296 	 -6.974
12302 	 -6.925
12304 	 -6.881
12308 	 -7.01
12310 	 -6.988
12320 	 -6.99
12324 	 -6.386
12328 	 -6.667
12330 	 -6.657
12332 	 -6.689
12338 	 -6.451
12344 	 -5.655
12346 	 -5.378
12350 	 -5.359
12354 	 -5.347
12360 	 -4.395
12372 	 -4.375
12376 	 -4.342
12382 	 -4.334
12386 	 -4.206
12388 	 -4.333
12404 	 -4.061
12406 	 -4.135
12412 	 -4.127
12420 	 -4.116
12432 	 -3.729
12436 	 -4.041
12438 	 -3.814
12444 	 -3.77
12452 	 -3.997
12456 	 -3.791
12460 	 -3.708
12462 	 -3.645
12464 	 -3.522
12466 	 -3.987
12480 	 -4.173
12494 	 -4.134
12496 	 -4.111
12500 	 -4.184
12502 	 -4.165
12510 	 -4.015
12512 	 -3.948
12516 	 -3.898
12520 	 -3.868
12526 	 -4.308
12538 	 -4.58
12552 	 -4.46
12558 	 -4.583
12564 	 -4.751
12572 	 -4.715
12578 	 -4.531
12590 	 -4.49
12600 	 -4.424
12604 	 -4.419
12614 	 -4.396
12620 	 -4.187
12626 	 -4.368
12630 	 -4.839
12638 	 -4.835
12640 	 -4.904
12672 	 -4.969
12700 	 -4.942
12702 	 -5.006
12704 	 -4.835
12706 	 -5.063
12710 	 -5.059
12714 	 -4.916
12744 	 -5.108
12756 	 -5.053
12758 	 -5.051
12760 	 -5.021
12766 	 -4.996
12768 	 -5.037
12770 	 -5.27
12784 	 -5.332
12786 	 -5.232
12790 	 -5.22
12792 	 -5.669
12798 	 -6.149
12800 	 -6.133
12802 	 -6.111
12804 	 -6.217
12810 	 -6.646
12820 	 -6.78
12822 	 -6.73
12826 	 -6.778
12842 	 -6.639
12846 	 -6.567
12852 	 -6.736
12856 	 -7.083
12860 	 -6.825
12864 	 -7.226
12866 	 -7.774
12874 	 -7.587
12880 	 -7.46
12886 	 -7.599
12888 	 -7.611
12896 	 -7.516
12908 	 -6.793
12912 	 -6.93
12920 	 -6.84
12924 	 -6.805
12930 	 -6.494
12932 	 -6.475
12938 	 -6.454
12942 	 -6.486
12952 	 -6.402
12954 	 -6.216
12956 	 -6.388
12960 	 -6.725
12962 	 -6.738
12966 	 -6.734
12970 	 -6.729
12972 	 -6.573
12990 	 -6.57
12992 	 -7.078
12994 	 -7.071
12996 	 -7.066
12998 	 -7.231
13000 	 -7.365
13002 	 -7.385
13004 	 -7.311
13008 	 -7.297
13012 	 -7.237
13014 	 -7.272
13028 	 -7.231
13030 	 -7.342
13032 	 -7.965
13044 	 -7.507
13046 	 -7.675
13054 	 -7.62
13060 	 -7.477
13062 	 -7.476
13066 	 -7.636
13068 	 -7.492
13070 	 -7.409
13072 	 -7.324
13078 	 -7.247
13080 	 -7.037
13084 	 -6.943
13086 	 -7.076
13088 	 -7.116
13090 	 -6.988
13092 	 -6.978
13094 	 -7.033
13098 	 -7.114
13102 	 -7.109
13108 	 -7.105
13110 	 -7.252
13112 	 -7.383
13114 	 -7.099
13120 	 -7.14
13122 	 -7.183
13124 	 -7.241
13126 	 -7.107
13138 	 -7.101
13142 	 -7.146
13144 	 -7.194
13152 	 -7.22
13158 	 -6.482
13174 	 -6.458
13182 	 -6.212
13184 	 -6.076
13186 	 -5.991
13190 	 -5.646
13198 	 -5.533
13200 	 -5.617
13202 	 -5.591
13206 	 -5.829
13214 	 -5.792
13224 	 -5.749
13248 	 -5.335
13252 	 -5.331
13254 	 -6.039
13258 	 -5.963
13260 	 -5.947
13266 	 -5.862
13276 	 -5.828
13278 	 -5.812
13280 	 -5.798
13288 	 -5.846
13290 	 -5.829
13292 	 -5.875
13302 	 -5.938
13314 	 -6.031
13316 	 -6.155
13318 	 -6.275
13320 	 -6.235
13332 	 -6.084
13340 	 -5.69
13342 	 -5.643
13346 	 -5.976
13352 	 -5.947
13356 	 -6.043
13360 	 -5.933
13368 	 -6.072
13370 	 -6.102
13372 	 -6.09
13374 	 -6.155
13382 	 -6.164
13388 	 -6.158
13394 	 -6.156
13408 	 -5.746
13414 	 -5.608
13432 	 -5.443
13440 	 -5.433
13442 	 -5.818
13450 	 -5.817
13452 	 -5.814
13460 	 -5.853
13476 	 -6.06
13478 	 -6.094
13484 	 -6.587
13486 	 -6.375
13488 	 -6.244
13490 	 -6.234
13492 	 -6.148
13510 	 -5.987
13514 	 -5.978
13530 	 -6.003
13532 	 -6.077
13534 	 -6.065
13542 	 -6.097
13546 	 -4.945
13552 	 -5.016
13556 	 -5.028
13558 	 -4.994
13560 	 -5.043
13562 	 -5.004
13564 	 -4.842
13570 	 -4.807
13572 	 -4.935
13576 	 -4.976
13580 	 -5.039
13590 	 -5.155
13592 	 -5.191
13596 	 -5.214
13598 	 -5.258
13602 	 -5.34
13618 	 -5.326
13620 	 -5.263
13624 	 -5.236
13640 	 -5.284
13644 	 -5.291
13648 	 -5.29
13658 	 -5.044
13672 	 -5.032
13674 	 -5.023
13676 	 -5.076
13680 	 -5.24
13682 	 -5.424
13690 	 -5.372
13692 	 -5.268
13704 	 -5.108
13712 	 -4.958
13722 	 -5.071
13726 	 -5.124
13740 	 -5.064
13744 	 -4.93
13756 	 -4.772
13766 	 -4.792
13770 	 -4.779
13778 	 -4.715
13790 	 -4.545
13792 	 -4.536
13794 	 -4.521
13796 	 -4.508
13806 	 -4.537
13812 	 -4.533
13814 	 -4.505
13816 	 -4.46
13822 	 -4.442
13824 	 -4.441
13830 	 -4.363
13844 	 -4.011
13846 	 -3.658
13848 	 -3.573
13856 	 -3.52
13866 	 -3.442
13872 	 -3.38
13874 	 -3.345
13876 	 -3.274
13882 	 -3.209
13884 	 -3.192
13900 	 -3.184
13902 	 -3.131
13908 	 -2.894
13912 	 -2.888
13922 	 -2.545
13962 	 -2.508
13968 	 -2.424
13978 	 -2.365
13984 	 -2.266
13992 	 -2.278
14002 	 -2.275
14012 	 -2.265
14018 	 -2.221
14022 	 -2.129
14032 	 -2.051
14038 	 -1.958
14052 	 -1.868
14064 	 -1.875
14070 	 -1.865
14072 	 -1.849
14084 	 -1.771
14106 	 -1.659
14108 	 -1.621
14120 	 -1.613
14132 	 -1.588
14138 	 -1.637
14170 	 -1.58
14180 	 -1.544
14200 	 -1.61
14216 	 -1.683
14254 	 -1.71
14260 	 -1.709
14268 	 -1.818
14270 	 -1.662
14294 	 -1.663
14308 	 -1.653
14314 	 -1.618
14318 	 -1.589
14320 	 -1.574
14326 	 -1.573
14328 	 -1.933
14334 	 -1.759
14346 	 -1.755
14356 	 -2.148
14360 	 -2.094
14368 	 -2.257
14370 	 -2.719
14372 	 -2.825
14378 	 -2.81
14382 	 -2.793
14408 	 -2.765
14420 	 -2.693
14426 	 -3.337
14434 	 -3.329
14448 	 -3.685
14450 	 -3.981
14472 	 -3.979
14478 	 -3.707
14486 	 -3.615
14488 	 -3.437
14492 	 -3.204
14500 	 -3.17
14508 	 -3.169
14510 	 -2.983
14512 	 -3.272
14514 	 -3.093
14516 	 -2.955
14522 	 -2.953
14530 	 -3.154
14542 	 -3.065
14544 	 -2.602
14552 	 -3.083
14566 	 -3.105
14574 	 -3.284
14576 	 -3.574
14578 	 -3.743
14584 	 -3.718
14588 	 -3.835
14596 	 -4.252
14606 	 -4.393
14608 	 -4.205
14622 	 -3.896
14632 	 -3.908
14636 	 -3.628
14640 	 -3.892
14644 	 -3.591
14646 	 -3.589
14648 	 -3.637
14650 	 -3.837
14654 	 -3.554
14658 	 -3.562
14662 	 -3.465
14674 	 -3.849
14676 	 -3.825
14682 	 -3.705
14684 	 -3.737
14700 	 -2.75
14706 	 -3.015
14708 	 -2.959
14712 	 -2.778
14714 	 -2.613
14716 	 -2.421
14720 	 -2.761
14724 	 -2.775
14732 	 -2.584
14736 	 -2.562
14740 	 -2.714
14750 	 -2.685
14760 	 -2.631
14764 	 -2.651
14766 	 -2.561
14770 	 -2.33
14774 	 -2.304
14776 	 -2.224
14786 	 -2.034
14794 	 -2.035
14802 	 -2.108
14804 	 -2.039
14820 	 -1.864
14822 	 -1.898
14842 	 -1.76
14844 	 -1.699
14846 	 -1.703
14848 	 -1.713
14850 	 -1.643
14852 	 -1.616
14862 	 -1.619
14872 	 -1.599
14874 	 -1.426
14880 	 -1.406
14892 	 -1.284
14898 	 -1.16
14906 	 -1.058
14914 	 -0.926
14920 	 -0.784
15000 	 -1.569
15024 	 -1.699
15050 	 -2.639
15078 	 -3.335
15112 	 -3.977
15158 	 -4.119
15162 	 -4.203
15174 	 -4.108
15176 	 -4.093
15186 	 -3.396
15200 	 -3.39
15208 	 -3.368
15216 	 -4.298
15232 	 -4.122
15238 	 -4.414
15250 	 -4.41
15262 	 -3.303
15264 	 -3.292
15268 	 -2.946
15282 	 -2.415
15298 	 -1.723
15308 	 -1.758
15310 	 -1.778
15334 	 -2.076
15336 	 -2.224
15342 	 -2.221
15346 	 -2.117
15354 	 -2.286
15356 	 -2.372
15360 	 -2.369
15372 	 -1.99
15374 	 -1.786
15378 	 -1.769
15382 	 -1.741
15384 	 -1.731
15400 	 -1.108
15422 	 -0.868
15450 	 -0.741
15456 	 -0.74
15458 	 -0.606
15460 	 -0.464
15478 	 -0.369
15486 	 -0.362
15488 	 -0.277
15490 	 -0.199
15514 	 -0.153
15566 	 -0.122
15574 	 -0.095
15590 	 -0.079
15660 	 -0.067
15678 	 -0.066
15818 	 -0.062
15890 	 -0.059
15900 	 -0.039
15904 	 -0.031
15916 	 -0.03
15964 	 -0.029
15972 	 -0.027
16000 	 -0.025
16388 	 -0.019
16458 	 -0.017
16512 	 -0.016
18000 	 -2.129
18020 	 -2.264
18042 	 -2.84
18064 	 -3.06
18088 	 -2.568
18120 	 -2.038
18154 	 -3.561
18180 	 -3.297
18190 	 -4.282
18234 	 -6.079
18252 	 -6.047
18262 	 -5.766
18270 	 -4.474
18278 	 -4.39
18286 	 -4.202
18296 	 -5.083
18316 	 -5.143
18328 	 -5.509
18336 	 -5.041
18342 	 -5.063
18348 	 -4.275
18360 	 -3.336
18368 	 -2.877
18384 	 -2.898
18402 	 -2.057
18420 	 -1.106
18426 	 -0.974
18434 	 -0.797
18448 	 -0.287
18472 	 -0.242
18552 	 -0.029
18864 	 -0.017
19002 	 -0.001
21000 	 -1.441
21001 	 -1.441
