0 	 0
3000 	 -1.376
3024 	 -1.496
3050 	 -1.88
3062 	 -2.472
3078 	 -3.176
3112 	 -3.62
3158 	 -3.808
3164 	 -3.728
3186 	 -2.828
3198 	 -2.688
3216 	 -1.912
3232 	 -1.736
3238 	 -1.364
3262 	 -0.608
3296 	 -0.264
3400 	 -0.024
3636 	 -0.008
3904 	 0
6000 	 -2.478
6020 	 -2.638
6042 	 -3.286
6064 	 -3.582
6088 	 -3.11
6120 	 -2.686
6138 	 -2.872
6154 	 -3.312
6180 	 -3.048
6190 	 -3.516
6198 	 -3.5
6234 	 -3.9
6284 	 -4.203
6296 	 -4.179
6346 	 -4.159
6360 	 -2.871
6374 	 -2.271
6376 	 -1.719
6424 	 -1.319
6444 	 -0.761
6504 	 -0.637
6506 	 -0.613
6552 	 -0.501
6634 	 -0.359
6704 	 -0.331
6710 	 -0.307
6726 	 -0.295
6728 	 -0.267
6782 	 -0.263
6894 	 -0.165
6990 	 -0.145
6994 	 -0.125
7002 	 -0.093
7272 	 -0.089
7278 	 -0.085
7290 	 -0.073
7324 	 -0.025
9000 	 -1.433
9024 	 -1.537
9050 	 -2.497
9078 	 -3.177
9112 	 -3.761
9158 	 -3.713
9162 	 -3.797
9174 	 -3.705
9186 	 -2.857
9216 	 -3.589
9232 	 -3.413
9238 	 -3.801
9262 	 -1.973
9268 	 -1.305
9298 	 -0.417
9304 	 -0.413
9306 	 -0.409
9334 	 -0.277
9400 	 -0.025
9660 	 -0.009
9904 	 -0.001
12000 	 -2.554
12002 	 -2.49
12004 	 -3.163
12006 	 -3.96
12008 	 -4.898
12010 	 -5.536
12012 	 -5.955
12016 	 -6.152
12020 	 -6.485
12028 	 -6.619
12032 	 -6.427
12040 	 -6.285
12042 	 -6.761
12048 	 -6.558
12054 	 -6.069
12064 	 -6.169
12070 	 -6.14
12074 	 -5.661
12088 	 -5.049
12100 	 -5.094
12102 	 -4.873
12108 	 -4.927
12120 	 -4.399
12130 	 -4.188
12140 	 -4.453
12154 	 -5.489
12160 	 -5.576
12162 	 -5.549
12164 	 -5.439
12168 	 -5.754
12178 	 -5.776
12180 	 -5.743
12182 	 -6.209
12186 	 -6.203
12190 	 -6.519
12198 	 -6.467
12200 	 -6.469
12208 	 -6.861
12212 	 -7.905
12228 	 -8.05
12230 	 -8.137
12234 	 -9.485
12248 	 -9.834
12252 	 -9.118
12254 	 -9.017
12260 	 -9.111
12266 	 -9.528
12274 	 -8.276
12276 	 -8.423
12282 	 -8.266
12290 	 -7.994
12292 	 -7.863
12296 	 -8.026
12304 	 -7.982
12322 	 -7.973
12324 	 -7.369
12332 	 -7.401
12334 	 -7.608
12338 	 -7.356
12344 	 -6.528
12350 	 -6.509
12354 	 -6.389
12360 	 -5.437
12364 	 -5.434
12380 	 -5.484
12382 	 -5.476
12386 	 -5.242
12388 	 -5.238
12398 	 -5.354
12400 	 -5.325
12404 	 -5.026
12406 	 -4.996
12410 	 -4.891
12412 	 -4.835
12418 	 -4.832
12420 	 -4.821
12436 	 -5.192
12437 	 -5.412
12438 	 -5.123
12440 	 -5.265
12452 	 -5.614
12460 	 -5.531
12466 	 -6.253
12470 	 -6.233
12472 	 -6.16
12476 	 -6.362
12480 	 -6.404
12488 	 -6.37
12490 	 -6.353
12494 	 -6.314
12504 	 -6.239
12506 	 -6.309
12508 	 -6.3
12516 	 -6.473
12520 	 -6.443
12526 	 -6.365
12540 	 -6.699
12544 	 -6.638
12550 	 -6.425
12552 	 -6.29
12562 	 -6.332
12564 	 -6.5
12566 	 -6.458
12570 	 -6.452
12572 	 -6.428
12590 	 -6.307
12594 	 -6.479
12602 	 -6.047
12604 	 -6.037
12608 	 -6.275
12610 	 -6.267
12618 	 -6.318
12626 	 -6.499
12630 	 -7.51
12638 	 -7.506
12642 	 -7.409
12646 	 -7.404
12648 	 -7.436
12664 	 -7.316
12666 	 -7.498
12668 	 -6.994
12674 	 -7.024
12678 	 -7.006
12688 	 -6.867
12690 	 -6.917
12694 	 -6.905
12706 	 -7.135
12710 	 -7.131
12712 	 -6.629
12730 	 -6.644
12736 	 -7.013
12742 	 -6.984
12748 	 -6.967
12758 	 -6.965
12768 	 -7.007
12770 	 -7.24
12772 	 -7.161
12774 	 -7.257
12776 	 -7.247
12782 	 -7.146
12784 	 -7.15
12816 	 -7.331
12820 	 -7.965
12840 	 -8.389
12874 	 -8.31
12876 	 -8.52
12904 	 -8.668
12906 	 -8.662
12908 	 -8.69
12920 	 -8.6
12924 	 -9.034
12934 	 -9.204
12936 	 -9.223
12942 	 -9.255
12954 	 -9.186
12956 	 -9.29
12964 	 -9.451
12972 	 -9.404
12988 	 -9.4
12990 	 -9.51
12996 	 -9.494
13000 	 -9.424
13002 	 -9.852
13004 	 -9.778
13008 	 -9.866
13016 	 -9.777
13020 	 -9.367
13024 	 -9.453
13028 	 -9.412
13030 	 -9.28
13032 	 -9.19
13034 	 -9.16
13042 	 -9.141
13044 	 -9.63
13048 	 -9.702
13060 	 -9.516
13064 	 -9.782
13068 	 -9.663
13078 	 -9.742
13080 	 -9.428
13082 	 -9.31
13086 	 -9.802
13090 	 -10.085
13100 	 -10.133
13102 	 -10.128
13106 	 -9.872
13112 	 -9.881
13114 	 -9.832
13118 	 -9.917
13124 	 -9.484
13138 	 -9.176
13144 	 -9.172
13150 	 -9.098
13152 	 -9.088
13170 	 -9.95
13176 	 -9.946
13202 	 -9.887
13206 	 -9.418
13208 	 -9.325
13218 	 -9.046
13220 	 -9.037
13226 	 -9.046
13232 	 -8.989
13234 	 -8.987
13240 	 -8.927
13244 	 -7.792
13248 	 -7.318
13252 	 -7.268
13260 	 -7.252
13272 	 -7.322
13286 	 -7.305
13290 	 -7.288
13298 	 -6.571
13304 	 -6.521
13314 	 -6.499
13316 	 -6.393
13320 	 -6.482
13322 	 -6.676
13336 	 -6.773
13340 	 -6.379
13346 	 -6.387
13356 	 -6.371
13360 	 -6.326
13372 	 -6.314
13380 	 -6.416
13382 	 -6.568
13388 	 -6.562
13394 	 -6.56
13398 	 -6.559
13414 	 -7.112
13432 	 -7.277
13436 	 -7.256
13442 	 -7.108
13446 	 -7.141
13452 	 -7.137
13454 	 -7.136
13458 	 -6.802
13462 	 -6.878
13464 	 -6.845
13466 	 -7.042
13468 	 -6.921
13470 	 -6.832
13484 	 -6.818
13488 	 -6.698
13490 	 -6.688
13492 	 -6.526
13508 	 -5.411
13510 	 -5.191
13512 	 -5.426
13514 	 -5.415
13524 	 -5.452
13528 	 -5.371
13530 	 -5.621
13542 	 -5.617
13544 	 -5.594
13546 	 -5.33
13550 	 -4.965
13552 	 -5.113
13554 	 -5.095
13560 	 -5.062
13570 	 -5.041
13580 	 -4.915
13584 	 -5.017
13590 	 -5.083
13592 	 -5.037
13608 	 -5.024
13610 	 -4.997
13618 	 -4.983
13624 	 -4.871
13628 	 -4.881
13646 	 -4.816
13648 	 -4.81
13658 	 -3.941
13680 	 -3.826
13684 	 -3.822
13694 	 -3.805
13698 	 -3.875
13712 	 -4.302
13724 	 -4.73
13730 	 -4.649
13744 	 -3.908
13756 	 -3.779
13770 	 -3.817
13774 	 -3.5
13778 	 -3.695
13780 	 -4.307
13786 	 -4.338
13788 	 -4.214
13804 	 -4.287
13806 	 -4.286
13814 	 -4.258
13816 	 -4.32
13818 	 -4.157
13822 	 -3.597
13826 	 -3.453
13830 	 -3.451
13834 	 -3.568
13844 	 -3.555
13856 	 -2.776
13872 	 -2.674
13876 	 -2.691
13878 	 -2.802
13892 	 -2.74
13900 	 -2.62
13902 	 -2.567
13904 	 -2.527
13908 	 -2.571
13912 	 -2.435
13914 	 -2.4
13924 	 -2.35
13928 	 -2.66
13940 	 -2.469
13944 	 -2.573
13948 	 -2.882
13956 	 -2.842
13962 	 -3.202
13978 	 -3.201
13984 	 -2.706
14000 	 -2.78
14006 	 -2.574
14010 	 -2.539
14012 	 -2.529
14014 	 -2.58
14022 	 -2.448
14032 	 -2.37
14038 	 -2.369
14044 	 -2.393
14048 	 -2.15
14052 	 -2.137
14056 	 -2.03
14062 	 -1.897
14066 	 -1.861
14086 	 -1.727
14090 	 -1.368
14096 	 -1.367
14100 	 -1.312
14102 	 -1.098
14108 	 -1.093
14110 	 -1.064
14112 	 -1.081
14134 	 -0.995
14156 	 -0.906
14164 	 -0.905
14174 	 -0.888
14180 	 -1.015
14192 	 -1.013
14194 	 -1.01
14200 	 -0.954
14204 	 -0.936
14216 	 -1.029
14230 	 -1.006
14240 	 -1.004
14242 	 -0.989
14248 	 -0.929
14268 	 -0.883
14272 	 -0.866
14288 	 -0.861
14290 	 -0.909
14310 	 -0.902
14318 	 -0.9
14320 	 -0.895
14326 	 -0.894
14338 	 -0.887
14342 	 -0.623
14360 	 -0.591
14368 	 -0.562
14392 	 -0.527
14426 	 -0.376
14462 	 -0.329
14470 	 -0.328
14484 	 -0.323
14510 	 -0.311
14534 	 -0.302
14572 	 -0.289
14592 	 -0.278
14614 	 -0.275
14694 	 -0.27
15000 	 -1.418
15024 	 -1.547
15050 	 -2.202
15078 	 -2.648
15112 	 -2.881
15158 	 -2.887
15162 	 -2.929
15174 	 -2.881
15186 	 -2.348
15216 	 -2.561
15232 	 -2.385
15238 	 -2.513
15250 	 -2.509
15262 	 -1.88
15268 	 -1.707
15282 	 -1.443
15298 	 -1.097
15308 	 -1.113
15310 	 -1.133
15334 	 -1.282
15336 	 -1.432
15342 	 -1.429
15346 	 -1.377
15354 	 -1.468
15356 	 -1.553
15360 	 -1.55
15374 	 -1.14
15400 	 -0.718
15422 	 -0.551
15456 	 -0.418
15460 	 -0.272
15486 	 -0.176
15492 	 -0.105
15558 	 -0.073
15574 	 -0.044
15660 	 -0.038
15670 	 -0.037
15708 	 -0.031
15864 	 -0.03
15904 	 -0.022
15916 	 -0.019
16000 	 -0.017
16388 	 -0.011
18000 	 -2.128
18020 	 -2.236
18042 	 -2.716
18064 	 -2.81
18088 	 -2.232
18120 	 -1.658
18154 	 -2.416
18180 	 -2.152
18190 	 -2.608
18234 	 -3.44
18252 	 -3.424
18262 	 -3.237
18270 	 -2.591
18278 	 -2.549
18286 	 -2.455
18296 	 -3.002
18316 	 -3.032
18328 	 -3.276
18336 	 -3.042
18342 	 -3.068
18348 	 -2.674
18360 	 -2.166
18368 	 -1.86
18384 	 -1.874
18402 	 -1.364
18420 	 -0.73
18426 	 -0.642
18434 	 -0.524
18448 	 -0.184
18472 	 -0.154
18552 	 -0.016
18864 	 -0.008
19002 	 0
21000 	 -1.44
21001 	 -1.44
