0 	 0
3000 	 -1.376
3024 	 -1.496
3050 	 -1.88
3062 	 -2.472
3078 	 -3.176
3112 	 -3.62
3158 	 -3.808
3164 	 -3.728
3186 	 -2.828
3198 	 -2.688
3216 	 -1.912
3232 	 -1.736
3238 	 -1.364
3262 	 -0.608
3296 	 -0.264
3400 	 -0.024
3636 	 -0.008
3904 	 0
6000 	 -2.478
6020 	 -2.638
6042 	 -3.286
6064 	 -3.582
6088 	 -3.11
6120 	 -2.686
6138 	 -2.872
6154 	 -3.312
6180 	 -3.048
6190 	 -3.516
6198 	 -3.5
6234 	 -3.9
6284 	 -4.203
6296 	 -4.179
6346 	 -4.159
6360 	 -2.871
6374 	 -2.271
6376 	 -1.719
6424 	 -1.319
6444 	 -0.761
6504 	 -0.637
6506 	 -0.613
6552 	 -0.501
6634 	 -0.359
6704 	 -0.331
6710 	 -0.307
6726 	 -0.295
6728 	 -0.267
6782 	 -0.263
6894 	 -0.165
6990 	 -0.145
6994 	 -0.125
7002 	 -0.093
7272 	 -0.089
7278 	 -0.085
7290 	 -0.073
7324 	 -0.025
9000 	 -1.433
9024 	 -1.537
9050 	 -2.497
9078 	 -3.177
9112 	 -3.761
9158 	 -3.713
9162 	 -3.797
9174 	 -3.705
9186 	 -2.857
9216 	 -3.589
9232 	 -3.413
9238 	 -3.801
9262 	 -1.973
9268 	 -1.305
9298 	 -0.417
9304 	 -0.413
9306 	 -0.409
9334 	 -0.277
9400 	 -0.025
9660 	 -0.009
9904 	 -0.001
12000 	 -2.554
12002 	 -2.49
12004 	 -3.163
12006 	 -3.96
12008 	 -4.898
12010 	 -5.536
12012 	 -5.955
12016 	 -6.152
12020 	 -6.485
12028 	 -6.619
12032 	 -6.426
12040 	 -6.303
12042 	 -6.779
12048 	 -6.544
12054 	 -6.055
12064 	 -6.155
12070 	 -6.135
12074 	 -5.656
12088 	 -5.044
12100 	 -5.164
12102 	 -4.923
12120 	 -4.395
12130 	 -4.189
12140 	 -4.454
12154 	 -5.49
12160 	 -5.848
12162 	 -5.821
12164 	 -5.711
12178 	 -5.789
12180 	 -5.756
12182 	 -6.222
12186 	 -6.216
12190 	 -6.532
12198 	 -6.48
12200 	 -6.606
12208 	 -6.998
12212 	 -8.042
12228 	 -8.187
12230 	 -8.402
12234 	 -9.75
12246 	 -10.034
12252 	 -9.318
12254 	 -9.217
12256 	 -9.2
12266 	 -9.617
12274 	 -8.365
12276 	 -8.177
12282 	 -8.02
12290 	 -7.748
12296 	 -7.911
12304 	 -7.867
12310 	 -7.959
12314 	 -7.898
12322 	 -7.889
12324 	 -7.285
12332 	 -7.317
12334 	 -7.489
12338 	 -7.237
12344 	 -6.441
12350 	 -6.413
12358 	 -6.346
12360 	 -5.394
12376 	 -5.293
12380 	 -5.296
12382 	 -5.415
12386 	 -5.144
12392 	 -5.102
12400 	 -5.195
12404 	 -4.845
12406 	 -4.815
12408 	 -4.796
12412 	 -4.74
12420 	 -4.729
12436 	 -5.07
12437 	 -5.29
12438 	 -5.067
12440 	 -5.209
12444 	 -5.234
12452 	 -5.461
12460 	 -5.378
12466 	 -6.107
12472 	 -6.182
12476 	 -6.348
12480 	 -6.39
12488 	 -6.414
12494 	 -6.375
12502 	 -6.558
12508 	 -6.421
12516 	 -6.594
12520 	 -6.564
12526 	 -6.486
12538 	 -6.446
12540 	 -6.902
12544 	 -6.841
12550 	 -6.828
12552 	 -6.708
12562 	 -6.805
12564 	 -6.973
12566 	 -6.931
12568 	 -6.965
12576 	 -6.961
12590 	 -6.84
12594 	 -7.012
12598 	 -7.27
12604 	 -7.26
12608 	 -6.821
12618 	 -6.782
12624 	 -6.769
12626 	 -6.95
12630 	 -8.018
12638 	 -8.014
12642 	 -7.954
12646 	 -7.933
12648 	 -7.845
12662 	 -7.606
12664 	 -7.486
12666 	 -7.579
12670 	 -7.487
12674 	 -7.436
12682 	 -7.221
12706 	 -7.449
12710 	 -7.445
12712 	 -6.825
12736 	 -7.842
12742 	 -7.838
12748 	 -7.821
12752 	 -8.07
12758 	 -8.068
12764 	 -8.034
12768 	 -8.076
12770 	 -8.309
12772 	 -8.384
12774 	 -8.474
12776 	 -8.464
12782 	 -8.346
12794 	 -8.138
12806 	 -8.014
12816 	 -8.252
12820 	 -8.231
12830 	 -8.476
12840 	 -8.842
12858 	 -9.026
12874 	 -9.042
12890 	 -9.21
12902 	 -9.374
12904 	 -9.366
12908 	 -9.094
12920 	 -9.004
12924 	 -9.317
12932 	 -9.305
12936 	 -9.306
12940 	 -9.28
12942 	 -9.309
12946 	 -9.576
12950 	 -9.555
12954 	 -9.486
12956 	 -9.475
12964 	 -9.49
12972 	 -9.425
12974 	 -9.514
12978 	 -9.478
12984 	 -9.448
12986 	 -9.346
12990 	 -9.237
12992 	 -8.927
12996 	 -9.034
13000 	 -8.993
13004 	 -8.919
13008 	 -8.795
13010 	 -8.743
13016 	 -8.678
13024 	 -9.537
13028 	 -9.478
13030 	 -9.047
13034 	 -9.019
13036 	 -9.021
13040 	 -9.109
13042 	 -9.09
13044 	 -9.443
13046 	 -9.695
13052 	 -9.779
13060 	 -9.654
13068 	 -9.343
13070 	 -9.519
13076 	 -9.628
13078 	 -9.376
13080 	 -9.062
13084 	 -8.947
13088 	 -9.58
13090 	 -9.565
13092 	 -9.451
13094 	 -9.487
13096 	 -9.319
13102 	 -9.314
13112 	 -9.403
13114 	 -8.463
13118 	 -8.263
13134 	 -8.035
13136 	 -8.013
13140 	 -8.004
13148 	 -7.88
13150 	 -7.751
13152 	 -7.528
13154 	 -7.683
13168 	 -7.679
13170 	 -7.848
13172 	 -7.936
13176 	 -7.947
13182 	 -8.006
13188 	 -8.055
13206 	 -7.438
13210 	 -7.435
13220 	 -7.426
13224 	 -7.365
13226 	 -7.423
13232 	 -7.365
13234 	 -7.363
13248 	 -7.079
13256 	 -6.896
13262 	 -6.945
13264 	 -6.775
13266 	 -6.861
13268 	 -7.005
13280 	 -7.384
13284 	 -7.238
13290 	 -7.298
13292 	 -7.296
13298 	 -7.205
13300 	 -7.307
13310 	 -7.313
13322 	 -7.379
13326 	 -7.332
13330 	 -6.73
13340 	 -6.336
13346 	 -6.345
13348 	 -6.272
13350 	 -6.27
13352 	 -6.279
13354 	 -6.268
13360 	 -6.388
13362 	 -6.685
13368 	 -6.117
13370 	 -5.604
13372 	 -5.592
13374 	 -5.607
13376 	 -5.325
13388 	 -5.307
13392 	 -5.165
13394 	 -5.162
13406 	 -5.01
13412 	 -4.927
13414 	 -4.792
13418 	 -4.754
13420 	 -4.716
13424 	 -4.642
13428 	 -4.7
13432 	 -4.891
13434 	 -4.817
13436 	 -4.897
13438 	 -4.84
13442 	 -4.692
13454 	 -5.171
13456 	 -5.168
13464 	 -5.004
13466 	 -4.772
13474 	 -4.803
13484 	 -4.789
13490 	 -4.779
13492 	 -4.736
13498 	 -4.497
13502 	 -4.388
13506 	 -4.575
13508 	 -4.397
13514 	 -4.388
13524 	 -4.253
13526 	 -4.368
13528 	 -4.427
13530 	 -4.554
13538 	 -4.543
13542 	 -4.539
13544 	 -4.579
13546 	 -4.315
13560 	 -4.348
13564 	 -4.259
13572 	 -4.111
13574 	 -4.094
13576 	 -4.138
13590 	 -4.142
13592 	 -4.076
13594 	 -4.128
13596 	 -4.157
13602 	 -4.171
13604 	 -4.163
13608 	 -4.142
13614 	 -4.051
13618 	 -4.037
13624 	 -3.886
13634 	 -3.784
13636 	 -3.697
13656 	 -3.667
13658 	 -3.115
13666 	 -3.1
13670 	 -3.067
13682 	 -3.038
13696 	 -2.989
13718 	 -2.987
13724 	 -2.915
13738 	 -2.902
13744 	 -2.587
13778 	 -2.605
13814 	 -2.577
13816 	 -2.563
13822 	 -2.214
13824 	 -2.184
13840 	 -2.118
13844 	 -2.105
13854 	 -2.092
13872 	 -1.948
13886 	 -1.965
13890 	 -1.937
13892 	 -1.918
13896 	 -1.908
13900 	 -1.9
13902 	 -1.847
13910 	 -1.824
13912 	 -1.818
13914 	 -1.741
13934 	 -1.734
13954 	 -1.809
13968 	 -1.642
13978 	 -1.641
13982 	 -1.609
13984 	 -1.467
13988 	 -1.381
14000 	 -1.369
14006 	 -1.357
14012 	 -1.347
14018 	 -1.426
14032 	 -1.348
14038 	 -1.207
14048 	 -1.202
14052 	 -1.182
14056 	 -1.145
14064 	 -1.142
14080 	 -0.91
14088 	 -0.909
14094 	 -0.903
14100 	 -0.892
14108 	 -0.887
14114 	 -0.879
14120 	 -0.817
14148 	 -0.643
14182 	 -0.607
14186 	 -0.565
14192 	 -0.562
14200 	 -0.506
14302 	 -0.441
14312 	 -0.435
14318 	 -0.433
14322 	 -0.43
14326 	 -0.429
14342 	 -0.428
14358 	 -0.426
14426 	 -0.275
14470 	 -0.272
14570 	 -0.262
15000 	 -1.42
15024 	 -1.551
15050 	 -2.061
15078 	 -2.384
15112 	 -2.415
15158 	 -2.402
15162 	 -2.423
15174 	 -2.399
15186 	 -2
15216 	 -1.812
15232 	 -1.636
15238 	 -1.7
15250 	 -1.696
15262 	 -1.435
15264 	 -1.432
15268 	 -1.346
15282 	 -1.214
15296 	 -1.212
15298 	 -1.038
15310 	 -1.078
15336 	 -1.377
15342 	 -1.374
15346 	 -1.348
15356 	 -1.519
15360 	 -1.516
15374 	 -1.126
15400 	 -0.729
15422 	 -0.571
15456 	 -0.305
15486 	 -0.115
15504 	 -0.113
15558 	 -0.049
15660 	 -0.046
15708 	 -0.034
15864 	 -0.032
15904 	 -0.024
16000 	 -0.022
16190 	 -0.02
16290 	 -0.019
16388 	 -0.013
18000 	 -2.128
18020 	 -2.227
18042 	 -2.675
18064 	 -2.726
18088 	 -2.125
18120 	 -1.552
18154 	 -1.968
18180 	 -1.704
18190 	 -1.963
18234 	 -2.362
18252 	 -2.354
18262 	 -2.168
18270 	 -1.845
18278 	 -1.824
18286 	 -1.777
18296 	 -2.335
18316 	 -2.35
18328 	 -2.594
18336 	 -2.477
18342 	 -2.52
18348 	 -2.323
18360 	 -2.064
18368 	 -1.758
18384 	 -1.772
18402 	 -1.338
18420 	 -0.704
18426 	 -0.616
18434 	 -0.498
18448 	 -0.158
18472 	 -0.128
18552 	 -0.012
18864 	 -0.004
19002 	 0
21000 	 -1.44
21001 	 -1.44
