0 	 0
3000 	 -1.376
3024 	 -1.496
3050 	 -1.88
3062 	 -2.472
3078 	 -3.176
3112 	 -3.62
3158 	 -3.808
3164 	 -3.728
3186 	 -2.828
3198 	 -2.688
3216 	 -1.912
3232 	 -1.736
3238 	 -1.364
3262 	 -0.608
3296 	 -0.264
3400 	 -0.024
3636 	 -0.008
3904 	 0
6000 	 -2.478
6020 	 -2.638
6042 	 -3.286
6064 	 -3.582
6088 	 -3.11
6120 	 -2.686
6138 	 -2.872
6154 	 -3.312
6180 	 -3.048
6190 	 -3.516
6198 	 -3.5
6234 	 -3.9
6284 	 -4.203
6296 	 -4.179
6346 	 -4.159
6360 	 -2.871
6374 	 -2.271
6376 	 -1.719
6424 	 -1.319
6444 	 -0.761
6504 	 -0.637
6506 	 -0.613
6552 	 -0.501
6634 	 -0.359
6704 	 -0.331
6710 	 -0.307
6726 	 -0.295
6728 	 -0.267
6782 	 -0.263
6894 	 -0.165
6990 	 -0.145
6994 	 -0.125
7002 	 -0.093
7272 	 -0.089
7278 	 -0.085
7290 	 -0.073
7324 	 -0.025
9000 	 -1.433
9024 	 -1.537
9050 	 -2.497
9078 	 -3.177
9112 	 -3.761
9158 	 -3.713
9162 	 -3.797
9174 	 -3.705
9186 	 -2.857
9216 	 -3.589
9232 	 -3.413
9238 	 -3.801
9262 	 -1.973
9268 	 -1.305
9298 	 -0.417
9304 	 -0.413
9306 	 -0.409
9334 	 -0.277
9400 	 -0.025
9660 	 -0.009
9904 	 -0.001
12000 	 -2.54
12002 	 -2.421
12004 	 -2.694
12006 	 -3.28
12008 	 -4.124
12010 	 -5.194
12012 	 -5.622
12016 	 -5.951
12018 	 -5.997
12020 	 -6.33
12028 	 -6.464
12032 	 -6.43
12034 	 -6.489
12040 	 -6.366
12042 	 -6.842
12054 	 -6.353
12062 	 -6.571
12064 	 -6.647
12070 	 -6.83
12074 	 -6.351
12088 	 -5.739
12090 	 -5.829
12100 	 -5.943
12102 	 -5.827
12120 	 -5.207
12130 	 -5.161
12140 	 -5.426
12154 	 -6.462
12156 	 -6.496
12164 	 -6.386
12166 	 -6.47
12176 	 -6.521
12178 	 -6.615
12180 	 -6.582
12182 	 -7.048
12186 	 -7.229
12190 	 -7.545
12200 	 -7.735
12206 	 -7.725
12208 	 -8.117
12210 	 -8.251
12212 	 -9.295
12222 	 -9.188
12228 	 -9.333
12230 	 -9.564
12234 	 -10.912
12236 	 -11.001
12244 	 -11.302
12252 	 -10.586
12254 	 -10.485
12256 	 -10.59
12264 	 -10.755
12266 	 -11.172
12274 	 -9.92
12276 	 -10.021
12280 	 -9.838
12282 	 -9.681
12286 	 -9.832
12290 	 -9.56
12296 	 -9.736
12304 	 -9.429
12308 	 -9.414
12312 	 -9.379
12322 	 -9.173
12324 	 -8.649
12330 	 -8.605
12332 	 -8.637
12334 	 -8.639
12338 	 -8.387
12340 	 -8.267
12344 	 -7.471
12348 	 -7.469
12350 	 -7.454
12354 	 -7.427
12358 	 -7.407
12360 	 -6.455
12362 	 -6.352
12372 	 -5.995
12380 	 -5.843
12382 	 -5.689
12384 	 -5.843
12386 	 -5.37
12392 	 -5.293
12394 	 -5.143
12396 	 -5.266
12404 	 -4.994
12406 	 -4.964
12412 	 -4.908
12420 	 -4.897
12432 	 -4.817
12436 	 -5.137
12437 	 -5.357
12438 	 -4.991
12440 	 -5.133
12444 	 -5.188
12452 	 -5.415
12456 	 -5.272
12460 	 -5.189
12466 	 -5.77
12472 	 -5.697
12476 	 -5.939
12480 	 -5.981
12494 	 -5.942
12508 	 -5.933
12510 	 -5.98
12516 	 -6.153
12520 	 -6.123
12526 	 -6.045
12540 	 -6.455
12544 	 -6.394
12546 	 -6.357
12552 	 -6.22
12562 	 -6.325
12564 	 -6.568
12566 	 -6.526
12576 	 -6.506
12578 	 -6.129
12588 	 -6.128
12590 	 -6.007
12594 	 -6.179
12600 	 -5.958
12604 	 -6.18
12618 	 -6.43
12622 	 -6.415
12626 	 -6.596
12628 	 -6.645
12630 	 -7.263
12636 	 -7.275
12638 	 -7.271
12645 	 -7.457
12648 	 -7.487
12660 	 -7.918
12664 	 -7.798
12672 	 -7.502
12692 	 -7.521
12706 	 -7.733
12710 	 -7.729
12712 	 -6.651
12724 	 -6.577
12730 	 -6.635
12734 	 -6.61
12740 	 -6.606
12746 	 -6.489
12748 	 -6.472
12756 	 -6.461
12758 	 -6.459
12768 	 -6.501
12770 	 -6.734
12772 	 -6.694
12774 	 -6.664
12782 	 -6.576
12784 	 -6.736
12788 	 -6.608
12798 	 -6.546
12810 	 -6.708
12816 	 -6.924
12840 	 -6.658
12850 	 -6.65
12866 	 -6.631
12874 	 -6.619
12894 	 -6.556
12904 	 -6.72
12908 	 -6.387
12920 	 -6.297
12924 	 -6.314
12934 	 -6.307
12938 	 -6.749
12942 	 -6.781
12954 	 -6.712
12956 	 -6.815
12964 	 -7.019
12970 	 -6.98
12972 	 -6.933
12986 	 -7
12990 	 -6.997
12992 	 -6.955
12996 	 -6.939
13004 	 -6.867
13008 	 -6.853
13016 	 -6.918
13026 	 -6.649
13028 	 -6.627
13042 	 -6.608
13044 	 -7.009
13062 	 -7.353
13068 	 -7.304
13076 	 -7.327
13078 	 -7.325
13080 	 -7.011
13086 	 -6.965
13100 	 -7.26
13102 	 -7.255
13114 	 -7.218
13150 	 -7.737
13178 	 -7.829
13184 	 -7.783
13186 	 -7.891
13190 	 -7.9
13192 	 -7.899
13206 	 -7.882
13220 	 -7.873
13226 	 -7.79
13234 	 -7.788
13242 	 -7.742
13248 	 -7.013
13252 	 -6.973
13256 	 -7.01
13266 	 -6.873
13268 	 -6.849
13282 	 -6.836
13284 	 -6.702
13290 	 -6.694
13292 	 -6.725
13304 	 -6.724
13306 	 -6.499
13308 	 -6.285
13314 	 -6.383
13316 	 -6.569
13320 	 -6.372
13332 	 -6.415
13336 	 -6.28
13340 	 -5.886
13346 	 -5.883
13360 	 -5.838
13372 	 -5.826
13374 	 -5.029
13386 	 -4.925
13388 	 -4.919
13390 	 -5.133
13394 	 -5.131
13414 	 -4.936
13416 	 -4.939
13428 	 -4.764
13430 	 -4.75
13438 	 -4.608
13442 	 -4.328
13456 	 -4.285
13458 	 -4.133
13468 	 -4.081
13480 	 -4.137
13484 	 -4.123
13490 	 -4.113
13496 	 -4.095
13508 	 -3.361
13510 	 -3.285
13514 	 -3.276
13516 	 -3.268
13534 	 -3.242
13536 	 -3.109
13542 	 -3.103
13546 	 -2.953
13568 	 -3.121
13572 	 -3.147
13576 	 -3.108
13580 	 -2.996
13584 	 -3.392
13592 	 -3.346
13608 	 -3.333
13614 	 -3.436
13618 	 -3.422
13620 	 -3.624
13634 	 -3.637
13658 	 -3.334
13672 	 -3.364
13686 	 -3.37
13688 	 -3.909
13694 	 -3.899
13698 	 -3.653
13704 	 -4.012
13718 	 -3.869
13726 	 -4.398
13728 	 -4.365
13744 	 -3.951
13748 	 -3.882
13752 	 -3.168
13758 	 -3.195
13770 	 -3.247
13772 	 -3.231
13774 	 -3.237
13776 	 -3.004
13780 	 -3.01
13790 	 -2.753
13802 	 -2.646
13804 	 -2.738
13810 	 -2.824
13814 	 -2.66
13822 	 -2.539
13830 	 -2.423
13836 	 -2.393
13844 	 -2.38
13848 	 -2.36
13858 	 -2.189
13862 	 -2.052
13868 	 -2.156
13888 	 -1.99
13900 	 -1.982
13902 	 -1.929
13912 	 -1.923
13919 	 -2.35
13920 	 -2.346
13924 	 -2.676
13928 	 -2.654
13938 	 -2.768
13942 	 -2.892
13950 	 -2.888
13952 	 -2.921
13956 	 -3.026
13962 	 -2.905
13968 	 -2.898
13976 	 -3
13978 	 -2.811
13984 	 -2.713
13996 	 -2.53
14000 	 -2.575
14012 	 -2.565
14014 	 -2.432
14032 	 -2.354
14034 	 -1.83
14044 	 -1.706
14046 	 -1.704
14056 	 -1.372
14060 	 -1.216
14064 	 -1.199
14070 	 -1.057
14080 	 -1.268
14082 	 -1.196
14088 	 -1.188
14104 	 -1.224
14108 	 -1.219
14116 	 -1.184
14132 	 -1.143
14154 	 -1.137
14156 	 -1.178
14160 	 -1.14
14170 	 -1.256
14184 	 -1.255
14196 	 -1.338
14200 	 -1.242
14220 	 -1.271
14230 	 -1.27
14244 	 -1.257
14246 	 -1.342
14266 	 -1.38
14282 	 -1.231
14284 	 -1.18
14290 	 -1.169
14302 	 -0.891
14308 	 -0.88
14318 	 -0.878
14324 	 -0.84
14326 	 -0.839
14328 	 -0.705
14340 	 -0.653
14352 	 -0.65
14358 	 -0.607
14372 	 -0.591
14376 	 -0.583
14382 	 -0.574
14386 	 -0.522
14394 	 -0.517
14402 	 -0.514
14426 	 -0.363
14450 	 -0.349
14464 	 -0.314
14472 	 -0.307
14524 	 -0.293
14528 	 -0.291
14572 	 -0.283
14574 	 -0.274
14600 	 -0.264
14746 	 -0.262
15000 	 -1.418
15024 	 -1.548
15050 	 -2.058
15078 	 -2.379
15112 	 -2.432
15158 	 -2.467
15162 	 -2.487
15174 	 -2.464
15186 	 -2.153
15216 	 -1.962
15232 	 -1.786
15238 	 -1.85
15250 	 -1.846
15262 	 -1.833
15268 	 -1.746
15282 	 -1.614
15298 	 -1.441
15308 	 -1.457
15310 	 -1.497
15334 	 -1.646
15336 	 -1.945
15342 	 -1.942
15346 	 -1.916
15354 	 -2.007
15356 	 -2.178
15360 	 -2.175
15374 	 -1.57
15400 	 -1.059
15422 	 -0.813
15456 	 -0.547
15460 	 -0.401
15486 	 -0.211
15492 	 -0.14
15558 	 -0.076
15574 	 -0.047
15660 	 -0.044
15708 	 -0.032
15864 	 -0.03
15904 	 -0.022
15916 	 -0.019
16000 	 -0.017
16388 	 -0.011
18000 	 -2.128
18020 	 -2.236
18042 	 -2.716
18064 	 -2.807
18088 	 -2.246
18120 	 -1.719
18154 	 -2.216
18180 	 -1.952
18190 	 -2.346
18234 	 -2.844
18252 	 -2.836
18262 	 -2.556
18270 	 -2.233
18278 	 -2.212
18286 	 -2.165
18296 	 -3.081
18316 	 -3.096
18328 	 -3.462
18336 	 -3.345
18342 	 -3.418
18348 	 -3.221
18360 	 -3.029
18368 	 -2.57
18384 	 -2.591
18402 	 -1.978
18420 	 -1.027
18426 	 -0.895
18434 	 -0.718
18448 	 -0.208
18472 	 -0.163
18552 	 -0.016
18864 	 -0.004
19002 	 0
21000 	 -1.44
21001 	 -1.44
