0 	 0
3000 	 -1.376
3024 	 -1.496
3050 	 -1.88
3062 	 -2.472
3078 	 -3.176
3112 	 -3.62
3158 	 -3.808
3164 	 -3.728
3186 	 -2.828
3198 	 -2.688
3216 	 -1.912
3232 	 -1.736
3238 	 -1.364
3262 	 -0.608
3296 	 -0.264
3400 	 -0.024
3636 	 -0.008
3904 	 0
6000 	 -2.478
6020 	 -2.638
6042 	 -3.286
6064 	 -3.582
6088 	 -3.11
6120 	 -2.686
6138 	 -2.872
6154 	 -3.312
6180 	 -3.048
6190 	 -3.516
6198 	 -3.5
6234 	 -3.9
6284 	 -4.203
6296 	 -4.179
6346 	 -4.159
6360 	 -2.871
6374 	 -2.271
6376 	 -1.719
6424 	 -1.319
6444 	 -0.761
6504 	 -0.637
6506 	 -0.613
6552 	 -0.501
6634 	 -0.359
6704 	 -0.331
6710 	 -0.307
6726 	 -0.295
6728 	 -0.267
6782 	 -0.263
6894 	 -0.165
6990 	 -0.145
6994 	 -0.125
7002 	 -0.093
7272 	 -0.089
7278 	 -0.085
7290 	 -0.073
7324 	 -0.025
9000 	 -1.433
9024 	 -1.537
9050 	 -2.497
9078 	 -3.177
9112 	 -3.761
9158 	 -3.713
9162 	 -3.797
9174 	 -3.705
9186 	 -2.857
9216 	 -3.589
9232 	 -3.413
9238 	 -3.801
9262 	 -1.973
9268 	 -1.305
9298 	 -0.417
9304 	 -0.413
9306 	 -0.409
9334 	 -0.277
9400 	 -0.025
9660 	 -0.009
9904 	 -0.001
12000 	 -2.554
12002 	 -2.49
12004 	 -3.203
12006 	 -4
12008 	 -5.355
12010 	 -5.993
12012 	 -6.623
12016 	 -6.82
12020 	 -7.26
12028 	 -7.394
12032 	 -7.201
12040 	 -7.096
12042 	 -7.572
12048 	 -7.337
12054 	 -6.848
12064 	 -6.948
12070 	 -6.927
12074 	 -6.448
12086 	 -6.673
12088 	 -6.061
12100 	 -6.202
12102 	 -5.961
12120 	 -5.433
12130 	 -5.387
12132 	 -5.723
12140 	 -5.988
12152 	 -6.125
12154 	 -7.161
12162 	 -7.134
12164 	 -7.024
12178 	 -7.166
12180 	 -7.055
12182 	 -7.399
12186 	 -7.444
12188 	 -7.572
12190 	 -7.888
12198 	 -7.858
12200 	 -7.934
12206 	 -8.045
12208 	 -8.259
12212 	 -9.303
12228 	 -9.448
12230 	 -9.708
12234 	 -11.056
12236 	 -10.852
12252 	 -10.136
12254 	 -10.035
12256 	 -10.177
12264 	 -10.533
12266 	 -10.916
12272 	 -10.962
12274 	 -9.71
12282 	 -9.553
12286 	 -9.353
12290 	 -9.145
12296 	 -9.308
12304 	 -9.078
12312 	 -9.043
12322 	 -8.963
12324 	 -8.699
12328 	 -8.756
12332 	 -8.788
12334 	 -9.095
12338 	 -8.843
12344 	 -8.047
12350 	 -8.032
12354 	 -7.994
12360 	 -7.042
12364 	 -7.104
12372 	 -7.089
12382 	 -7.022
12386 	 -6.681
12392 	 -6.674
12394 	 -6.524
12404 	 -6.252
12410 	 -6.294
12412 	 -6.238
12414 	 -6.228
12420 	 -6.217
12436 	 -6.784
12438 	 -6.24
12440 	 -6.382
12444 	 -6.447
12452 	 -6.674
12456 	 -6.67
12460 	 -6.587
12464 	 -6.691
12466 	 -7.156
12472 	 -7.083
12476 	 -6.768
12480 	 -6.81
12494 	 -6.771
12502 	 -6.752
12504 	 -6.682
12508 	 -6.726
12516 	 -6.676
12520 	 -6.646
12526 	 -6.568
12536 	 -6.774
12544 	 -6.713
12546 	 -6.698
12548 	 -7.195
12550 	 -7.063
12552 	 -6.943
12562 	 -6.922
12564 	 -7.084
12566 	 -6.916
12568 	 -6.989
12570 	 -7.044
12572 	 -7.174
12576 	 -7.154
12578 	 -7.122
12590 	 -6.971
12592 	 -6.878
12602 	 -6.905
12604 	 -6.89
12610 	 -6.687
12614 	 -6.588
12618 	 -6.522
12626 	 -6.541
12628 	 -6.515
12630 	 -7.15
12638 	 -7.366
12648 	 -7.287
12650 	 -7.282
12652 	 -7.353
12654 	 -7.191
12672 	 -7.179
12676 	 -7.319
12678 	 -7.299
12692 	 -7.421
12696 	 -7.32
12706 	 -7.548
12710 	 -7.544
12712 	 -6.909
12730 	 -6.932
12742 	 -6.928
12746 	 -6.735
12748 	 -6.718
12758 	 -6.533
12764 	 -6.528
12768 	 -6.74
12770 	 -6.973
12772 	 -6.848
12776 	 -6.937
12778 	 -7.05
12780 	 -6.995
12794 	 -7.118
12796 	 -7.122
12800 	 -7.034
12804 	 -7.01
12806 	 -7.677
12814 	 -7.698
12824 	 -8.157
12826 	 -8.123
12840 	 -8.591
12856 	 -8.533
12870 	 -8.39
12874 	 -7.672
12886 	 -7.667
12888 	 -7.75
12892 	 -7.785
12894 	 -7.774
12900 	 -8.235
12908 	 -7.564
12910 	 -7.336
12914 	 -7.493
12916 	 -7.385
12920 	 -7.295
12924 	 -7.134
12936 	 -7.053
12940 	 -7.034
12942 	 -7.066
12944 	 -7.033
12948 	 -6.864
12954 	 -6.795
12958 	 -6.54
12960 	 -6.639
12964 	 -6.632
12966 	 -6.53
12968 	 -6.395
12970 	 -6.371
12972 	 -6.324
12974 	 -6.188
12978 	 -6.252
12984 	 -6.163
12988 	 -6.188
12990 	 -6.185
12996 	 -6.193
13002 	 -6.077
13004 	 -6.003
13008 	 -5.989
13010 	 -5.885
13012 	 -5.831
13016 	 -5.876
13020 	 -5.756
13024 	 -5.611
13026 	 -5.614
13028 	 -5.573
13032 	 -5.629
13038 	 -5.541
13042 	 -5.501
13044 	 -6.109
13054 	 -6.062
13066 	 -6.261
13068 	 -6.269
13070 	 -6.129
13076 	 -6.47
13078 	 -6.779
13080 	 -6.459
13082 	 -6.861
13088 	 -6.928
13096 	 -6.79
13098 	 -6.957
13102 	 -6.952
13104 	 -6.939
13110 	 -6.958
13114 	 -6.909
13118 	 -6.699
13124 	 -6.756
13144 	 -6.819
13150 	 -6.497
13162 	 -6.35
13168 	 -6.328
13174 	 -6.317
13180 	 -5.815
13182 	 -5.812
13198 	 -5.783
13202 	 -5.071
13206 	 -4.979
13220 	 -4.81
13224 	 -4.774
13228 	 -4.873
13234 	 -4.871
13246 	 -4.976
13248 	 -4.391
13250 	 -4.379
13258 	 -4.377
13260 	 -4.452
13268 	 -4.262
13278 	 -4.247
13280 	 -4.179
13284 	 -4.329
13290 	 -4.312
13294 	 -4.442
13308 	 -4.566
13310 	 -4.716
13340 	 -4.322
13342 	 -4.27
13346 	 -4.473
13348 	 -4.547
13354 	 -4.576
13372 	 -4.564
13374 	 -4.456
13382 	 -4.497
13388 	 -4.491
13394 	 -4.488
13396 	 -4.474
13402 	 -4.497
13406 	 -4.536
13414 	 -4.556
13422 	 -4.596
13426 	 -4.53
13440 	 -4.452
13442 	 -4.091
13446 	 -3.973
13452 	 -4.003
13466 	 -3.619
13470 	 -3.669
13474 	 -3.623
13486 	 -3.593
13490 	 -3.583
13504 	 -3.62
13508 	 -3.575
13514 	 -3.566
13518 	 -3.659
13522 	 -3.63
13524 	 -3.612
13526 	 -3.565
13542 	 -3.561
13546 	 -3.305
13572 	 -3.189
13580 	 -3.341
13590 	 -3.303
13592 	 -3.234
13596 	 -3.196
13598 	 -3.184
13602 	 -3.268
13612 	 -3.267
13616 	 -3.273
13618 	 -3.259
13630 	 -3.05
13634 	 -2.889
13646 	 -2.733
13648 	 -2.723
13656 	 -2.64
13658 	 -2.561
13662 	 -2.561
13670 	 -2.426
13674 	 -2.41
13676 	 -2.396
13684 	 -2.274
13690 	 -2.219
13700 	 -2.207
13702 	 -2.134
13708 	 -2.004
13718 	 -1.988
13726 	 -1.987
13744 	 -1.331
13748 	 -1.32
13778 	 -1.307
13810 	 -1.302
13814 	 -1.422
13816 	 -1.42
13820 	 -1.413
13822 	 -1.409
13844 	 -1.396
13848 	 -1.395
13858 	 -1.39
13866 	 -1.385
13890 	 -1.381
13894 	 -1.372
13900 	 -1.364
13902 	 -1.311
13904 	 -1.295
13912 	 -1.289
13930 	 -1.279
13950 	 -1.301
13974 	 -1.294
13984 	 -1.198
13992 	 -1.16
13994 	 -1.146
14012 	 -1.131
14020 	 -1.042
14032 	 -0.964
14048 	 -0.938
14060 	 -0.926
14074 	 -0.925
14108 	 -0.92
14110 	 -0.905
14124 	 -0.853
14146 	 -0.852
14182 	 -0.787
14200 	 -0.731
14250 	 -0.624
14262 	 -0.623
14280 	 -0.622
14290 	 -0.617
14318 	 -0.615
14326 	 -0.614
14338 	 -0.612
14344 	 -0.61
14354 	 -0.609
14358 	 -0.448
14420 	 -0.442
14426 	 -0.291
14430 	 -0.266
14440 	 -0.263
14598 	 -0.253
14680 	 -0.249
15000 	 -1.417
15024 	 -1.546
15050 	 -2.345
15078 	 -2.916
15112 	 -3.34
15158 	 -3.476
15162 	 -3.538
15174 	 -3.467
15186 	 -2.91
15216 	 -3.44
15232 	 -3.264
15238 	 -3.492
15250 	 -3.486
15262 	 -2.743
15268 	 -2.485
15282 	 -2.088
15298 	 -1.568
15308 	 -1.585
15310 	 -1.625
15334 	 -1.774
15336 	 -2.072
15342 	 -2.069
15346 	 -1.991
15354 	 -2.076
15356 	 -2.247
15360 	 -2.244
15372 	 -2.048
15374 	 -1.663
15400 	 -1.07
15422 	 -0.825
15456 	 -0.561
15458 	 -0.427
15486 	 -0.236
15488 	 -0.151
15558 	 -0.084
15566 	 -0.053
15660 	 -0.044
15708 	 -0.038
15864 	 -0.033
15890 	 -0.03
15904 	 -0.022
16000 	 -0.019
16206 	 -0.018
16388 	 -0.012
18000 	 -2.128
18020 	 -2.254
18042 	 -2.798
18064 	 -2.975
18088 	 -2.46
18120 	 -1.931
18154 	 -3.112
18180 	 -2.848
18190 	 -3.636
18234 	 -5
18252 	 -4.976
18262 	 -4.696
18270 	 -3.727
18278 	 -3.664
18286 	 -3.523
18296 	 -4.415
18316 	 -4.46
18328 	 -4.826
18336 	 -4.475
18342 	 -4.514
18348 	 -3.923
18360 	 -3.233
18368 	 -2.775
18384 	 -2.795
18402 	 -2.03
18420 	 -1.079
18426 	 -0.947
18434 	 -0.77
18448 	 -0.26
18472 	 -0.215
18552 	 -0.024
18864 	 -0.012
19002 	 0
21000 	 -1.44
21001 	 -1.44
