0 	 0
3000 	 -1.376
3024 	 -1.496
3050 	 -1.88
3062 	 -2.472
3078 	 -3.176
3112 	 -3.62
3158 	 -3.808
3164 	 -3.728
3186 	 -2.828
3198 	 -2.688
3216 	 -1.912
3232 	 -1.736
3238 	 -1.364
3262 	 -0.608
3296 	 -0.264
3400 	 -0.024
3636 	 -0.008
3904 	 0
6000 	 -2.478
6020 	 -2.638
6042 	 -3.286
6064 	 -3.582
6088 	 -3.11
6120 	 -2.686
6138 	 -2.872
6154 	 -3.312
6180 	 -3.048
6190 	 -3.516
6198 	 -3.5
6234 	 -3.9
6284 	 -4.203
6296 	 -4.179
6346 	 -4.159
6360 	 -2.871
6374 	 -2.271
6376 	 -1.719
6424 	 -1.319
6444 	 -0.761
6504 	 -0.637
6506 	 -0.613
6552 	 -0.501
6634 	 -0.359
6704 	 -0.331
6710 	 -0.307
6726 	 -0.295
6728 	 -0.267
6782 	 -0.263
6894 	 -0.165
6990 	 -0.145
6994 	 -0.125
7002 	 -0.093
7272 	 -0.089
7278 	 -0.085
7290 	 -0.073
7324 	 -0.025
9000 	 -1.433
9024 	 -1.537
9050 	 -2.497
9078 	 -3.177
9112 	 -3.761
9158 	 -3.713
9162 	 -3.797
9174 	 -3.705
9186 	 -2.857
9216 	 -3.589
9232 	 -3.413
9238 	 -3.801
9262 	 -1.973
9268 	 -1.305
9298 	 -0.417
9304 	 -0.413
9306 	 -0.409
9334 	 -0.277
9400 	 -0.025
9660 	 -0.009
9904 	 -0.001
12000 	 -2.54
12002 	 -2.421
12004 	 -2.772
12006 	 -3.911
12010 	 -5.488
12016 	 -6.077
12018 	 -6.123
12020 	 -6.239
12028 	 -6.373
12030 	 -6.441
12032 	 -6.407
12034 	 -6.466
12040 	 -6.237
12042 	 -6.713
12054 	 -6.224
12062 	 -6.442
12064 	 -6.518
12072 	 -6.565
12074 	 -6.086
12088 	 -5.474
12090 	 -5.564
12102 	 -5.448
12120 	 -4.828
12140 	 -5.093
12148 	 -5.353
12154 	 -6.389
12156 	 -6.419
12164 	 -6.309
12166 	 -6.393
12176 	 -6.444
12180 	 -6.516
12186 	 -6.991
12190 	 -7.307
12200 	 -7.419
12212 	 -8.463
12222 	 -8.356
12226 	 -8.628
12228 	 -8.787
12234 	 -10.169
12236 	 -10.258
12244 	 -10.541
12252 	 -9.901
12260 	 -9.584
12264 	 -9.908
12270 	 -10.035
12274 	 -8.783
12280 	 -8.6
12282 	 -8.472
12290 	 -8.2
12296 	 -8.596
12304 	 -8.698
12308 	 -8.683
12322 	 -8.669
12324 	 -8.065
12330 	 -7.996
12332 	 -8.028
12334 	 -8.03
12338 	 -7.778
12340 	 -7.658
12344 	 -6.862
12350 	 -6.843
12358 	 -6.489
12360 	 -5.537
12362 	 -5.434
12366 	 -5.606
12376 	 -5.576
12380 	 -5.424
12382 	 -5.416
12386 	 -5.554
12392 	 -5.477
12394 	 -5.462
12398 	 -5.457
12404 	 -5.185
12412 	 -4.977
12420 	 -4.966
12432 	 -4.755
12436 	 -5.212
12452 	 -5.145
12454 	 -5.223
12458 	 -5.3
12460 	 -5.217
12466 	 -5.674
12476 	 -5.658
12478 	 -5.63
12494 	 -5.591
12496 	 -5.515
12498 	 -5.42
12512 	 -5.39
12520 	 -5.36
12522 	 -5.365
12542 	 -5.099
12552 	 -4.962
12560 	 -4.885
12562 	 -4.864
12574 	 -5.164
12578 	 -5.145
12588 	 -5.144
12590 	 -5.133
12592 	 -4.954
12608 	 -5.032
12612 	 -5.146
12614 	 -5.068
12622 	 -5.027
12626 	 -4.903
12630 	 -5.288
12638 	 -5.284
12640 	 -5.227
12656 	 -5.38
12658 	 -5.359
12668 	 -5.395
12678 	 -5.53
12680 	 -5.388
12700 	 -5.351
12706 	 -5.503
12710 	 -5.499
12716 	 -5.496
12732 	 -5.522
12740 	 -5.518
12752 	 -5.235
12758 	 -5.233
12768 	 -5.364
12784 	 -5.296
12798 	 -5.219
12800 	 -5.271
12804 	 -5.458
12808 	 -5.845
12816 	 -5.837
12820 	 -6.151
12828 	 -6.116
12848 	 -6.25
12864 	 -6.244
12868 	 -6.007
12878 	 -5.877
12888 	 -6.043
12902 	 -6.068
12908 	 -5.414
12916 	 -5.34
12920 	 -5.25
12934 	 -5.189
12942 	 -5.046
12952 	 -5.122
12954 	 -5.053
12972 	 -4.879
12982 	 -4.452
12986 	 -4.426
12996 	 -4.41
13004 	 -4.293
13006 	 -4.303
13008 	 -4.289
13020 	 -4.417
13022 	 -4.333
13026 	 -4.339
13028 	 -4.224
13042 	 -4.184
13046 	 -4.241
13062 	 -4.24
13064 	 -3.996
13068 	 -3.877
13076 	 -4.385
13082 	 -4.95
13090 	 -4.883
13094 	 -4.956
13096 	 -5.25
13102 	 -5.247
13114 	 -5.226
13120 	 -5.178
13126 	 -5.177
13128 	 -5.156
13138 	 -4.886
13142 	 -4.95
13144 	 -5.401
13150 	 -5.255
13152 	 -5.392
13156 	 -5.408
13170 	 -5.425
13174 	 -5.534
13178 	 -5.38
13182 	 -5.128
13192 	 -5.127
13198 	 -4.95
13206 	 -5.018
13208 	 -4.973
13216 	 -4.828
13224 	 -4.897
13246 	 -4.828
13248 	 -4.233
13250 	 -4.092
13256 	 -4.088
13262 	 -4.062
13268 	 -4.052
13270 	 -4.047
13274 	 -4.044
13276 	 -3.89
13278 	 -3.877
13286 	 -3.883
13288 	 -3.819
13290 	 -3.802
13300 	 -4.049
13304 	 -4.084
13308 	 -4.19
13318 	 -4.652
13320 	 -4.589
13328 	 -4.779
13334 	 -5.102
13338 	 -4.926
13344 	 -4.881
13358 	 -4.857
13366 	 -4.994
13372 	 -4.982
13374 	 -4.769
13384 	 -4.658
13388 	 -4.654
13392 	 -4.655
13394 	 -4.485
13398 	 -4.19
13400 	 -4.217
13406 	 -4.2
13408 	 -4.183
13410 	 -4.062
13416 	 -4.105
13418 	 -4.164
13432 	 -4.159
13436 	 -4.064
13440 	 -4.034
13442 	 -3.49
13444 	 -3.654
13454 	 -3.639
13456 	 -3.506
13468 	 -3.547
13470 	 -3.575
13474 	 -3.563
13484 	 -3.745
13494 	 -3.619
13496 	 -3.602
13510 	 -3.566
13514 	 -3.504
13518 	 -3.477
13532 	 -3.531
13534 	 -3.646
13540 	 -3.674
13542 	 -3.67
13546 	 -3.652
13552 	 -3.743
13562 	 -3.84
13568 	 -3.803
13570 	 -3.897
13574 	 -3.841
13594 	 -3.859
13600 	 -3.888
13604 	 -3.766
13618 	 -3.786
13632 	 -3.836
13642 	 -3.886
13648 	 -2.834
13656 	 -2.878
13662 	 -2.895
13670 	 -3.031
13676 	 -2.977
13680 	 -2.819
13694 	 -2.817
13696 	 -2.778
13704 	 -2.285
13710 	 -2.354
13724 	 -2.323
13726 	 -2.279
13730 	 -2.247
13740 	 -2.342
13744 	 -2.245
13756 	 -2.175
13758 	 -2.174
13760 	 -2.127
13764 	 -2.213
13766 	 -2.199
13778 	 -2.182
13784 	 -1.957
13798 	 -1.956
13804 	 -1.64
13820 	 -1.619
13828 	 -1.581
13840 	 -1.713
13846 	 -1.676
13848 	 -1.775
13864 	 -1.864
13878 	 -1.764
13880 	 -1.899
13894 	 -1.898
13900 	 -1.893
13902 	 -1.84
13906 	 -1.938
13912 	 -1.911
13926 	 -1.935
13928 	 -1.913
13942 	 -1.904
13962 	 -1.775
13970 	 -1.766
13972 	 -1.762
13976 	 -1.755
13986 	 -1.998
13988 	 -1.997
13994 	 -1.945
14002 	 -1.89
14020 	 -1.889
14022 	 -1.88
14026 	 -2.03
14028 	 -1.995
14048 	 -1.943
14058 	 -1.933
14064 	 -2.092
14068 	 -2.011
14074 	 -2.069
14086 	 -2.063
14090 	 -2.126
14094 	 -2.125
14102 	 -2.117
14120 	 -2.114
14136 	 -1.987
14138 	 -1.955
14152 	 -1.955
14162 	 -1.945
14178 	 -1.944
14196 	 -1.954
14212 	 -2.114
14218 	 -2.111
14222 	 -2.003
14236 	 -1.979
14248 	 -2.049
14252 	 -2.06
14254 	 -2.021
14270 	 -2.198
14286 	 -2.197
14294 	 -1.954
14304 	 -1.937
14308 	 -1.947
14310 	 -1.699
14318 	 -1.697
14320 	 -1.692
14326 	 -1.645
14340 	 -1.462
14344 	 -1.327
14348 	 -1.208
14354 	 -1.194
14366 	 -1.123
14368 	 -1.148
14370 	 -1.098
14374 	 -1.063
14378 	 -1.023
14386 	 -0.908
14392 	 -0.86
14394 	 -0.84
14398 	 -0.817
14412 	 -0.779
14414 	 -0.762
14422 	 -0.737
14432 	 -0.727
14436 	 -0.717
14444 	 -0.703
14462 	 -0.688
14464 	 -0.681
14490 	 -0.648
14502 	 -0.743
14506 	 -0.741
14530 	 -0.716
14532 	 -0.541
14546 	 -0.509
14548 	 -0.525
14564 	 -0.489
14580 	 -0.328
14588 	 -0.31
14602 	 -0.253
14622 	 -0.235
14640 	 -0.212
14666 	 -0.205
14676 	 -0.188
14682 	 -0.184
14738 	 -0.172
14748 	 -0.163
14828 	 -0.158
15000 	 -1.412
15024 	 -1.552
15050 	 -2.189
15078 	 -2.641
15112 	 -2.88
15158 	 -2.882
15162 	 -2.903
15164 	 -2.892
15174 	 -2.869
15186 	 -2.385
15216 	 -2.56
15222 	 -2.557
15232 	 -2.381
15238 	 -2.507
15262 	 -1.836
15266 	 -1.806
15268 	 -1.719
15276 	 -1.565
15282 	 -1.433
15298 	 -1.26
15300 	 -1.077
15310 	 -1.117
15336 	 -1.418
15342 	 -1.416
15346 	 -1.39
15356 	 -1.558
15372 	 -1.554
15374 	 -1.169
15382 	 -1.168
15400 	 -0.725
15422 	 -0.566
15456 	 -0.302
15470 	 -0.297
15486 	 -0.106
15558 	 -0.039
15660 	 -0.036
15666 	 -0.032
15708 	 -0.026
15864 	 -0.021
15888 	 -0.018
15904 	 -0.01
16362 	 -0.008
16480 	 -0.007
18000 	 -2.128
18020 	 -2.236
18042 	 -2.716
18064 	 -2.81
18088 	 -2.232
18120 	 -1.658
18154 	 -2.416
18180 	 -2.152
18190 	 -2.608
18234 	 -3.44
18252 	 -3.424
18262 	 -3.238
18270 	 -2.592
18278 	 -2.55
18286 	 -2.456
18296 	 -3.002
18316 	 -3.032
18328 	 -3.276
18336 	 -3.042
18342 	 -3.068
18348 	 -2.674
18360 	 -2.166
18368 	 -1.86
18384 	 -1.874
18402 	 -1.364
18420 	 -0.73
18426 	 -0.642
18434 	 -0.524
18448 	 -0.184
18472 	 -0.154
18552 	 -0.016
18864 	 -0.008
19002 	 0
21000 	 -1.44
21001 	 -1.44
