0 	 0
3000 	 -1.376
3024 	 -1.496
3050 	 -1.88
3062 	 -2.472
3078 	 -3.176
3112 	 -3.62
3158 	 -3.808
3164 	 -3.728
3186 	 -2.828
3198 	 -2.688
3216 	 -1.912
3232 	 -1.736
3238 	 -1.364
3262 	 -0.608
3296 	 -0.264
3400 	 -0.024
3636 	 -0.008
3904 	 0
6000 	 -2.478
6020 	 -2.638
6042 	 -3.286
6064 	 -3.582
6088 	 -3.11
6120 	 -2.686
6138 	 -2.872
6154 	 -3.312
6180 	 -3.048
6190 	 -3.516
6198 	 -3.5
6234 	 -3.9
6284 	 -4.203
6296 	 -4.179
6346 	 -4.159
6360 	 -2.871
6374 	 -2.271
6376 	 -1.719
6424 	 -1.319
6444 	 -0.761
6504 	 -0.637
6506 	 -0.613
6552 	 -0.501
6634 	 -0.359
6704 	 -0.331
6710 	 -0.307
6726 	 -0.295
6728 	 -0.267
6782 	 -0.263
6894 	 -0.165
6990 	 -0.145
6994 	 -0.125
7002 	 -0.093
7272 	 -0.089
7278 	 -0.085
7290 	 -0.073
7324 	 -0.025
9000 	 -1.433
9024 	 -1.537
9050 	 -2.497
9078 	 -3.177
9112 	 -3.761
9158 	 -3.713
9162 	 -3.797
9174 	 -3.705
9186 	 -2.857
9216 	 -3.589
9232 	 -3.413
9238 	 -3.801
9262 	 -1.973
9268 	 -1.305
9298 	 -0.417
9304 	 -0.413
9306 	 -0.409
9334 	 -0.277
9400 	 -0.025
9660 	 -0.009
9904 	 -0.001
12000 	 -2.54
12002 	 -2.421
12004 	 -2.892
12006 	 -4.031
12008 	 -5.27
12010 	 -6.847
12012 	 -7.488
12016 	 -8.077
12018 	 -8.123
12020 	 -8.572
12028 	 -8.706
12030 	 -8.774
12032 	 -8.74
12034 	 -8.792
12040 	 -8.767
12042 	 -9.243
12054 	 -8.754
12062 	 -8.946
12064 	 -9.022
12070 	 -9.397
12072 	 -9.444
12074 	 -8.965
12086 	 -9.23
12088 	 -8.618
12090 	 -8.66
12100 	 -8.599
12102 	 -8.483
12120 	 -7.949
12130 	 -7.763
12132 	 -8.037
12140 	 -8.302
12148 	 -8.562
12154 	 -9.73
12156 	 -9.78
12160 	 -10.138
12164 	 -10.028
12166 	 -9.985
12176 	 -9.937
12178 	 -10.2
12180 	 -10.255
12184 	 -10.209
12186 	 -10.522
12188 	 -10.529
12190 	 -10.845
12198 	 -10.823
12200 	 -10.741
12204 	 -10.705
12210 	 -10.728
12212 	 -11.772
12222 	 -11.665
12226 	 -11.938
12228 	 -12.341
12230 	 -12.39
12234 	 -13.772
12236 	 -13.356
12246 	 -13.633
12250 	 -13.607
12252 	 -12.967
12254 	 -12.765
12256 	 -12.64
12260 	 -12.305
12262 	 -12.387
12264 	 -12.357
12266 	 -12.242
12270 	 -12.369
12272 	 -12.368
12274 	 -11.116
12276 	 -10.883
12278 	 -10.951
12282 	 -10.765
12284 	 -10.873
12288 	 -10.789
12290 	 -10.517
12296 	 -10.913
12302 	 -10.881
12304 	 -10.837
12308 	 -10.822
12310 	 -10.762
12314 	 -10.777
12320 	 -10.779
12324 	 -10.175
12326 	 -10.129
12328 	 -10.253
12330 	 -10.243
12332 	 -10.275
12334 	 -10.28
12338 	 -9.76
12344 	 -8.964
12350 	 -8.993
12354 	 -8.981
12358 	 -8.751
12360 	 -7.799
12362 	 -7.767
12368 	 -7.788
12376 	 -7.635
12380 	 -7.577
12382 	 -7.569
12386 	 -7.457
12392 	 -7.646
12398 	 -7.765
12404 	 -7.156
12406 	 -7.23
12412 	 -7.059
12418 	 -6.975
12420 	 -6.964
12432 	 -6.718
12436 	 -7.145
12438 	 -6.555
12444 	 -6.512
12452 	 -6.409
12454 	 -6.518
12456 	 -6.229
12460 	 -6.146
12462 	 -6.132
12464 	 -6.027
12466 	 -6.484
12480 	 -6.578
12494 	 -6.539
12496 	 -6.503
12498 	 -6.485
12500 	 -6.601
12502 	 -6.582
12506 	 -6.854
12508 	 -6.75
12510 	 -6.669
12514 	 -7.109
12516 	 -7.059
12520 	 -7.029
12522 	 -7.092
12528 	 -7.085
12542 	 -7.005
12544 	 -6.977
12548 	 -6.656
12550 	 -6.631
12552 	 -6.511
12568 	 -6.284
12574 	 -6.327
12576 	 -6.323
12580 	 -6.128
12590 	 -6.087
12592 	 -5.908
12604 	 -5.802
12608 	 -6.012
12614 	 -5.969
12622 	 -5.917
12624 	 -5.904
12630 	 -6.238
12634 	 -6.226
12638 	 -6.206
12640 	 -6.097
12656 	 -6.25
12658 	 -6.289
12668 	 -6.393
12672 	 -6.161
12690 	 -5.988
12700 	 -5.961
12708 	 -5.981
12710 	 -5.977
12712 	 -6.119
12714 	 -5.939
12716 	 -5.936
12732 	 -5.967
12740 	 -5.957
12744 	 -5.942
12748 	 -5.859
12758 	 -5.857
12764 	 -6.238
12768 	 -6.445
12776 	 -6.435
12786 	 -6.355
12790 	 -7.013
12798 	 -7.18
12802 	 -7.407
12804 	 -7.405
12814 	 -7.378
12824 	 -7.551
12828 	 -7.516
12842 	 -7.169
12846 	 -7.166
12852 	 -7.015
12856 	 -7.517
12860 	 -7.575
12862 	 -7.483
12864 	 -7.469
12874 	 -7.423
12876 	 -7.411
12880 	 -7.316
12886 	 -7.317
12888 	 -7.514
12892 	 -7.294
12896 	 -7.199
12902 	 -7.221
12904 	 -7.104
12908 	 -6.503
12910 	 -6.567
12916 	 -6.493
12920 	 -6.403
12930 	 -6.216
12932 	 -6.29
12936 	 -6.176
12940 	 -6.331
12942 	 -6.259
12946 	 -6.158
12948 	 -6.266
12952 	 -6.182
12954 	 -6.113
12970 	 -5.5
12972 	 -5.326
12982 	 -5.269
12986 	 -5.228
12988 	 -5.267
12990 	 -5.261
12996 	 -5.263
13004 	 -5.497
13006 	 -5.461
13008 	 -5.447
13014 	 -5.381
13020 	 -5.441
13028 	 -5.281
13030 	 -6.111
13038 	 -6.071
13042 	 -6.128
13048 	 -6.329
13058 	 -6.26
13062 	 -6.311
13064 	 -6.284
13068 	 -6.165
13072 	 -6.191
13080 	 -6.185
13082 	 -6.153
13084 	 -6.204
13092 	 -6.361
13094 	 -6.11
13102 	 -6.107
13104 	 -6.069
13106 	 -5.959
13108 	 -5.927
13114 	 -5.889
13120 	 -5.866
13122 	 -5.884
13126 	 -5.861
13132 	 -5.779
13136 	 -5.617
13138 	 -5.613
13140 	 -5.366
13146 	 -4.877
13148 	 -4.86
13152 	 -4.89
13158 	 -4.884
13162 	 -4.781
13164 	 -4.779
13170 	 -4.561
13172 	 -4.408
13182 	 -4.465
13184 	 -4.368
13192 	 -4.39
13194 	 -4.536
13206 	 -4.893
13208 	 -4.925
13214 	 -4.888
13216 	 -4.87
13220 	 -4.836
13246 	 -4.767
13248 	 -4.507
13250 	 -4.428
13256 	 -4.409
13258 	 -4.407
13262 	 -4.381
13268 	 -4.404
13270 	 -4.399
13274 	 -4.36
13284 	 -4.464
13290 	 -4.447
13296 	 -4.426
13300 	 -4.547
13306 	 -4.628
13308 	 -4.907
13310 	 -4.89
13320 	 -4.882
13328 	 -4.781
13334 	 -5.011
13336 	 -5.023
13348 	 -4.994
13354 	 -5.111
13356 	 -5.141
13360 	 -5.19
13366 	 -4.743
13372 	 -4.731
13382 	 -4.748
13384 	 -4.721
13388 	 -4.717
13398 	 -4.659
13402 	 -4.404
13404 	 -4.496
13406 	 -4.48
13408 	 -4.454
13420 	 -4.559
13428 	 -4.437
13432 	 -4.432
13444 	 -4.405
13446 	 -4.423
13450 	 -4.417
13454 	 -4.401
13458 	 -4.289
13468 	 -4.145
13474 	 -4.133
13484 	 -4.378
13488 	 -4.339
13498 	 -4.386
13500 	 -4.349
13514 	 -4.34
13518 	 -4.312
13538 	 -4.393
13540 	 -4.456
13542 	 -4.452
13544 	 -4.632
13548 	 -4.606
13556 	 -4.559
13568 	 -4.556
13588 	 -4.551
13592 	 -4.552
13604 	 -4.43
13616 	 -4.598
13626 	 -4.593
13632 	 -4.584
13638 	 -4.571
13648 	 -3.73
13672 	 -3.696
13696 	 -3.657
13712 	 -3.703
13716 	 -3.658
13724 	 -3.715
13726 	 -3.714
13730 	 -3.773
13740 	 -3.736
13744 	 -3.629
13760 	 -3.609
13766 	 -3.595
13772 	 -3.712
13796 	 -3.688
13804 	 -2.894
13820 	 -2.888
13826 	 -2.858
13836 	 -2.699
13842 	 -2.736
13856 	 -2.73
13860 	 -2.728
13862 	 -2.685
13874 	 -2.674
13876 	 -2.729
13878 	 -2.629
13884 	 -2.706
13894 	 -2.662
13898 	 -2.481
13900 	 -2.476
13902 	 -2.423
13912 	 -2.417
13914 	 -2.407
13918 	 -2.406
13922 	 -2.373
13942 	 -2.364
13948 	 -2.377
13956 	 -2.425
13972 	 -2.414
13988 	 -2.481
13992 	 -2.376
13994 	 -2.142
14012 	 -2.135
14014 	 -2.068
14020 	 -2.067
14026 	 -2.066
14032 	 -2.176
14040 	 -2.007
14048 	 -2.085
14058 	 -2.08
14062 	 -1.943
14064 	 -1.949
14080 	 -1.899
14094 	 -1.833
14098 	 -1.805
14102 	 -1.649
14104 	 -1.638
14108 	 -1.568
14118 	 -1.512
14120 	 -1.49
14122 	 -1.473
14128 	 -1.472
14136 	 -1.345
14140 	 -0.711
14158 	 -0.691
14160 	 -0.629
14162 	 -0.569
14174 	 -0.567
14176 	 -0.542
14178 	 -0.523
14180 	 -0.503
14194 	 -0.476
14196 	 -0.467
14200 	 -0.443
14212 	 -0.441
14214 	 -0.403
14218 	 -0.394
14228 	 -0.363
14238 	 -0.33
14250 	 -0.317
14260 	 -0.305
14268 	 -0.282
14272 	 -0.267
14280 	 -0.266
14296 	 -0.254
14318 	 -0.252
14326 	 -0.251
14340 	 -0.246
14346 	 -0.237
14348 	 -0.23
14368 	 -0.222
14376 	 -0.215
14378 	 -0.175
14492 	 -0.171
14588 	 -0.169
14598 	 -0.168
14616 	 -0.166
14620 	 -0.161
15000 	 -1.41
15024 	 -1.562
15050 	 -2.324
15078 	 -2.908
15112 	 -3.344
15158 	 -3.385
15162 	 -3.448
15174 	 -3.376
15186 	 -2.702
15216 	 -3.311
15222 	 -3.308
15232 	 -3.132
15238 	 -3.324
15262 	 -2.333
15268 	 -2.072
15282 	 -1.676
15298 	 -1.157
15308 	 -1.174
15310 	 -1.194
15334 	 -1.343
15336 	 -1.492
15342 	 -1.49
15346 	 -1.412
15354 	 -1.497
15356 	 -1.582
15372 	 -1.382
15374 	 -1.192
15382 	 -1.191
15400 	 -0.72
15422 	 -0.554
15456 	 -0.423
15458 	 -0.289
15470 	 -0.284
15486 	 -0.187
15488 	 -0.102
15558 	 -0.067
15566 	 -0.036
15660 	 -0.027
15864 	 -0.023
15888 	 -0.02
15890 	 -0.017
15904 	 -0.009
18000 	 -2.128
18020 	 -2.245
18042 	 -2.757
18064 	 -2.894
18088 	 -2.339
18120 	 -1.764
18154 	 -2.864
18180 	 -2.6
18190 	 -3.253
18234 	 -4.518
18252 	 -4.494
18262 	 -4.307
18270 	 -3.338
18278 	 -3.275
18286 	 -3.134
18296 	 -3.669
18316 	 -3.714
18328 	 -3.958
18336 	 -3.607
18342 	 -3.616
18348 	 -3.025
18360 	 -2.268
18368 	 -1.962
18384 	 -1.976
18402 	 -1.39
18420 	 -0.756
18426 	 -0.668
18434 	 -0.55
18448 	 -0.21
18472 	 -0.18
18552 	 -0.02
18864 	 -0.012
19002 	 0
21000 	 -1.44
21001 	 -1.44
