0 	 0
3000 	 -1.376
3024 	 -1.496
3050 	 -1.88
3062 	 -2.472
3078 	 -3.176
3112 	 -3.62
3158 	 -3.808
3164 	 -3.728
3186 	 -2.828
3198 	 -2.688
3216 	 -1.912
3232 	 -1.736
3238 	 -1.364
3262 	 -0.608
3296 	 -0.264
3400 	 -0.024
3636 	 -0.008
3904 	 0
6000 	 -2.478
6020 	 -2.638
6042 	 -3.286
6064 	 -3.582
6088 	 -3.11
6120 	 -2.686
6138 	 -2.872
6154 	 -3.312
6180 	 -3.048
6190 	 -3.516
6198 	 -3.5
6234 	 -3.9
6284 	 -4.203
6296 	 -4.179
6346 	 -4.159
6360 	 -2.871
6374 	 -2.271
6376 	 -1.719
6424 	 -1.319
6444 	 -0.761
6504 	 -0.637
6506 	 -0.613
6552 	 -0.501
6634 	 -0.359
6704 	 -0.331
6710 	 -0.307
6726 	 -0.295
6728 	 -0.267
6782 	 -0.263
6894 	 -0.165
6990 	 -0.145
6994 	 -0.125
7002 	 -0.093
7272 	 -0.089
7278 	 -0.085
7290 	 -0.073
7324 	 -0.025
9000 	 -1.433
9024 	 -1.537
9050 	 -2.497
9078 	 -3.177
9112 	 -3.761
9158 	 -3.713
9162 	 -3.797
9174 	 -3.705
9186 	 -2.857
9216 	 -3.589
9232 	 -3.413
9238 	 -3.801
9262 	 -1.973
9268 	 -1.305
9298 	 -0.417
9304 	 -0.413
9306 	 -0.409
9334 	 -0.277
9400 	 -0.025
9660 	 -0.009
9904 	 -0.001
12000 	 -2.54
12002 	 -2.421
12004 	 -2.892
12006 	 -4.031
12008 	 -5.27
12010 	 -6.847
12012 	 -7.488
12016 	 -8.077
12018 	 -8.123
12020 	 -8.572
12028 	 -8.706
12030 	 -8.774
12032 	 -8.74
12034 	 -8.792
12040 	 -8.767
12042 	 -9.243
12054 	 -8.754
12062 	 -8.946
12064 	 -9.022
12070 	 -9.396
12072 	 -9.443
12074 	 -8.964
12086 	 -9.229
12088 	 -8.617
12090 	 -8.659
12100 	 -8.592
12102 	 -8.476
12120 	 -7.942
12130 	 -7.916
12132 	 -8.19
12140 	 -8.455
12148 	 -8.715
12154 	 -9.883
12156 	 -9.938
12164 	 -9.828
12166 	 -9.785
12176 	 -9.737
12178 	 -10.114
12180 	 -10.169
12184 	 -10.123
12186 	 -10.488
12188 	 -10.495
12190 	 -10.811
12200 	 -10.69
12204 	 -10.654
12206 	 -10.644
12210 	 -10.594
12212 	 -11.638
12222 	 -11.531
12226 	 -11.804
12228 	 -12.254
12230 	 -12.354
12234 	 -13.736
12236 	 -13.325
12250 	 -13.319
12252 	 -12.679
12254 	 -12.477
12256 	 -12.47
12260 	 -12.135
12264 	 -12.454
12266 	 -12.339
12270 	 -12.466
12272 	 -12.465
12274 	 -11.213
12278 	 -11.28
12282 	 -11.094
12286 	 -10.885
12288 	 -10.801
12290 	 -10.529
12296 	 -10.925
12302 	 -10.892
12304 	 -10.662
12308 	 -10.647
12310 	 -10.32
12312 	 -10.559
12320 	 -10.561
12324 	 -9.906
12328 	 -9.994
12330 	 -9.984
12332 	 -10.016
12338 	 -9.894
12340 	 -9.872
12344 	 -9.076
12350 	 -9.074
12354 	 -8.789
12358 	 -8.495
12360 	 -7.543
12366 	 -7.477
12372 	 -7.278
12376 	 -7.226
12382 	 -7.22
12386 	 -7.131
12390 	 -7.264
12394 	 -6.917
12398 	 -6.912
12404 	 -6.64
12406 	 -6.714
12408 	 -6.64
12412 	 -6.469
12420 	 -6.458
12432 	 -6.406
12436 	 -6.833
12438 	 -6.319
12444 	 -6.27
12452 	 -6.167
12454 	 -6.245
12456 	 -5.889
12460 	 -5.806
12462 	 -5.77
12464 	 -5.709
12466 	 -6.166
12470 	 -6.219
12494 	 -6.18
12496 	 -6.156
12498 	 -5.895
12500 	 -6.002
12502 	 -5.983
12504 	 -5.988
12506 	 -6.005
12508 	 -6.556
12510 	 -6.422
12512 	 -6.349
12516 	 -6.299
12520 	 -6.269
12522 	 -6.26
12524 	 -6.318
12530 	 -6.634
12534 	 -6.526
12540 	 -6.546
12542 	 -6.48
12552 	 -6.36
12564 	 -6.354
12574 	 -6.109
12576 	 -6.089
12578 	 -6.039
12580 	 -6.055
12590 	 -5.989
12592 	 -5.844
12596 	 -5.687
12604 	 -5.682
12608 	 -5.892
12614 	 -5.832
12616 	 -6.019
12626 	 -5.863
12630 	 -6.2
12638 	 -6.196
12640 	 -6.185
12656 	 -6.338
12658 	 -6.317
12668 	 -6.353
12672 	 -6.233
12700 	 -6.206
12704 	 -6.229
12706 	 -6.299
12710 	 -6.295
12714 	 -6.215
12716 	 -6.212
12726 	 -6.254
12732 	 -6.285
12744 	 -6.42
12758 	 -6.418
12762 	 -6.479
12768 	 -6.619
12778 	 -7.216
12786 	 -7.755
12790 	 -7.747
12794 	 -8.013
12802 	 -7.991
12804 	 -8.182
12818 	 -8.116
12824 	 -8.018
12826 	 -8.273
12828 	 -8.238
12830 	 -8.228
12832 	 -8.247
12836 	 -8.971
12842 	 -8.667
12846 	 -8.666
12852 	 -8.663
12854 	 -8.507
12856 	 -8.485
12860 	 -8.566
12864 	 -8.56
12866 	 -8.618
12874 	 -8.572
12888 	 -8.781
12894 	 -8.312
12896 	 -8.217
12898 	 -8.214
12902 	 -8.239
12906 	 -8.115
12908 	 -7.789
12912 	 -7.553
12916 	 -7.57
12918 	 -7.447
12920 	 -7.357
12926 	 -7.207
12932 	 -7.29
12936 	 -7.536
12938 	 -7.576
12942 	 -7.391
12952 	 -7.307
12954 	 -7.232
12960 	 -7.136
12964 	 -6.983
12970 	 -6.978
12972 	 -6.82
12974 	 -6.933
12982 	 -6.872
12986 	 -6.846
12988 	 -6.84
12990 	 -6.834
12996 	 -6.859
12998 	 -6.719
13002 	 -6.818
13004 	 -6.701
13006 	 -6.584
13008 	 -6.57
13010 	 -6.799
13022 	 -7.031
13028 	 -6.911
13034 	 -7.014
13036 	 -7.317
13042 	 -7.135
13046 	 -6.762
13048 	 -6.853
13052 	 -6.847
13054 	 -6.821
13060 	 -6.791
13062 	 -6.734
13064 	 -6.472
13068 	 -6.348
13078 	 -6.321
13080 	 -6.315
13082 	 -6.307
13084 	 -6.055
13086 	 -6.119
13090 	 -6.051
13092 	 -5.951
13094 	 -5.983
13096 	 -5.857
13102 	 -5.829
13110 	 -5.876
13112 	 -6.256
13114 	 -6.235
13118 	 -6.298
13120 	 -6.275
13124 	 -6.919
13126 	 -6.918
13128 	 -6.903
13130 	 -6.895
13136 	 -6.691
13138 	 -6.687
13144 	 -6.659
13146 	 -6.521
13152 	 -6.491
13158 	 -6.714
13162 	 -6.153
13166 	 -6.009
13168 	 -6.098
13172 	 -5.971
13182 	 -6.089
13184 	 -6.165
13186 	 -6.048
13206 	 -6.554
13208 	 -6.598
13210 	 -6.643
13212 	 -6.578
13214 	 -6.547
13222 	 -6.494
13226 	 -6.687
13246 	 -6.618
13248 	 -6.396
13250 	 -6.245
13256 	 -6.241
13258 	 -6.28
13262 	 -6.254
13268 	 -6.244
13270 	 -6.239
13272 	 -6.307
13274 	 -6.254
13276 	 -6.243
13278 	 -6.221
13280 	 -6.26
13288 	 -6.301
13290 	 -6.284
13300 	 -6.321
13306 	 -6.387
13312 	 -6.5
13314 	 -6.529
13328 	 -6.497
13330 	 -6.507
13332 	 -6.569
13340 	 -6.634
13366 	 -6.54
13372 	 -6.628
13374 	 -6.522
13380 	 -6.491
13384 	 -6.38
13388 	 -6.376
13398 	 -6.215
13408 	 -6.212
13432 	 -6.207
13438 	 -6.242
13450 	 -6.42
13454 	 -6.405
13456 	 -6.392
13474 	 -6.38
13478 	 -6.375
13484 	 -6.391
13502 	 -6.386
13510 	 -6.313
13512 	 -6.358
13514 	 -6.349
13518 	 -6.795
13536 	 -6.886
13542 	 -6.882
13544 	 -6.831
13550 	 -6.855
13552 	 -6.992
13568 	 -6.97
13574 	 -6.948
13586 	 -6.945
13594 	 -6.982
13598 	 -6.962
13604 	 -6.818
13618 	 -6.926
13624 	 -7.28
13638 	 -7.128
13648 	 -5.983
13650 	 -5.978
13662 	 -6.054
13674 	 -6.029
13688 	 -5.372
13690 	 -5.237
13692 	 -5.29
13696 	 -5.093
13704 	 -5.033
13706 	 -5.033
13708 	 -5.374
13710 	 -5.377
13718 	 -5.468
13722 	 -5.417
13726 	 -5.621
13728 	 -5.899
13734 	 -5.896
13744 	 -5.411
13748 	 -5.401
13760 	 -5.385
13764 	 -5.93
13766 	 -5.932
13770 	 -5.622
13774 	 -5.516
13786 	 -5.467
13788 	 -5.226
13790 	 -5.193
13796 	 -5.328
13798 	 -5.265
13804 	 -4.825
13808 	 -4.811
13814 	 -4.781
13816 	 -4.704
13820 	 -4.698
13824 	 -4.835
13828 	 -4.733
13838 	 -4.741
13846 	 -4.815
13848 	 -4.814
13856 	 -4.773
13878 	 -3.401
13880 	 -3.436
13882 	 -4.067
13888 	 -4.123
13890 	 -4.149
13892 	 -4.126
13894 	 -3.937
13896 	 -4
13898 	 -3.963
13900 	 -4.056
13902 	 -4.003
13912 	 -3.997
13922 	 -3.866
13928 	 -3.677
13930 	 -3.731
13942 	 -3.722
13946 	 -3.715
13948 	 -3.497
13952 	 -3.489
13956 	 -3.493
13960 	 -3.57
13974 	 -3.414
13976 	 -3.487
13978 	 -3.486
13980 	 -3.104
13996 	 -3.032
14002 	 -2.8
14006 	 -2.627
14008 	 -2.34
14012 	 -2.188
14014 	 -2.166
14016 	 -2.123
14020 	 -2.115
14024 	 -2.1
14028 	 -1.962
14030 	 -1.836
14032 	 -1.832
14034 	 -1.757
14038 	 -1.743
14044 	 -1.679
14046 	 -1.608
14048 	 -1.391
14050 	 -1.378
14052 	 -1.273
14054 	 -1.26
14056 	 -1.264
14058 	 -1.199
14062 	 -1.125
14064 	 -1.122
14068 	 -1.077
14070 	 -1.075
14074 	 -1.053
14092 	 -0.867
14102 	 -0.836
14112 	 -0.832
14120 	 -0.829
14124 	 -0.767
14136 	 -0.64
14138 	 -0.468
14144 	 -0.349
14170 	 -0.342
14180 	 -0.335
14190 	 -0.334
14212 	 -0.311
14216 	 -0.302
14240 	 -0.294
14252 	 -0.284
14276 	 -0.283
14290 	 -0.277
14292 	 -0.259
14318 	 -0.257
14324 	 -0.255
14326 	 -0.254
14336 	 -0.247
14346 	 -0.245
14374 	 -0.24
14378 	 -0.2
14384 	 -0.187
14398 	 -0.185
14408 	 -0.181
14414 	 -0.17
14420 	 -0.169
14480 	 -0.155
14506 	 -0.153
14524 	 -0.152
15000 	 -1.413
15024 	 -1.564
15050 	 -2.186
15078 	 -2.643
15112 	 -2.895
15158 	 -2.961
15162 	 -3.002
15174 	 -2.955
15186 	 -2.55
15216 	 -2.681
15222 	 -2.678
15232 	 -2.502
15238 	 -2.665
15262 	 -2.285
15268 	 -2.113
15282 	 -1.848
15298 	 -1.501
15310 	 -1.562
15334 	 -1.561
15336 	 -2.009
15342 	 -2.005
15346 	 -1.953
15356 	 -2.207
15372 	 -2.203
15374 	 -1.629
15382 	 -1.628
15400 	 -1.066
15422 	 -0.827
15456 	 -0.432
15470 	 -0.428
15486 	 -0.142
15558 	 -0.04
15660 	 -0.034
15708 	 -0.028
15864 	 -0.019
15888 	 -0.016
15904 	 -0.008
16368 	 -0.007
18000 	 -2.128
18020 	 -2.245
18042 	 -2.757
18064 	 -2.891
18088 	 -2.353
18120 	 -1.825
18154 	 -2.664
18180 	 -2.4
18190 	 -2.991
18234 	 -3.922
18252 	 -3.906
18262 	 -3.627
18270 	 -2.981
18278 	 -2.939
18286 	 -2.845
18296 	 -3.748
18316 	 -3.778
18328 	 -4.144
18336 	 -3.91
18342 	 -3.966
18348 	 -3.572
18360 	 -3.131
18368 	 -2.672
18384 	 -2.693
18402 	 -2.004
18420 	 -1.053
18426 	 -0.921
18434 	 -0.744
18448 	 -0.234
18472 	 -0.189
18552 	 -0.02
18864 	 -0.008
19002 	 0
21000 	 -1.44
21001 	 -1.44
