0 	 0
3000 	 -1.376
3024 	 -1.496
3050 	 -1.88
3062 	 -2.472
3078 	 -3.176
3112 	 -3.62
3158 	 -3.808
3164 	 -3.728
3186 	 -2.828
3198 	 -2.688
3216 	 -1.912
3232 	 -1.736
3238 	 -1.364
3262 	 -0.608
3296 	 -0.264
3400 	 -0.024
3636 	 -0.008
3904 	 0
6000 	 -2.478
6020 	 -2.638
6042 	 -3.286
6064 	 -3.582
6088 	 -3.11
6120 	 -2.686
6138 	 -2.872
6154 	 -3.312
6180 	 -3.048
6190 	 -3.516
6198 	 -3.5
6234 	 -3.9
6284 	 -4.203
6296 	 -4.179
6346 	 -4.159
6360 	 -2.871
6374 	 -2.271
6376 	 -1.719
6424 	 -1.319
6444 	 -0.761
6504 	 -0.637
6506 	 -0.613
6552 	 -0.501
6634 	 -0.359
6704 	 -0.331
6710 	 -0.307
6726 	 -0.295
6728 	 -0.267
6782 	 -0.263
6894 	 -0.165
6990 	 -0.145
6994 	 -0.125
7002 	 -0.093
7272 	 -0.089
7278 	 -0.085
7290 	 -0.073
7324 	 -0.025
9000 	 -1.433
9024 	 -1.537
9050 	 -2.497
9078 	 -3.177
9112 	 -3.761
9158 	 -3.713
9162 	 -3.797
9174 	 -3.705
9186 	 -2.857
9216 	 -3.589
9232 	 -3.413
9238 	 -3.801
9262 	 -1.973
9268 	 -1.305
9298 	 -0.417
9304 	 -0.413
9306 	 -0.409
9334 	 -0.277
9400 	 -0.025
9660 	 -0.009
9904 	 -0.001
12000 	 -2.554
12002 	 -2.49
12004 	 -3.281
12006 	 -4.631
12008 	 -5.136
12010 	 -6.281
12012 	 -6.487
12016 	 -6.944
12020 	 -7.173
12028 	 -7.307
12030 	 -7.375
12032 	 -7.183
12040 	 -7.023
12042 	 -7.499
12048 	 -7.296
12054 	 -6.807
12064 	 -6.907
12070 	 -6.878
12072 	 -6.925
12074 	 -6.446
12088 	 -5.834
12100 	 -5.742
12102 	 -5.521
12108 	 -5.575
12120 	 -5.047
12130 	 -4.836
12140 	 -5.101
12148 	 -5.361
12154 	 -6.397
12160 	 -6.484
12162 	 -6.457
12164 	 -6.347
12168 	 -6.662
12178 	 -6.684
12180 	 -6.756
12186 	 -7.058
12190 	 -7.374
12198 	 -7.322
12200 	 -7.324
12212 	 -8.368
12226 	 -8.64
12228 	 -8.799
12230 	 -8.886
12234 	 -10.268
12248 	 -10.617
12252 	 -9.977
12254 	 -9.876
12260 	 -9.653
12270 	 -9.78
12274 	 -8.528
12276 	 -8.675
12282 	 -8.518
12290 	 -8.246
12292 	 -8.115
12296 	 -8.511
12304 	 -8.467
12324 	 -7.863
12332 	 -7.895
12334 	 -8.102
12338 	 -7.85
12344 	 -7.022
12350 	 -7.003
12354 	 -6.883
12358 	 -6.549
12360 	 -5.597
12364 	 -5.594
12376 	 -5.564
12380 	 -5.614
12382 	 -5.606
12388 	 -5.602
12398 	 -5.713
12400 	 -5.684
12404 	 -5.385
12410 	 -5.28
12412 	 -5.072
12420 	 -5.061
12436 	 -5.552
12438 	 -5.259
12452 	 -5.156
12454 	 -5.234
12460 	 -5.151
12462 	 -5.202
12466 	 -5.75
12470 	 -5.73
12488 	 -5.696
12490 	 -5.679
12494 	 -5.64
12498 	 -5.545
12504 	 -5.475
12506 	 -5.44
12520 	 -5.41
12522 	 -5.415
12540 	 -5.502
12542 	 -5.436
12550 	 -5.193
12552 	 -5.058
12570 	 -5.052
12572 	 -5.028
12574 	 -5.232
12590 	 -5.221
12592 	 -5.042
12602 	 -4.718
12608 	 -4.94
12610 	 -4.893
12630 	 -5.344
12634 	 -5.237
12638 	 -5.233
12640 	 -5.176
12646 	 -5.171
12656 	 -5.324
12658 	 -5.303
12668 	 -5.472
12678 	 -5.454
12686 	 -5.446
12694 	 -5.434
12706 	 -5.462
12710 	 -5.458
12716 	 -5.455
12732 	 -5.481
12736 	 -5.457
12742 	 -5.428
12758 	 -5.426
12768 	 -5.383
12776 	 -5.373
12784 	 -5.346
12792 	 -5.28
12804 	 -5.467
12820 	 -5.913
12828 	 -5.878
12830 	 -6.078
12852 	 -6.18
12864 	 -6.174
12872 	 -6.007
12888 	 -6.021
12902 	 -6.046
12906 	 -6.04
12908 	 -5.351
12916 	 -5.277
12920 	 -5.185
12922 	 -5.167
12934 	 -5.137
12942 	 -4.997
12954 	 -4.928
12972 	 -4.754
12982 	 -4.536
12986 	 -4.51
12990 	 -4.507
12996 	 -4.491
13004 	 -4.374
13006 	 -4.34
13008 	 -4.326
13014 	 -4.324
13028 	 -4.204
13042 	 -4.164
13060 	 -4.207
13064 	 -3.932
13068 	 -3.813
13076 	 -4.014
13082 	 -4.006
13092 	 -4.414
13100 	 -4.405
13102 	 -4.402
13104 	 -5.004
13112 	 -5.158
13114 	 -5.135
13116 	 -5.253
13120 	 -5.23
13126 	 -5.229
13128 	 -5.208
13132 	 -5.231
13144 	 -5.227
13148 	 -5.358
13150 	 -5.125
13152 	 -5.115
13160 	 -5.496
13164 	 -5.303
13172 	 -5.334
13176 	 -5.546
13206 	 -5.166
13214 	 -5.06
13222 	 -5.151
13226 	 -5.236
13246 	 -5.167
13248 	 -4.146
13250 	 -4.005
13252 	 -4.253
13256 	 -4.249
13262 	 -4.223
13268 	 -4.213
13270 	 -4.208
13272 	 -3.879
13274 	 -3.876
13290 	 -3.859
13294 	 -3.912
13308 	 -4.053
13314 	 -4.049
13318 	 -4.217
13328 	 -4.178
13344 	 -4.842
13346 	 -4.675
13352 	 -4.65
13354 	 -4.732
13362 	 -4.699
13366 	 -4.774
13370 	 -4.74
13372 	 -4.728
13374 	 -4.71
13384 	 -4.599
13388 	 -4.595
13390 	 -4.333
13394 	 -4.299
13398 	 -4.241
13402 	 -4.135
13410 	 -4.177
13418 	 -4.151
13424 	 -4.183
13428 	 -4.163
13432 	 -4.158
13438 	 -4.148
13446 	 -4.003
13454 	 -3.987
13458 	 -3.966
13460 	 -3.745
13462 	 -3.399
13470 	 -3.264
13474 	 -3.176
13480 	 -3.242
13484 	 -3.35
13496 	 -3.261
13498 	 -3.227
13504 	 -3.28
13514 	 -3.269
13516 	 -3.217
13518 	 -3.146
13520 	 -3.143
13522 	 -3.179
13526 	 -3.307
13542 	 -3.303
13560 	 -3.299
13598 	 -3.388
13604 	 -3.266
13606 	 -3.304
13634 	 -3.366
13646 	 -3.386
13648 	 -2.28
13658 	 -2.268
13666 	 -2.283
13668 	 -2.33
13674 	 -2.335
13684 	 -2.214
13688 	 -2.211
13696 	 -2.172
13706 	 -1.908
13724 	 -1.723
13730 	 -2.025
13744 	 -1.928
13760 	 -1.908
13766 	 -1.894
13772 	 -1.726
13780 	 -1.714
13804 	 -1.536
13806 	 -1.535
13814 	 -1.53
13820 	 -1.524
13838 	 -1.502
13844 	 -1.46
13846 	 -1.427
13878 	 -1.327
13900 	 -1.322
13902 	 -1.269
13912 	 -1.263
13942 	 -1.246
13952 	 -1.667
13968 	 -1.657
13970 	 -1.658
13998 	 -1.84
14000 	 -1.953
14004 	 -1.946
14020 	 -1.945
14048 	 -1.893
14052 	 -1.617
14056 	 -1.389
14058 	 -1.384
14074 	 -1.439
14084 	 -1.506
14108 	 -1.501
14114 	 -1.513
14120 	 -1.509
14136 	 -1.382
14146 	 -1.356
14148 	 -1.342
14154 	 -1.393
14164 	 -1.309
14188 	 -1.489
14194 	 -1.454
14200 	 -1.419
14208 	 -1.502
14212 	 -1.5
14216 	 -1.527
14232 	 -1.502
14238 	 -1.481
14240 	 -1.479
14246 	 -1.286
14248 	 -1.404
14254 	 -1.383
14256 	 -1.378
14276 	 -1.07
14294 	 -1.024
14310 	 -0.925
14318 	 -0.923
14322 	 -0.881
14326 	 -0.844
14340 	 -0.826
14348 	 -0.776
14368 	 -0.735
14378 	 -0.695
14384 	 -0.669
14398 	 -0.648
14400 	 -0.608
14460 	 -0.579
14468 	 -0.572
14474 	 -0.568
14550 	 -0.668
14568 	 -0.654
14610 	 -0.652
14624 	 -0.742
14634 	 -0.741
14696 	 -0.722
14698 	 -0.702
14784 	 -0.603
14808 	 -0.571
14866 	 -0.541
14896 	 -0.538
14932 	 -0.449
15000 	 -1.573
15024 	 -1.717
15050 	 -2.189
15074 	 -2.152
15078 	 -2.382
15090 	 -2.422
15112 	 -2.478
15158 	 -2.418
15164 	 -2.367
15186 	 -2.007
15216 	 -1.876
15222 	 -1.873
15232 	 -1.697
15238 	 -1.71
15262 	 -1.377
15266 	 -1.354
15276 	 -1.206
15300 	 -1.033
15310 	 -1.074
15336 	 -1.372
15342 	 -1.37
15356 	 -1.54
15372 	 -1.536
15374 	 -1.156
15382 	 -1.155
15400 	 -0.743
15422 	 -0.583
15456 	 -0.321
15470 	 -0.316
15480 	 -0.299
15486 	 -0.107
15558 	 -0.037
15662 	 -0.034
15864 	 -0.026
15888 	 -0.023
15904 	 -0.015
16376 	 -0.009
18000 	 -2.128
18020 	 -2.227
18042 	 -2.675
18064 	 -2.726
18088 	 -2.125
18120 	 -1.552
18154 	 -1.968
18180 	 -1.704
18190 	 -1.963
18234 	 -2.362
18252 	 -2.354
18262 	 -2.168
18270 	 -1.845
18278 	 -1.824
18286 	 -1.777
18296 	 -2.335
18316 	 -2.35
18328 	 -2.594
18336 	 -2.477
18342 	 -2.52
18348 	 -2.323
18360 	 -2.064
18368 	 -1.758
18384 	 -1.772
18402 	 -1.338
18420 	 -0.704
18426 	 -0.616
18434 	 -0.498
18448 	 -0.158
18472 	 -0.128
18552 	 -0.012
18864 	 -0.004
19002 	 0
21000 	 -1.44
21001 	 -1.44
