0 	 0
3000 	 -1.376
3024 	 -1.496
3050 	 -1.88
3062 	 -2.472
3078 	 -3.176
3112 	 -3.62
3158 	 -3.808
3164 	 -3.728
3186 	 -2.828
3198 	 -2.688
3216 	 -1.912
3232 	 -1.736
3238 	 -1.364
3262 	 -0.608
3296 	 -0.264
3400 	 -0.024
3636 	 -0.008
3904 	 0
6000 	 -2.478
6020 	 -2.638
6042 	 -3.286
6064 	 -3.582
6088 	 -3.11
6120 	 -2.686
6138 	 -2.872
6154 	 -3.312
6180 	 -3.048
6190 	 -3.516
6198 	 -3.5
6234 	 -3.9
6284 	 -4.203
6296 	 -4.179
6346 	 -4.159
6360 	 -2.871
6374 	 -2.271
6376 	 -1.719
6424 	 -1.319
6444 	 -0.761
6504 	 -0.637
6506 	 -0.613
6552 	 -0.501
6634 	 -0.359
6704 	 -0.331
6710 	 -0.307
6726 	 -0.295
6728 	 -0.267
6782 	 -0.263
6894 	 -0.165
6990 	 -0.145
6994 	 -0.125
7002 	 -0.093
7272 	 -0.089
7278 	 -0.085
7290 	 -0.073
7324 	 -0.025
9000 	 -1.433
9024 	 -1.537
9050 	 -2.497
9078 	 -3.177
9112 	 -3.761
9158 	 -3.713
9162 	 -3.797
9174 	 -3.705
9186 	 -2.857
9216 	 -3.589
9232 	 -3.413
9238 	 -3.801
9262 	 -1.973
9268 	 -1.305
9298 	 -0.417
9304 	 -0.413
9306 	 -0.409
9334 	 -0.277
9400 	 -0.025
9660 	 -0.009
9904 	 -0.001
12000 	 -2.554
12002 	 -2.49
12004 	 -3.321
12006 	 -4.671
12008 	 -5.593
12010 	 -6.738
12012 	 -7.155
12016 	 -7.612
12020 	 -7.948
12028 	 -8.082
12030 	 -8.15
12032 	 -7.958
12040 	 -7.816
12042 	 -8.292
12048 	 -8.089
12054 	 -7.6
12064 	 -7.7
12070 	 -7.671
12072 	 -7.718
12074 	 -7.239
12086 	 -7.504
12088 	 -6.892
12100 	 -6.8
12102 	 -6.579
12108 	 -6.633
12120 	 -6.105
12130 	 -5.894
12132 	 -6.214
12140 	 -6.479
12148 	 -6.739
12154 	 -7.907
12160 	 -7.994
12162 	 -7.967
12164 	 -7.857
12168 	 -8.172
12178 	 -8.194
12180 	 -8.283
12186 	 -8.585
12190 	 -8.901
12198 	 -8.849
12200 	 -8.851
12212 	 -9.895
12226 	 -10.163
12228 	 -10.322
12230 	 -10.409
12234 	 -11.791
12236 	 -11.363
12248 	 -11.732
12252 	 -11.092
12254 	 -10.991
12260 	 -10.75
12270 	 -10.877
12272 	 -10.876
12274 	 -9.624
12276 	 -9.771
12282 	 -9.614
12284 	 -9.659
12290 	 -9.387
12292 	 -9.256
12296 	 -9.652
12302 	 -9.874
12304 	 -9.83
12324 	 -9.226
12328 	 -9.394
12332 	 -9.426
12334 	 -9.715
12338 	 -9.463
12344 	 -8.635
12350 	 -8.616
12352 	 -8.774
12354 	 -8.642
12358 	 -8.361
12360 	 -7.409
12364 	 -7.406
12376 	 -7.376
12380 	 -7.55
12382 	 -7.63
12386 	 -7.558
12388 	 -7.554
12398 	 -7.549
12400 	 -7.52
12404 	 -7.229
12406 	 -7.408
12410 	 -7.303
12412 	 -7.24
12420 	 -7.229
12436 	 -7.736
12438 	 -7.466
12444 	 -7.529
12452 	 -7.426
12454 	 -7.504
12460 	 -7.421
12464 	 -7.372
12466 	 -7.907
12470 	 -7.894
12488 	 -7.86
12490 	 -7.843
12494 	 -7.804
12496 	 -7.812
12498 	 -7.717
12500 	 -7.678
12502 	 -7.659
12504 	 -7.576
12506 	 -7.278
12516 	 -7.311
12520 	 -7.281
12522 	 -7.286
12524 	 -7.216
12528 	 -7.248
12542 	 -7.182
12544 	 -7.376
12550 	 -6.999
12552 	 -7.004
12570 	 -6.998
12574 	 -7.79
12590 	 -7.749
12592 	 -7.57
12602 	 -7.307
12604 	 -7.302
12608 	 -7.44
12612 	 -7.376
12614 	 -7.44
12630 	 -7.625
12632 	 -7.611
12638 	 -7.607
12640 	 -7.305
12646 	 -7.127
12656 	 -7.28
12658 	 -7.259
12668 	 -7.295
12670 	 -7.14
12676 	 -7.117
12678 	 -7.108
12686 	 -7.1
12694 	 -7.088
12700 	 -7.247
12710 	 -7.243
12714 	 -7.102
12716 	 -7.099
12722 	 -6.998
12726 	 -7.1
12732 	 -7.126
12736 	 -7.095
12740 	 -7.095
12742 	 -7.066
12746 	 -7.117
12758 	 -7.115
12760 	 -7.059
12768 	 -7.102
12776 	 -7.092
12782 	 -7.147
12784 	 -7.12
12786 	 -6.852
12798 	 -6.857
12802 	 -6.835
12804 	 -6.87
12808 	 -6.816
12824 	 -6.832
12828 	 -6.778
12834 	 -7.807
12850 	 -8.175
12860 	 -8.343
12864 	 -8.337
12874 	 -8.291
12888 	 -8.47
12896 	 -7.716
12902 	 -7.815
12906 	 -7.812
12908 	 -7.832
12910 	 -7.708
12916 	 -7.639
12918 	 -7.799
12920 	 -7.707
12926 	 -7.59
12934 	 -7.626
12942 	 -7.524
12950 	 -6.89
12952 	 -6.806
12954 	 -6.737
12960 	 -6.695
12970 	 -6.762
12972 	 -6.329
12976 	 -6.18
12982 	 -5.816
12986 	 -5.787
12988 	 -5.741
12990 	 -5.727
12992 	 -5.861
12994 	 -6.002
12996 	 -6.015
13004 	 -5.898
13006 	 -5.908
13008 	 -5.894
13024 	 -5.882
13028 	 -5.762
13034 	 -5.167
13042 	 -5.127
13050 	 -5.029
13052 	 -5.074
13064 	 -4.831
13068 	 -4.712
13070 	 -4.724
13072 	 -4.704
13080 	 -4.698
13082 	 -5.157
13088 	 -5.016
13090 	 -5.147
13092 	 -5.518
13098 	 -5.603
13102 	 -5.6
13106 	 -5.705
13110 	 -5.813
13112 	 -5.674
13114 	 -5.651
13120 	 -5.628
13122 	 -5.671
13124 	 -5.772
13126 	 -5.771
13128 	 -5.731
13134 	 -5.539
13138 	 -5.501
13144 	 -5.497
13148 	 -5.543
13150 	 -5.596
13152 	 -5.454
13174 	 -5.545
13178 	 -5.375
13206 	 -4.793
13214 	 -4.718
13222 	 -4.68
13234 	 -4.511
13236 	 -4.529
13246 	 -4.46
13248 	 -4.238
13250 	 -4.097
13256 	 -4.104
13258 	 -4.102
13260 	 -4.14
13262 	 -4.114
13268 	 -4.109
13270 	 -4.104
13272 	 -4.193
13274 	 -4.19
13290 	 -4.173
13292 	 -4.156
13306 	 -4.208
13310 	 -4.21
13316 	 -4.191
13328 	 -4.152
13346 	 -4.228
13348 	 -4.317
13366 	 -4.177
13372 	 -4.165
13374 	 -4.119
13384 	 -4.008
13388 	 -4.004
13394 	 -4.026
13396 	 -4.046
13398 	 -3.988
13408 	 -3.939
13414 	 -3.974
13416 	 -3.973
13418 	 -4.018
13432 	 -3.959
13438 	 -3.944
13446 	 -3.932
13452 	 -3.79
13454 	 -3.779
13456 	 -3.645
13462 	 -3.644
13474 	 -3.607
13478 	 -3.443
13484 	 -3.558
13506 	 -3.539
13510 	 -3.493
13514 	 -3.362
13520 	 -3.359
13534 	 -3.289
13542 	 -3.285
13548 	 -3.397
13552 	 -3.376
13564 	 -3.349
13578 	 -3.293
13604 	 -3.171
13608 	 -3.153
13648 	 -2.223
13668 	 -2.178
13676 	 -2.169
13680 	 -2.197
13684 	 -2.191
13696 	 -2.152
13700 	 -2.131
13708 	 -2.351
13722 	 -2.146
13726 	 -2.044
13738 	 -1.965
13744 	 -1.868
13754 	 -1.817
13756 	 -1.871
13760 	 -1.851
13766 	 -1.847
13774 	 -1.82
13776 	 -1.768
13794 	 -1.71
13804 	 -1.42
13816 	 -1.418
13820 	 -1.412
13834 	 -1.592
13838 	 -1.534
13852 	 -1.617
13878 	 -1.639
13900 	 -1.634
13902 	 -1.503
13912 	 -1.497
13918 	 -1.569
13942 	 -1.56
13956 	 -1.692
13968 	 -1.626
13978 	 -1.597
13982 	 -1.594
13988 	 -1.691
13994 	 -1.663
14000 	 -1.648
14008 	 -1.638
14020 	 -1.679
14032 	 -1.765
14048 	 -1.713
14052 	 -1.685
14058 	 -1.735
14062 	 -1.723
14064 	 -1.72
14068 	 -1.726
14082 	 -1.856
14084 	 -1.853
14086 	 -1.984
14106 	 -1.971
14120 	 -1.97
14126 	 -1.963
14128 	 -1.956
14130 	 -1.975
14132 	 -2.074
14136 	 -1.947
14140 	 -2.053
14182 	 -1.915
14192 	 -2.023
14194 	 -1.949
14208 	 -1.904
14210 	 -1.863
14212 	 -1.861
14220 	 -1.86
14238 	 -1.884
14240 	 -1.883
14256 	 -1.996
14262 	 -2.164
14270 	 -2.15
14276 	 -2.191
14300 	 -2.187
14318 	 -2.185
14320 	 -2.032
14326 	 -2.031
14360 	 -1.878
14370 	 -2.005
14376 	 -1.974
14378 	 -1.934
14388 	 -1.848
14392 	 -1.797
14398 	 -1.776
14408 	 -1.631
14414 	 -1.599
14418 	 -1.576
14428 	 -1.387
14434 	 -1.318
14440 	 -1.295
14444 	 -1.261
14458 	 -1.243
14472 	 -1.434
14474 	 -1.303
14476 	 -1.277
14486 	 -1.262
14502 	 -1.236
14504 	 -1.161
14508 	 -1.157
14514 	 -0.908
14518 	 -0.899
14530 	 -0.913
14546 	 -0.823
14552 	 -0.706
14566 	 -0.7
14570 	 -0.629
14574 	 -0.596
14590 	 -0.591
14596 	 -0.54
14608 	 -0.519
14618 	 -0.501
14624 	 -0.473
14628 	 -0.361
14646 	 -0.345
14670 	 -0.336
14674 	 -0.321
14702 	 -0.232
14748 	 -0.225
14784 	 -0.224
14788 	 -0.193
14796 	 -0.185
14814 	 -0.183
14858 	 -0.181
15000 	 -1.426
15024 	 -1.59
15050 	 -2.324
15078 	 -2.914
15112 	 -3.338
15158 	 -3.359
15162 	 -3.421
15174 	 -3.351
15186 	 -2.832
15216 	 -3.285
15222 	 -3.284
15232 	 -3.108
15238 	 -3.33
15262 	 -2.23
15266 	 -2.173
15268 	 -2.087
15276 	 -1.787
15282 	 -1.654
15298 	 -1.481
15300 	 -1.137
15310 	 -1.178
15336 	 -1.477
15342 	 -1.475
15346 	 -1.449
15350 	 -1.427
15356 	 -1.597
15372 	 -1.593
15374 	 -1.208
15382 	 -1.207
15400 	 -0.734
15422 	 -0.575
15456 	 -0.311
15470 	 -0.306
15486 	 -0.115
15558 	 -0.048
15620 	 -0.045
15656 	 -0.042
15660 	 -0.035
15708 	 -0.029
15796 	 -0.028
15864 	 -0.023
15888 	 -0.022
15904 	 -0.014
15966 	 -0.011
15978 	 -0.009
16230 	 -0.008
18000 	 -2.128
18020 	 -2.245
18042 	 -2.757
18064 	 -2.894
18088 	 -2.339
18120 	 -1.764
18154 	 -2.864
18180 	 -2.6
18190 	 -3.253
18234 	 -4.518
18252 	 -4.494
18262 	 -4.308
18270 	 -3.339
18278 	 -3.276
18286 	 -3.135
18296 	 -3.669
18316 	 -3.714
18328 	 -3.958
18336 	 -3.607
18342 	 -3.616
18348 	 -3.025
18360 	 -2.268
18368 	 -1.962
18384 	 -1.976
18402 	 -1.39
18420 	 -0.756
18426 	 -0.668
18434 	 -0.55
18448 	 -0.21
18472 	 -0.18
18552 	 -0.02
18864 	 -0.012
19002 	 0
21000 	 -1.44
21001 	 -1.44
