0 	 0
3000 	 -1.376
3024 	 -1.496
3050 	 -1.88
3062 	 -2.472
3078 	 -3.176
3112 	 -3.62
3158 	 -3.808
3164 	 -3.728
3186 	 -2.828
3198 	 -2.688
3216 	 -1.912
3232 	 -1.736
3238 	 -1.364
3262 	 -0.608
3296 	 -0.264
3400 	 -0.024
3636 	 -0.008
3904 	 0
6000 	 -2.478
6020 	 -2.638
6042 	 -3.286
6064 	 -3.582
6088 	 -3.11
6120 	 -2.686
6138 	 -2.872
6154 	 -3.312
6180 	 -3.048
6190 	 -3.516
6198 	 -3.5
6234 	 -3.9
6284 	 -4.203
6296 	 -4.179
6346 	 -4.159
6360 	 -2.871
6374 	 -2.271
6376 	 -1.719
6424 	 -1.319
6444 	 -0.761
6504 	 -0.637
6506 	 -0.613
6552 	 -0.501
6634 	 -0.359
6704 	 -0.331
6710 	 -0.307
6726 	 -0.295
6728 	 -0.267
6782 	 -0.263
6894 	 -0.165
6990 	 -0.145
6994 	 -0.125
7002 	 -0.093
7272 	 -0.089
7278 	 -0.085
7290 	 -0.073
7324 	 -0.025
9000 	 -1.433
9024 	 -1.537
9050 	 -2.497
9078 	 -3.177
9112 	 -3.761
9158 	 -3.713
9162 	 -3.797
9174 	 -3.705
9186 	 -2.857
9216 	 -3.589
9232 	 -3.413
9238 	 -3.801
9262 	 -1.973
9268 	 -1.305
9298 	 -0.417
9304 	 -0.413
9306 	 -0.409
9334 	 -0.277
9400 	 -0.025
9660 	 -0.009
9904 	 -0.001
12000 	 -2.554
12002 	 -2.49
12004 	 -3.321
12006 	 -4.671
12008 	 -5.587
12010 	 -6.732
12012 	 -7.153
12016 	 -7.61
12020 	 -7.952
12028 	 -8.086
12030 	 -8.154
12032 	 -7.961
12040 	 -7.908
12042 	 -8.384
12048 	 -8.149
12054 	 -7.66
12064 	 -7.76
12070 	 -7.915
12072 	 -7.962
12074 	 -7.483
12088 	 -6.871
12100 	 -6.775
12102 	 -6.534
12114 	 -6.675
12120 	 -6.147
12130 	 -5.934
12140 	 -6.199
12148 	 -6.459
12154 	 -7.495
12162 	 -7.468
12164 	 -7.358
12178 	 -7.403
12180 	 -7.475
12184 	 -7.327
12186 	 -7.629
12190 	 -7.945
12192 	 -7.888
12198 	 -7.858
12200 	 -7.646
12210 	 -7.712
12212 	 -8.756
12226 	 -9.019
12228 	 -9.178
12230 	 -9.029
12234 	 -10.411
12242 	 -10.45
12248 	 -10.444
12252 	 -9.765
12254 	 -9.888
12260 	 -9.571
12264 	 -9.506
12270 	 -9.633
12274 	 -8.381
12276 	 -8.587
12282 	 -8.29
12290 	 -8.018
12296 	 -8.414
12304 	 -8.32
12320 	 -8.322
12324 	 -7.718
12330 	 -7.824
12332 	 -7.856
12334 	 -7.735
12338 	 -7.483
12344 	 -6.687
12350 	 -6.668
12352 	 -6.772
12358 	 -6.411
12360 	 -5.459
12376 	 -5.29
12382 	 -5.206
12398 	 -5.191
12402 	 -5.012
12404 	 -4.74
12412 	 -4.532
12420 	 -4.521
12436 	 -5.008
12438 	 -4.608
12444 	 -4.635
12452 	 -4.532
12454 	 -4.61
12460 	 -4.527
12462 	 -4.582
12466 	 -5.039
12472 	 -5.481
12494 	 -5.442
12498 	 -5.431
12510 	 -5.518
12520 	 -5.488
12522 	 -5.493
12528 	 -5.594
12532 	 -5.585
12542 	 -5.519
12550 	 -5.344
12552 	 -5.224
12574 	 -5.541
12578 	 -5.51
12584 	 -5.367
12590 	 -5.356
12592 	 -5.177
12608 	 -5.387
12618 	 -5.189
12624 	 -5.017
12630 	 -5.415
12638 	 -5.411
12640 	 -5.354
12652 	 -5.049
12656 	 -5.202
12658 	 -5.181
12668 	 -5.217
12670 	 -5.191
12682 	 -5.275
12690 	 -5.277
12698 	 -5.808
12710 	 -5.804
12714 	 -5.645
12716 	 -5.642
12718 	 -5.868
12732 	 -5.894
12742 	 -5.879
12758 	 -5.877
12768 	 -5.793
12776 	 -5.703
12804 	 -5.84
12814 	 -5.838
12826 	 -5.649
12828 	 -5.614
12838 	 -5.69
12840 	 -5.694
12850 	 -5.769
12864 	 -5.763
12870 	 -5.619
12888 	 -5.789
12902 	 -5.814
12908 	 -5.233
12912 	 -5.339
12914 	 -5.325
12916 	 -5.251
12920 	 -5.161
12930 	 -5.136
12942 	 -5.034
12952 	 -5.094
12954 	 -5.025
12964 	 -5.588
12966 	 -6.068
12972 	 -5.876
12978 	 -6.302
12980 	 -6.341
12982 	 -6.094
12986 	 -6.018
12990 	 -6.012
12996 	 -5.996
13004 	 -5.879
13006 	 -5.889
13008 	 -5.875
13010 	 -5.732
13018 	 -5.736
13024 	 -5.768
13028 	 -5.386
13030 	 -5.834
13036 	 -5.797
13042 	 -5.996
13044 	 -5.845
13064 	 -5.373
13068 	 -5.298
13070 	 -5.352
13074 	 -5.192
13082 	 -5.184
13086 	 -5.333
13092 	 -5.067
13102 	 -5.061
13114 	 -4.484
13120 	 -4.461
13126 	 -4.46
13128 	 -4.439
13132 	 -4.359
13138 	 -4.378
13144 	 -4.305
13158 	 -4.273
13162 	 -4.266
13170 	 -4.261
13178 	 -4.257
13180 	 -4.303
13186 	 -4.251
13188 	 -4.223
13192 	 -4.209
13196 	 -4.205
13204 	 -4.642
13206 	 -4.806
13208 	 -5.157
13212 	 -4.984
13214 	 -5.17
13220 	 -5.321
13228 	 -5.405
13230 	 -5.397
13240 	 -5.529
13246 	 -5.46
13248 	 -5.04
13250 	 -4.899
13256 	 -4.895
13262 	 -4.869
13268 	 -4.855
13270 	 -4.85
13274 	 -4.847
13278 	 -3.899
13282 	 -4.285
13284 	 -4.314
13290 	 -4.297
13294 	 -4.234
13296 	 -4.222
13302 	 -4.255
13316 	 -4.231
13320 	 -4.108
13324 	 -3.954
13328 	 -3.915
13340 	 -3.666
13344 	 -3.318
13356 	 -3.199
13362 	 -3.165
13366 	 -3.232
13370 	 -3.348
13372 	 -3.29
13376 	 -3.221
13384 	 -3.11
13388 	 -3.106
13390 	 -3.097
13396 	 -3.129
13398 	 -3.071
13402 	 -3.042
13416 	 -3.128
13418 	 -3.061
13430 	 -3.186
13432 	 -3.181
13452 	 -3.291
13454 	 -3.276
13468 	 -3.351
13474 	 -3.339
13482 	 -3.325
13484 	 -3.426
13486 	 -3.39
13492 	 -3.427
13514 	 -3.418
13518 	 -3.451
13524 	 -3.504
13538 	 -3.541
13542 	 -3.537
13548 	 -3.585
13554 	 -3.654
13556 	 -3.582
13574 	 -3.136
13596 	 -2.957
13604 	 -2.762
13620 	 -2.726
13634 	 -2.703
13648 	 -1.813
13654 	 -1.811
13678 	 -1.872
13680 	 -1.801
13690 	 -1.756
13696 	 -1.717
13722 	 -2.031
13744 	 -1.934
13752 	 -1.914
13760 	 -1.894
13766 	 -1.88
13778 	 -1.875
13782 	 -1.86
13804 	 -2.159
13820 	 -2.153
13846 	 -2.159
13854 	 -2.228
13872 	 -2.216
13878 	 -2.116
13900 	 -2.111
13902 	 -2.058
13904 	 -2.057
13908 	 -1.896
13912 	 -1.89
13914 	 -1.888
13916 	 -1.882
13926 	 -1.81
13934 	 -1.786
13942 	 -1.808
13946 	 -1.801
13970 	 -1.843
13976 	 -1.892
13984 	 -1.896
14018 	 -1.87
14020 	 -1.772
14022 	 -1.807
14034 	 -1.777
14042 	 -1.773
14044 	 -1.772
14048 	 -1.72
14058 	 -1.715
14074 	 -1.741
14080 	 -1.759
14098 	 -1.897
14120 	 -1.877
14126 	 -1.876
14136 	 -1.811
14142 	 -2.03
14168 	 -2.136
14180 	 -1.899
14182 	 -1.936
14192 	 -2.093
14202 	 -2.153
14212 	 -2.151
14218 	 -2.13
14234 	 -2.152
14236 	 -2.123
14240 	 -2.071
14264 	 -2.088
14266 	 -2.059
14276 	 -1.715
14292 	 -1.724
14302 	 -1.795
14308 	 -1.734
14318 	 -1.732
14322 	 -1.48
14326 	 -1.479
14328 	 -1.552
14330 	 -1.437
14334 	 -1.416
14346 	 -1.4
14348 	 -1.477
14358 	 -1.58
14360 	 -1.577
14378 	 -1.537
14384 	 -1.598
14396 	 -1.546
14400 	 -1.546
14404 	 -1.487
14426 	 -1.524
14436 	 -1.31
14440 	 -1.252
14452 	 -1.207
14468 	 -1.206
14470 	 -1.196
14474 	 -1.169
14482 	 -1.291
14486 	 -1.142
14522 	 -1.117
14526 	 -1.196
14542 	 -1.387
14552 	 -1.385
14568 	 -1.21
14576 	 -1.188
14586 	 -1.177
14592 	 -1.152
14608 	 -1.144
14614 	 -0.98
14626 	 -0.969
14628 	 -0.769
14630 	 -0.765
14636 	 -0.703
14650 	 -0.649
14654 	 -0.629
14674 	 -0.605
14676 	 -0.47
14692 	 -0.421
14694 	 -0.341
14740 	 -0.223
14764 	 -0.211
14770 	 -0.199
14812 	 -0.191
14852 	 -0.185
15000 	 -1.419
15024 	 -1.549
15050 	 -2.06
15078 	 -2.379
15112 	 -2.422
15158 	 -2.291
15162 	 -2.313
15174 	 -2.29
15186 	 -1.873
15216 	 -1.652
15222 	 -1.649
15232 	 -1.473
15238 	 -1.531
15262 	 -0.964
15266 	 -0.942
15276 	 -0.792
15300 	 -0.614
15310 	 -0.634
15336 	 -0.785
15342 	 -0.783
15356 	 -0.866
15372 	 -0.862
15374 	 -0.672
15382 	 -0.671
15400 	 -0.385
15422 	 -0.305
15456 	 -0.174
15470 	 -0.169
15486 	 -0.072
15558 	 -0.037
15624 	 -0.035
15658 	 -0.031
15788 	 -0.027
15864 	 -0.023
15888 	 -0.02
15904 	 -0.012
15924 	 -0.011
16116 	 -0.009
18000 	 -2.128
18020 	 -2.218
18042 	 -2.634
18064 	 -2.645
18088 	 -2.004
18120 	 -1.385
18154 	 -1.72
18180 	 -1.456
18190 	 -1.58
18234 	 -1.88
18252 	 -1.872
18262 	 -1.779
18270 	 -1.456
18278 	 -1.435
18286 	 -1.388
18296 	 -1.589
18316 	 -1.604
18328 	 -1.726
18336 	 -1.609
18342 	 -1.622
18348 	 -1.425
18360 	 -1.099
18368 	 -0.946
18384 	 -0.953
18402 	 -0.698
18420 	 -0.381
18426 	 -0.337
18434 	 -0.278
18448 	 -0.108
18472 	 -0.093
18552 	 -0.008
18864 	 -0.004
19002 	 0
21000 	 -1.44
21001 	 -1.44
