0 	 0
3000 	 -1.376
3024 	 -1.496
3050 	 -1.88
3062 	 -2.472
3078 	 -3.176
3112 	 -3.62
3158 	 -3.808
3164 	 -3.728
3186 	 -2.828
3198 	 -2.688
3216 	 -1.912
3232 	 -1.736
3238 	 -1.364
3262 	 -0.608
3296 	 -0.264
3400 	 -0.024
3636 	 -0.008
3904 	 0
6000 	 -2.478
6020 	 -2.638
6042 	 -3.286
6064 	 -3.582
6088 	 -3.11
6120 	 -2.686
6138 	 -2.872
6154 	 -3.312
6180 	 -3.048
6190 	 -3.516
6198 	 -3.5
6234 	 -3.9
6284 	 -4.203
6296 	 -4.179
6346 	 -4.159
6360 	 -2.871
6374 	 -2.271
6376 	 -1.719
6424 	 -1.319
6444 	 -0.761
6504 	 -0.637
6506 	 -0.613
6552 	 -0.501
6634 	 -0.359
6704 	 -0.331
6710 	 -0.307
6726 	 -0.295
6728 	 -0.267
6782 	 -0.263
6894 	 -0.165
6990 	 -0.145
6994 	 -0.125
7002 	 -0.093
7272 	 -0.089
7278 	 -0.085
7290 	 -0.073
7324 	 -0.025
9000 	 -1.433
9024 	 -1.537
9050 	 -2.497
9078 	 -3.177
9112 	 -3.761
9158 	 -3.713
9162 	 -3.797
9174 	 -3.705
9186 	 -2.857
9216 	 -3.589
9232 	 -3.413
9238 	 -3.801
9262 	 -1.973
9268 	 -1.305
9298 	 -0.417
9304 	 -0.413
9306 	 -0.409
9334 	 -0.277
9400 	 -0.025
9660 	 -0.009
9904 	 -0.001
12000 	 -2.54
12002 	 -2.421
12004 	 -2.814
12006 	 -3.953
12008 	 -4.386
12010 	 -5.963
12012 	 -6.176
12016 	 -6.765
12018 	 -6.811
12020 	 -7.031
12028 	 -7.165
12030 	 -7.233
12032 	 -7.199
12034 	 -7.258
12040 	 -7.047
12042 	 -7.523
12054 	 -7.034
12062 	 -7.252
12064 	 -7.328
12072 	 -7.37
12074 	 -6.891
12088 	 -6.279
12090 	 -6.369
12100 	 -6.522
12102 	 -6.406
12120 	 -5.786
12140 	 -6.051
12148 	 -6.291
12154 	 -7.327
12156 	 -7.357
12164 	 -7.247
12166 	 -7.331
12176 	 -7.382
12180 	 -7.454
12182 	 -7.984
12186 	 -8.459
12190 	 -8.775
12200 	 -8.887
12208 	 -9.065
12212 	 -10.109
12222 	 -10.002
12226 	 -10.523
12228 	 -10.682
12234 	 -12.064
12236 	 -12.153
12244 	 -12.436
12252 	 -11.796
12260 	 -11.479
12264 	 -11.803
12266 	 -12.243
12270 	 -12.37
12274 	 -11.118
12280 	 -10.935
12282 	 -10.807
12290 	 -10.535
12296 	 -10.788
12300 	 -10.932
12304 	 -11.034
12308 	 -11.019
12322 	 -11.076
12324 	 -10.472
12330 	 -10.403
12332 	 -10.435
12334 	 -10.437
12338 	 -10.185
12340 	 -10.065
12344 	 -9.269
12350 	 -9.25
12358 	 -8.589
12360 	 -7.637
12362 	 -7.534
12366 	 -7.706
12380 	 -7.554
12382 	 -7.546
12386 	 -7.471
12392 	 -7.394
12394 	 -7.379
12398 	 -7.374
12400 	 -7.262
12404 	 -6.99
12406 	 -6.96
12412 	 -6.649
12418 	 -6.646
12420 	 -6.54
12426 	 -6.516
12430 	 -6.449
12432 	 -6.257
12436 	 -6.74
12437 	 -6.96
12448 	 -6.853
12452 	 -6.858
12458 	 -6.994
12460 	 -6.911
12466 	 -7.329
12476 	 -7.548
12478 	 -7.493
12480 	 -7.327
12492 	 -7.299
12494 	 -7.26
12496 	 -7.257
12508 	 -7.248
12512 	 -7.218
12516 	 -7.317
12520 	 -7.287
12540 	 -7.385
12542 	 -7.3
12552 	 -7.163
12560 	 -7.033
12562 	 -7.16
12574 	 -7.773
12578 	 -7.754
12588 	 -7.753
12590 	 -7.742
12592 	 -7.563
12594 	 -7.735
12604 	 -7.725
12612 	 -7.871
12614 	 -7.793
12618 	 -7.666
12622 	 -7.632
12630 	 -8.012
12632 	 -7.868
12638 	 -7.864
12640 	 -7.85
12648 	 -8.009
12652 	 -8.129
12664 	 -8.009
12666 	 -8.012
12668 	 -8.048
12678 	 -7.533
12700 	 -7.496
12710 	 -7.492
12712 	 -7.022
12716 	 -7.019
12722 	 -7.36
12730 	 -7.681
12732 	 -7.707
12740 	 -7.703
12748 	 -7.686
12752 	 -7.909
12758 	 -7.907
12768 	 -7.984
12782 	 -7.882
12786 	 -7.614
12804 	 -7.721
12816 	 -7.635
12818 	 -7.827
12822 	 -7.976
12828 	 -7.941
12840 	 -8.007
12862 	 -7.938
12874 	 -7.817
12908 	 -7.305
12910 	 -7.335
12916 	 -7.261
12920 	 -7.171
12924 	 -7.203
12934 	 -6.421
12936 	 -6.483
12950 	 -6.487
12954 	 -6.418
12962 	 -6.332
12964 	 -6.298
12966 	 -6.26
12970 	 -6.329
12972 	 -6.15
12978 	 -6.918
12982 	 -6.781
12986 	 -6.755
12990 	 -6.702
12994 	 -7.316
12996 	 -7.3
13004 	 -7.226
13006 	 -7.236
13008 	 -7.222
13010 	 -7.237
13016 	 -7.098
13022 	 -7.008
13026 	 -6.945
13028 	 -6.904
13036 	 -6.837
13038 	 -6.631
13040 	 -6.597
13042 	 -6.538
13052 	 -6.502
13056 	 -6.506
13062 	 -6.853
13068 	 -6.734
13070 	 -6.762
13080 	 -6.966
13082 	 -6.958
13086 	 -6.922
13090 	 -6.676
13094 	 -6.571
13096 	 -6.434
13102 	 -6.429
13106 	 -6.315
13114 	 -6.268
13118 	 -6.124
13120 	 -5.99
13126 	 -5.747
13140 	 -5.702
13144 	 -5.79
13150 	 -5.217
13154 	 -5.258
13166 	 -5.058
13168 	 -4.999
13172 	 -4.991
13192 	 -4.99
13196 	 -4.875
13202 	 -4.753
13206 	 -5.65
13208 	 -5.574
13214 	 -5.539
13216 	 -5.525
13220 	 -5.516
13232 	 -5.36
13234 	 -5.358
13240 	 -5.424
13242 	 -5.609
13246 	 -5.54
13248 	 -5.306
13250 	 -5.217
13258 	 -5.101
13262 	 -4.965
13266 	 -5.121
13268 	 -5.111
13270 	 -5.106
13278 	 -5.094
13280 	 -5.18
13284 	 -5.154
13286 	 -4.94
13290 	 -4.923
13304 	 -4.819
13310 	 -4.77
13322 	 -4.452
13328 	 -4.418
13340 	 -4.382
13352 	 -3.808
13358 	 -3.668
13360 	 -3.623
13366 	 -3.704
13372 	 -3.692
13374 	 -3.804
13376 	 -3.647
13378 	 -3.68
13384 	 -3.569
13386 	 -3.486
13388 	 -3.463
13398 	 -3.405
13400 	 -3.385
13408 	 -3.377
13412 	 -3.357
13416 	 -3.413
13418 	 -3.591
13422 	 -3.526
13432 	 -3.513
13444 	 -3.605
13452 	 -3.716
13454 	 -3.701
13460 	 -3.642
13474 	 -3.63
13476 	 -3.706
13484 	 -4.039
13508 	 -3.902
13514 	 -3.893
13532 	 -3.945
13534 	 -3.943
13542 	 -3.939
13544 	 -4.004
13552 	 -4.021
13562 	 -4.152
13566 	 -4.172
13570 	 -4.133
13572 	 -3.954
13584 	 -3.948
13598 	 -3.829
13602 	 -3.679
13604 	 -3.557
13624 	 -3.523
13628 	 -3.422
13630 	 -3.397
13648 	 -2.586
13658 	 -2.506
13672 	 -2.42
13678 	 -2.476
13680 	 -2.416
13696 	 -2.377
13702 	 -2.341
13704 	 -2.311
13714 	 -2.403
13718 	 -2.302
13726 	 -2.289
13742 	 -2.234
13744 	 -2.273
13748 	 -2.268
13760 	 -2.248
13766 	 -2.231
13768 	 -2.209
13770 	 -2.193
13772 	 -2.31
13778 	 -2.305
13794 	 -2.294
13798 	 -2.293
13804 	 -2.06
13810 	 -2.048
13814 	 -2.04
13820 	 -2.034
13822 	 -2.013
13854 	 -2.011
13876 	 -2.226
13878 	 -2.126
13880 	 -2.12
13894 	 -2.119
13900 	 -2.111
13902 	 -2.058
13904 	 -1.793
13912 	 -1.787
13934 	 -1.768
13940 	 -1.761
13942 	 -1.752
13960 	 -1.791
13976 	 -1.828
13978 	 -1.827
13982 	 -2.004
13988 	 -2.003
14006 	 -1.998
14010 	 -1.999
14022 	 -1.982
14032 	 -2.125
14038 	 -2.113
14046 	 -2.249
14048 	 -2.197
14058 	 -2.278
14060 	 -2.285
14062 	 -2.284
14086 	 -2.282
14094 	 -2.334
14106 	 -2.494
14108 	 -2.484
14112 	 -2.602
14120 	 -2.599
14126 	 -2.384
14136 	 -2.189
14142 	 -2.18
14160 	 -2.167
14168 	 -2.198
14170 	 -1.995
14176 	 -1.961
14184 	 -2.174
14192 	 -2.13
14212 	 -2.128
14216 	 -2.123
14224 	 -2.103
14230 	 -2.08
14232 	 -1.99
14250 	 -2.117
14252 	 -2.243
14258 	 -2.242
14260 	 -2.224
14262 	 -2.218
14264 	 -2.198
14272 	 -2.191
14290 	 -2.231
14298 	 -2.205
14304 	 -2.204
14316 	 -2.223
14318 	 -2.229
14326 	 -2.223
14332 	 -2.263
14360 	 -2.247
14378 	 -2.207
14382 	 -2.227
14388 	 -2.093
14392 	 -2.135
14410 	 -1.901
14432 	 -1.885
14434 	 -1.843
14452 	 -1.856
14464 	 -1.961
14478 	 -2.1
14484 	 -2.212
14526 	 -2.069
14530 	 -2.067
14550 	 -2.043
14574 	 -1.623
14592 	 -1.573
14618 	 -1.532
14622 	 -1.411
14632 	 -1.358
14634 	 -1.517
14638 	 -1.657
14644 	 -1.656
14654 	 -1.631
14662 	 -1.484
14666 	 -1.187
14680 	 -1.208
14684 	 -1.157
14696 	 -1.156
14698 	 -1.048
14702 	 -0.947
14708 	 -0.891
14714 	 -0.825
14716 	 -0.798
14718 	 -0.731
14720 	 -0.722
14722 	 -0.641
14728 	 -0.623
14736 	 -0.564
14740 	 -0.505
14750 	 -0.48
14756 	 -0.462
14760 	 -0.444
14762 	 -0.409
14764 	 -0.372
14772 	 -0.347
14774 	 -0.339
14776 	 -0.314
14792 	 -0.3
14796 	 -0.293
14800 	 -0.286
14858 	 -0.276
14862 	 -0.262
14864 	 -0.247
15000 	 -1.439
15024 	 -1.612
15050 	 -2.33
15078 	 -2.921
15112 	 -3.375
15158 	 -3.344
15162 	 -3.415
15174 	 -3.346
15186 	 -2.848
15216 	 -3.34
15222 	 -3.337
15232 	 -3.161
15238 	 -3.331
15262 	 -2.161
15266 	 -2.08
15276 	 -1.636
15300 	 -1.109
15310 	 -1.149
15336 	 -1.449
15342 	 -1.446
15356 	 -1.616
15372 	 -1.612
15374 	 -1.222
15400 	 -0.741
15422 	 -0.581
15456 	 -0.317
15470 	 -0.312
15486 	 -0.12
15558 	 -0.056
15624 	 -0.055
15660 	 -0.043
15708 	 -0.031
15798 	 -0.03
15864 	 -0.028
15888 	 -0.025
15904 	 -0.017
16278 	 -0.011
18000 	 -2.128
18020 	 -2.245
18042 	 -2.757
18064 	 -2.894
18088 	 -2.339
18120 	 -1.764
18154 	 -2.864
18180 	 -2.6
18190 	 -3.253
18234 	 -4.518
18252 	 -4.494
18262 	 -4.308
18270 	 -3.339
18278 	 -3.276
18286 	 -3.135
18296 	 -3.669
18316 	 -3.714
18328 	 -3.958
18336 	 -3.607
18342 	 -3.616
18348 	 -3.025
18360 	 -2.268
18368 	 -1.962
18384 	 -1.976
18402 	 -1.39
18420 	 -0.756
18426 	 -0.668
18434 	 -0.55
18448 	 -0.21
18472 	 -0.18
18552 	 -0.02
18864 	 -0.012
19002 	 0
21000 	 -1.44
21001 	 -1.44
