0 	 0
3000 	 -1.376
3024 	 -1.496
3050 	 -1.88
3062 	 -2.472
3078 	 -3.176
3112 	 -3.62
3158 	 -3.808
3164 	 -3.728
3186 	 -2.828
3198 	 -2.688
3216 	 -1.912
3232 	 -1.736
3238 	 -1.364
3262 	 -0.608
3296 	 -0.264
3400 	 -0.024
3636 	 -0.008
3904 	 0
6000 	 -2.478
6020 	 -2.638
6042 	 -3.286
6064 	 -3.582
6088 	 -3.11
6120 	 -2.686
6138 	 -2.872
6154 	 -3.312
6180 	 -3.048
6190 	 -3.516
6198 	 -3.5
6234 	 -3.9
6284 	 -4.203
6296 	 -4.179
6346 	 -4.159
6360 	 -2.871
6374 	 -2.271
6376 	 -1.719
6424 	 -1.319
6444 	 -0.761
6504 	 -0.637
6506 	 -0.613
6552 	 -0.501
6634 	 -0.359
6704 	 -0.331
6710 	 -0.307
6726 	 -0.295
6728 	 -0.267
6782 	 -0.263
6894 	 -0.165
6990 	 -0.145
6994 	 -0.125
7002 	 -0.093
7272 	 -0.089
7278 	 -0.085
7290 	 -0.073
7324 	 -0.025
9000 	 -1.433
9024 	 -1.537
9050 	 -2.497
9078 	 -3.177
9112 	 -3.761
9158 	 -3.713
9162 	 -3.797
9174 	 -3.705
9186 	 -2.857
9216 	 -3.589
9232 	 -3.413
9238 	 -3.801
9262 	 -1.973
9268 	 -1.305
9298 	 -0.417
9304 	 -0.413
9306 	 -0.409
9334 	 -0.277
9400 	 -0.025
9660 	 -0.009
9904 	 -0.001
12000 	 -2.54
12002 	 -2.421
12004 	 -2.894
12006 	 -4.033
12008 	 -5.288
12010 	 -6.865
12012 	 -7.508
12016 	 -8.097
12018 	 -8.143
12020 	 -8.589
12028 	 -8.723
12030 	 -8.791
12032 	 -8.757
12034 	 -8.816
12040 	 -8.781
12042 	 -9.257
12054 	 -8.768
12062 	 -8.986
12064 	 -9.062
12070 	 -9.421
12072 	 -9.463
12074 	 -8.984
12088 	 -8.372
12090 	 -8.462
12100 	 -8.519
12102 	 -8.403
12114 	 -8.544
12120 	 -7.924
12130 	 -7.685
12140 	 -7.95
12148 	 -8.19
12154 	 -9.226
12156 	 -9.348
12164 	 -9.238
12166 	 -9.322
12176 	 -9.373
12178 	 -9.304
12180 	 -9.376
12182 	 -9.906
12184 	 -9.758
12186 	 -10.246
12190 	 -10.562
12192 	 -10.505
12200 	 -10.405
12208 	 -10.583
12210 	 -10.641
12212 	 -11.685
12222 	 -11.578
12226 	 -12.09
12228 	 -12.249
12230 	 -12.1
12234 	 -13.482
12236 	 -13.571
12244 	 -13.745
12248 	 -13.72
12252 	 -13.041
12254 	 -13.154
12260 	 -13.043
12264 	 -12.849
12266 	 -13.243
12270 	 -13.37
12274 	 -12.118
12276 	 -12.359
12280 	 -12.176
12282 	 -11.879
12290 	 -11.607
12296 	 -11.86
12300 	 -12.004
12304 	 -11.423
12308 	 -11.408
12320 	 -11.41
12322 	 -11.327
12324 	 -10.723
12330 	 -10.63
12332 	 -10.662
12334 	 -10.628
12338 	 -10.376
12340 	 -10.453
12342 	 -10.44
12344 	 -9.644
12346 	 -9.566
12350 	 -9.547
12358 	 -8.752
12360 	 -7.8
12362 	 -7.831
12380 	 -7.512
12382 	 -7.504
12386 	 -7.174
12392 	 -7.194
12398 	 -7.189
12400 	 -7.077
12404 	 -6.805
12406 	 -6.775
12412 	 -6.464
12420 	 -6.358
12426 	 -6.334
12430 	 -6.267
12432 	 -5.98
12436 	 -6.421
12437 	 -6.641
12438 	 -6.485
12444 	 -6.536
12448 	 -6.429
12452 	 -6.326
12456 	 -6.125
12460 	 -6.042
12466 	 -6.508
12476 	 -6.781
12480 	 -6.615
12488 	 -6.677
12492 	 -6.649
12494 	 -6.61
12498 	 -6.4
12508 	 -6.391
12510 	 -6.257
12516 	 -6.356
12520 	 -6.326
12532 	 -6.317
12534 	 -6.284
12540 	 -6.35
12550 	 -6.276
12552 	 -6.141
12558 	 -6.11
12562 	 -6.08
12574 	 -6.384
12576 	 -6.321
12578 	 -6.302
12588 	 -6.301
12590 	 -6.141
12592 	 -5.962
12594 	 -6.221
12604 	 -6.211
12608 	 -6.711
12610 	 -6.674
12618 	 -6.905
12622 	 -6.89
12630 	 -7.2
12638 	 -7.196
12640 	 -7.304
12648 	 -7.47
12660 	 -7.469
12664 	 -7.349
12668 	 -7.385
12672 	 -6.855
12676 	 -6.965
12688 	 -6.86
12710 	 -6.856
12712 	 -6.305
12732 	 -6.331
12746 	 -6.32
12748 	 -6.303
12758 	 -6.301
12768 	 -6.466
12782 	 -6.466
12796 	 -6.478
12802 	 -6.543
12804 	 -6.642
12814 	 -6.64
12826 	 -6.813
12828 	 -6.778
12840 	 -6.598
12844 	 -6.784
12856 	 -6.785
12872 	 -7.458
12874 	 -7.552
12882 	 -7.526
12884 	 -8.061
12890 	 -8.227
12894 	 -8.197
12896 	 -8.379
12908 	 -8.138
12916 	 -8.062
12918 	 -7.989
12920 	 -7.899
12924 	 -7.839
12930 	 -8.209
12934 	 -8.202
12936 	 -7.888
12948 	 -8.069
12950 	 -8.101
12954 	 -8.032
12958 	 -7.857
12960 	 -7.902
12964 	 -8.361
12972 	 -8.182
12982 	 -8.101
12984 	 -7.852
12986 	 -7.826
12990 	 -7.475
12996 	 -7.459
13004 	 -7.385
13006 	 -7.694
13008 	 -7.666
13010 	 -7.578
13012 	 -7.371
13014 	 -7.36
13016 	 -7.259
13018 	 -7.319
13026 	 -7.353
13028 	 -7.312
13030 	 -7.585
13032 	 -7.666
13036 	 -7.679
13042 	 -7.62
13052 	 -7.516
13056 	 -6.946
13062 	 -6.945
13068 	 -6.826
13076 	 -6.668
13082 	 -6.825
13088 	 -7.04
13090 	 -6.788
13094 	 -6.923
13096 	 -6.778
13100 	 -6.738
13102 	 -6.733
13110 	 -6.784
13112 	 -6.847
13114 	 -6.772
13116 	 -6.759
13118 	 -7.037
13126 	 -7.043
13128 	 -7.133
13132 	 -7.27
13136 	 -7.425
13150 	 -7.139
13154 	 -7.344
13156 	 -7.221
13168 	 -7.151
13172 	 -7.125
13176 	 -7.279
13180 	 -7.13
13182 	 -7.11
13184 	 -7.033
13192 	 -7.145
13202 	 -6.937
13204 	 -6.978
13206 	 -7.608
13212 	 -7.49
13220 	 -7.481
13222 	 -7.668
13232 	 -7.286
13234 	 -7.284
13236 	 -7.257
13240 	 -7.124
13244 	 -7.076
13246 	 -7.007
13248 	 -6.764
13250 	 -6.675
13252 	 -6.37
13254 	 -6.491
13258 	 -6.606
13262 	 -6.465
13264 	 -6.304
13266 	 -6.293
13268 	 -5.917
13270 	 -5.88
13274 	 -5.844
13276 	 -5.931
13278 	 -6.078
13282 	 -6.192
13286 	 -6.249
13290 	 -6.187
13294 	 -6.088
13304 	 -6.502
13308 	 -6.669
13310 	 -6.72
13312 	 -6.772
13316 	 -6.69
13328 	 -6.744
13336 	 -6.781
13340 	 -6.804
13344 	 -6.8
13348 	 -6.789
13360 	 -6.744
13366 	 -6.983
13372 	 -6.971
13380 	 -6.963
13382 	 -6.958
13384 	 -6.944
13388 	 -6.923
13398 	 -6.765
13414 	 -6.74
13416 	 -6.727
13418 	 -6.954
13426 	 -6.94
13434 	 -6.955
13436 	 -7.013
13448 	 -7.093
13454 	 -7.083
13458 	 -7.131
13462 	 -7.252
13464 	 -7.242
13466 	 -7.164
13472 	 -7.373
13478 	 -7.383
13480 	 -7.272
13484 	 -7.416
13488 	 -7.349
13498 	 -7.149
13506 	 -7.137
13508 	 -7.074
13514 	 -7.065
13518 	 -7.054
13520 	 -7.035
13522 	 -6.866
13526 	 -6.979
13542 	 -6.802
13548 	 -6.607
13554 	 -6.406
13572 	 -6.472
13578 	 -6.435
13580 	 -6.283
13582 	 -6.298
13604 	 -6.838
13610 	 -6.612
13626 	 -6.609
13630 	 -6.044
13648 	 -4.926
13654 	 -4.924
13668 	 -5.017
13690 	 -4.991
13696 	 -4.952
13702 	 -4.751
13708 	 -5.101
13718 	 -5.098
13726 	 -5.093
13732 	 -5.298
13740 	 -5.281
13744 	 -4.776
13748 	 -4.773
13750 	 -4.769
13756 	 -4.665
13760 	 -4.659
13766 	 -4.639
13780 	 -4.42
13786 	 -4.531
13790 	 -4.694
13796 	 -4.612
13800 	 -4.586
13802 	 -4.522
13804 	 -4.082
13808 	 -4.081
13810 	 -4.059
13814 	 -4.243
13818 	 -4.211
13820 	 -4.121
13822 	 -4.107
13826 	 -3.969
13828 	 -3.839
13838 	 -3.786
13842 	 -4.433
13846 	 -4.382
13862 	 -4.186
13864 	 -3.871
13878 	 -3.592
13892 	 -3.918
13894 	 -3.854
13896 	 -3.883
13898 	 -3.859
13900 	 -3.851
13902 	 -3.754
13912 	 -3.748
13914 	 -3.442
13920 	 -3.143
13922 	 -3.106
13926 	 -3.103
13930 	 -3.092
13934 	 -3.198
13936 	 -3.079
13942 	 -3.188
13944 	 -3.005
13946 	 -2.919
13950 	 -2.961
13960 	 -2.959
13976 	 -2.785
13978 	 -2.784
13982 	 -2.751
13984 	 -2.618
13990 	 -2.566
14002 	 -2.578
14004 	 -2.391
14018 	 -2.385
14020 	 -2.36
14022 	 -2.356
14028 	 -2.147
14030 	 -2.114
14040 	 -1.983
14046 	 -1.978
14048 	 -1.926
14050 	 -1.806
14052 	 -1.803
14056 	 -1.798
14058 	 -1.793
14064 	 -1.552
14072 	 -1.55
14080 	 -1.454
14082 	 -1.357
14086 	 -1.356
14108 	 -1.278
14110 	 -1.187
14120 	 -1.185
14122 	 -1.184
14130 	 -1.057
14136 	 -0.929
14148 	 -0.867
14152 	 -0.862
14160 	 -0.763
14170 	 -0.747
14198 	 -0.706
14204 	 -0.705
14212 	 -0.704
14240 	 -0.602
14288 	 -0.6
14318 	 -0.519
14326 	 -0.518
14340 	 -0.513
14350 	 -0.307
14378 	 -0.267
14416 	 -0.211
14466 	 -0.203
14526 	 -0.175
14606 	 -0.171
14640 	 -0.168
15000 	 -1.41
15024 	 -1.547
15050 	 -2.187
15078 	 -2.638
15112 	 -2.878
15158 	 -2.866
15162 	 -2.908
15174 	 -2.86
15186 	 -2.387
15216 	 -2.552
15222 	 -2.55
15232 	 -2.374
15238 	 -2.5
15262 	 -1.819
15266 	 -1.794
15268 	 -1.708
15276 	 -1.556
15282 	 -1.424
15298 	 -1.251
15300 	 -1.073
15310 	 -1.113
15336 	 -1.413
15342 	 -1.41
15346 	 -1.384
15356 	 -1.554
15372 	 -1.552
15374 	 -1.162
15400 	 -0.725
15422 	 -0.566
15456 	 -0.301
15470 	 -0.296
15486 	 -0.106
15558 	 -0.042
15656 	 -0.038
15660 	 -0.035
15708 	 -0.023
15864 	 -0.021
15888 	 -0.019
15904 	 -0.011
16492 	 -0.009
18000 	 -2.128
18020 	 -2.236
18042 	 -2.716
18064 	 -2.81
18088 	 -2.232
18120 	 -1.658
18154 	 -2.416
18180 	 -2.152
18190 	 -2.608
18234 	 -3.44
18252 	 -3.424
18262 	 -3.238
18270 	 -2.592
18278 	 -2.55
18286 	 -2.456
18296 	 -3.002
18316 	 -3.032
18328 	 -3.276
18336 	 -3.042
18342 	 -3.068
18348 	 -2.674
18360 	 -2.166
18368 	 -1.86
18384 	 -1.874
18402 	 -1.364
18420 	 -0.73
18426 	 -0.642
18434 	 -0.524
18448 	 -0.184
18472 	 -0.154
18552 	 -0.016
18864 	 -0.008
19002 	 0
21000 	 -1.44
21001 	 -1.44
