0 	 0
3000 	 -1.376
3024 	 -1.496
3050 	 -1.88
3062 	 -2.472
3078 	 -3.176
3112 	 -3.62
3158 	 -3.808
3164 	 -3.728
3186 	 -2.828
3198 	 -2.688
3216 	 -1.912
3232 	 -1.736
3238 	 -1.364
3262 	 -0.608
3296 	 -0.264
3400 	 -0.024
3636 	 -0.008
3904 	 0
6000 	 -2.478
6020 	 -2.638
6042 	 -3.286
6064 	 -3.582
6088 	 -3.11
6120 	 -2.686
6138 	 -2.872
6154 	 -3.312
6180 	 -3.048
6190 	 -3.516
6198 	 -3.5
6234 	 -3.9
6284 	 -4.203
6296 	 -4.179
6346 	 -4.159
6360 	 -2.871
6374 	 -2.271
6376 	 -1.719
6424 	 -1.319
6444 	 -0.761
6504 	 -0.637
6506 	 -0.613
6552 	 -0.501
6634 	 -0.359
6704 	 -0.331
6710 	 -0.307
6726 	 -0.295
6728 	 -0.267
6782 	 -0.263
6894 	 -0.165
6990 	 -0.145
6994 	 -0.125
7002 	 -0.093
7272 	 -0.089
7278 	 -0.085
7290 	 -0.073
7324 	 -0.025
9000 	 -1.433
9024 	 -1.537
9050 	 -2.497
9078 	 -3.177
9112 	 -3.761
9158 	 -3.713
9162 	 -3.797
9174 	 -3.705
9186 	 -2.857
9216 	 -3.589
9232 	 -3.413
9238 	 -3.801
9262 	 -1.973
9268 	 -1.305
9298 	 -0.417
9304 	 -0.413
9306 	 -0.409
9334 	 -0.277
9400 	 -0.025
9660 	 -0.009
9904 	 -0.001
12000 	 -2.554
12002 	 -2.49
12004 	 -3.403
12006 	 -4.753
12008 	 -6.513
12010 	 -7.658
12012 	 -8.507
12016 	 -8.964
12020 	 -9.523
12028 	 -9.657
12030 	 -9.725
12032 	 -9.533
12040 	 -9.567
12042 	 -10.043
12048 	 -9.84
12054 	 -9.351
12064 	 -9.451
12070 	 -9.781
12072 	 -9.823
12074 	 -9.344
12088 	 -8.732
12100 	 -8.697
12102 	 -8.476
12108 	 -8.53
12114 	 -8.671
12120 	 -8.143
12130 	 -7.719
12140 	 -7.984
12148 	 -8.224
12154 	 -9.26
12160 	 -9.347
12162 	 -9.32
12164 	 -9.21
12168 	 -9.525
12178 	 -9.56
12180 	 -9.632
12182 	 -10.162
12184 	 -10.014
12186 	 -10.316
12190 	 -10.632
12192 	 -10.575
12198 	 -10.523
12200 	 -10.313
12208 	 -10.491
12210 	 -10.598
12212 	 -11.642
12226 	 -12.154
12228 	 -12.313
12230 	 -12.251
12234 	 -13.633
12248 	 -13.982
12252 	 -13.303
12254 	 -13
12260 	 -12.822
12264 	 -12.757
12266 	 -13.1
12270 	 -13.227
12274 	 -12.18
12276 	 -12.269
12282 	 -11.943
12290 	 -11.671
12292 	 -11.523
12296 	 -11.776
12298 	 -11.94
12300 	 -12.084
12304 	 -11.768
12320 	 -11.77
12324 	 -11.166
12330 	 -11.402
12332 	 -11.434
12334 	 -10.988
12338 	 -10.736
12344 	 -9.94
12346 	 -9.924
12350 	 -9.905
12354 	 -9.96
12358 	 -9.312
12360 	 -8.346
12364 	 -8.271
12380 	 -8.26
12382 	 -8.252
12386 	 -7.967
12388 	 -7.811
12398 	 -7.806
12400 	 -7.694
12404 	 -7.45
12406 	 -7.42
12410 	 -7.176
12412 	 -6.865
12420 	 -6.759
12426 	 -6.735
12430 	 -6.668
12436 	 -7.16
12437 	 -7.38
12438 	 -6.537
12444 	 -6.592
12448 	 -6.485
12452 	 -6.382
12460 	 -6.299
12464 	 -6.265
12466 	 -6.675
12472 	 -6.71
12476 	 -7.001
12480 	 -6.835
12482 	 -6.876
12488 	 -6.873
12492 	 -6.845
12494 	 -6.806
12500 	 -6.924
12504 	 -6.728
12508 	 -6.719
12516 	 -6.818
12520 	 -6.788
12532 	 -6.779
12540 	 -6.85
12550 	 -6.216
12552 	 -6.096
12562 	 -6.132
12570 	 -6.126
12574 	 -6.273
12580 	 -6.264
12590 	 -6.253
12592 	 -6.108
12594 	 -6.366
12604 	 -6.356
12606 	 -6.425
12616 	 -6.429
12618 	 -6.441
12626 	 -6.991
12630 	 -7.346
12638 	 -7.342
12640 	 -7.296
12644 	 -7.32
12648 	 -7.436
12656 	 -7.427
12664 	 -7.307
12666 	 -7.333
12668 	 -7.369
12672 	 -7.297
12678 	 -7.282
12684 	 -7.049
12694 	 -7.037
12696 	 -6.955
12710 	 -6.892
12712 	 -6.472
12716 	 -6.469
12732 	 -6.495
12740 	 -6.304
12742 	 -6.3
12748 	 -6.283
12750 	 -6.467
12758 	 -6.465
12768 	 -6.73
12770 	 -6.804
12776 	 -6.794
12782 	 -6.899
12792 	 -6.985
12804 	 -7.092
12814 	 -7.09
12820 	 -6.897
12826 	 -6.936
12828 	 -6.908
12838 	 -6.85
12840 	 -6.759
12852 	 -6.8
12874 	 -6.618
12876 	 -6.58
12878 	 -6.707
12882 	 -6.693
12886 	 -6.624
12888 	 -6.915
12904 	 -7.169
12908 	 -6.755
12910 	 -7.282
12912 	 -7.246
12916 	 -7.172
12920 	 -7.082
12924 	 -7.022
12930 	 -7.277
12932 	 -7.418
12942 	 -7.478
12954 	 -7.745
12958 	 -7.886
12960 	 -7.626
12962 	 -7.617
12964 	 -7.509
12968 	 -7.898
12972 	 -7.719
12978 	 -7.599
12982 	 -7.822
12986 	 -7.8
12990 	 -7.791
12992 	 -7.794
12996 	 -7.778
13000 	 -7.288
13002 	 -7.217
13004 	 -7.143
13006 	 -7.148
13008 	 -7.127
13010 	 -7.142
13016 	 -7.041
13022 	 -6.494
13024 	 -6.468
13026 	 -6.414
13028 	 -6.373
13030 	 -6.344
13034 	 -6.33
13038 	 -6.162
13042 	 -6.111
13046 	 -6.173
13052 	 -6.137
13054 	 -6.141
13056 	 -6.261
13062 	 -6.32
13068 	 -6.201
13076 	 -6.082
13082 	 -6.127
13086 	 -6.099
13090 	 -5.957
13096 	 -5.82
13098 	 -5.796
13102 	 -5.791
13108 	 -5.829
13112 	 -5.686
13114 	 -5.639
13116 	 -5.675
13126 	 -5.704
13128 	 -5.691
13138 	 -5.692
13140 	 -5.616
13150 	 -5.432
13156 	 -5.288
13162 	 -5.688
13166 	 -5.722
13168 	 -5.612
13170 	 -5.793
13176 	 -5.765
13180 	 -6.105
13182 	 -6.036
13188 	 -6.136
13196 	 -6.207
13200 	 -6.151
13206 	 -6.415
13216 	 -6.358
13220 	 -6.349
13224 	 -6.346
13226 	 -6.057
13230 	 -6.084
13234 	 -6.082
13236 	 -6.074
13238 	 -6
13242 	 -5.878
13246 	 -5.809
13248 	 -5.576
13250 	 -5.48
13254 	 -5.499
13256 	 -5.339
13260 	 -5.307
13262 	 -5.281
13268 	 -5.271
13270 	 -5.074
13274 	 -5.043
13276 	 -5.017
13286 	 -4.93
13288 	 -4.929
13290 	 -4.912
13300 	 -3.922
13304 	 -4.347
13306 	 -4.189
13308 	 -4.326
13310 	 -4.3
13316 	 -4.258
13320 	 -4.344
13328 	 -4.262
13332 	 -4.368
13348 	 -4.391
13360 	 -4.346
13366 	 -4.185
13372 	 -4.173
13374 	 -4.044
13384 	 -3.933
13388 	 -3.927
13392 	 -3.85
13396 	 -3.75
13398 	 -3.692
13412 	 -3.89
13420 	 -3.859
13430 	 -3.905
13454 	 -3.87
13460 	 -3.93
13462 	 -3.929
13466 	 -4.017
13474 	 -4.011
13478 	 -3.985
13482 	 -4.027
13484 	 -4.043
13488 	 -3.953
13500 	 -3.928
13508 	 -3.901
13514 	 -3.892
13516 	 -3.917
13518 	 -3.788
13522 	 -3.745
13528 	 -3.725
13530 	 -3.824
13536 	 -3.682
13538 	 -3.503
13542 	 -3.499
13560 	 -3.481
13570 	 -3.515
13572 	 -3.552
13592 	 -3.492
13604 	 -3.37
13608 	 -3.347
13648 	 -2.267
13654 	 -2.265
13666 	 -2.226
13668 	 -2.195
13696 	 -2.156
13704 	 -2.211
13708 	 -2.266
13724 	 -2.237
13744 	 -2.136
13758 	 -2.136
13760 	 -2.12
13764 	 -1.949
13766 	 -1.922
13780 	 -1.907
13784 	 -1.898
13804 	 -1.39
13814 	 -1.367
13820 	 -1.36
13822 	 -1.346
13828 	 -1.186
13844 	 -1.176
13846 	 -1.386
13860 	 -1.334
13878 	 -1.234
13886 	 -1.229
13898 	 -1.216
13900 	 -1.208
13902 	 -0.748
13912 	 -0.742
13914 	 -0.742
13928 	 -0.681
13930 	 -0.671
13934 	 -0.616
13942 	 -0.607
13950 	 -0.507
13976 	 -0.471
13978 	 -0.47
13998 	 -0.452
14028 	 -0.436
14032 	 -0.433
14048 	 -0.381
14054 	 -0.38
14058 	 -0.376
14094 	 -0.37
14120 	 -0.367
14128 	 -0.359
14136 	 -0.232
14148 	 -0.219
14158 	 -0.188
14212 	 -0.186
14274 	 -0.182
14318 	 -0.18
14326 	 -0.179
14378 	 -0.139
14414 	 -0.138
15000 	 -1.406
15024 	 -1.526
15050 	 -2.054
15078 	 -2.371
15112 	 -2.42
15158 	 -2.457
15162 	 -2.478
15174 	 -2.454
15186 	 -2.152
15216 	 -1.956
15222 	 -1.953
15232 	 -1.777
15238 	 -1.841
15262 	 -1.827
15268 	 -1.741
15282 	 -1.609
15298 	 -1.435
15310 	 -1.497
15336 	 -1.945
15342 	 -1.942
15346 	 -1.916
15356 	 -2.171
15372 	 -2.167
15374 	 -1.592
15400 	 -1.063
15422 	 -0.823
15456 	 -0.429
15470 	 -0.425
15486 	 -0.139
15558 	 -0.037
15660 	 -0.034
15708 	 -0.028
15864 	 -0.019
15888 	 -0.016
15904 	 -0.008
18000 	 -2.128
18020 	 -2.236
18042 	 -2.716
18064 	 -2.807
18088 	 -2.246
18120 	 -1.719
18154 	 -2.216
18180 	 -1.952
18190 	 -2.346
18234 	 -2.844
18252 	 -2.836
18262 	 -2.557
18270 	 -2.234
18278 	 -2.213
18286 	 -2.166
18296 	 -3.081
18316 	 -3.096
18328 	 -3.462
18336 	 -3.345
18342 	 -3.418
18348 	 -3.221
18360 	 -3.029
18368 	 -2.57
18384 	 -2.591
18402 	 -1.978
18420 	 -1.027
18426 	 -0.895
18434 	 -0.718
18448 	 -0.208
18472 	 -0.163
18552 	 -0.016
18864 	 -0.004
19002 	 0
21000 	 -1.44
21001 	 -1.44
