0 	 0
3000 	 -1.376
3024 	 -1.496
3050 	 -1.88
3062 	 -2.472
3078 	 -3.176
3112 	 -3.62
3158 	 -3.808
3164 	 -3.728
3186 	 -2.828
3198 	 -2.688
3216 	 -1.912
3232 	 -1.736
3238 	 -1.364
3262 	 -0.608
3296 	 -0.264
3400 	 -0.024
3636 	 -0.008
3904 	 0
6000 	 -2.478
6020 	 -2.638
6042 	 -3.286
6064 	 -3.582
6088 	 -3.11
6120 	 -2.686
6138 	 -2.872
6154 	 -3.312
6180 	 -3.048
6190 	 -3.516
6198 	 -3.5
6234 	 -3.9
6284 	 -4.203
6296 	 -4.179
6346 	 -4.159
6360 	 -2.871
6374 	 -2.271
6376 	 -1.719
6424 	 -1.319
6444 	 -0.761
6504 	 -0.637
6506 	 -0.613
6552 	 -0.501
6634 	 -0.359
6704 	 -0.331
6710 	 -0.307
6726 	 -0.295
6728 	 -0.267
6782 	 -0.263
6894 	 -0.165
6990 	 -0.145
6994 	 -0.125
7002 	 -0.093
7272 	 -0.089
7278 	 -0.085
7290 	 -0.073
7324 	 -0.025
9000 	 -1.433
9024 	 -1.537
9050 	 -2.497
9078 	 -3.177
9112 	 -3.761
9158 	 -3.713
9162 	 -3.797
9174 	 -3.705
9186 	 -2.857
9216 	 -3.589
9232 	 -3.413
9238 	 -3.801
9262 	 -1.973
9268 	 -1.305
9298 	 -0.417
9304 	 -0.413
9306 	 -0.409
9334 	 -0.277
9400 	 -0.025
9660 	 -0.009
9904 	 -0.001
12000 	 -2.554
12002 	 -2.49
12004 	 -3.323
12006 	 -4.673
12008 	 -5.611
12010 	 -6.756
12012 	 -7.175
12016 	 -7.632
12020 	 -7.965
12028 	 -8.099
12030 	 -8.167
12032 	 -7.974
12040 	 -7.851
12042 	 -8.327
12048 	 -8.092
12054 	 -7.603
12064 	 -7.703
12070 	 -7.683
12072 	 -7.725
12074 	 -7.246
12088 	 -6.634
12100 	 -6.77
12102 	 -6.529
12120 	 -6.001
12130 	 -5.795
12140 	 -6.06
12148 	 -6.3
12154 	 -7.336
12160 	 -7.694
12162 	 -7.667
12164 	 -7.557
12178 	 -7.635
12180 	 -7.707
12182 	 -8.237
12186 	 -8.539
12190 	 -8.855
12198 	 -8.803
12200 	 -8.929
12208 	 -9.107
12212 	 -10.151
12226 	 -10.672
12228 	 -10.831
12230 	 -11.046
12234 	 -12.428
12246 	 -12.712
12252 	 -12.072
12254 	 -11.971
12256 	 -11.954
12260 	 -11.637
12266 	 -12.077
12270 	 -12.204
12274 	 -10.952
12276 	 -10.764
12282 	 -10.607
12290 	 -10.335
12296 	 -10.588
12300 	 -10.732
12304 	 -10.688
12310 	 -10.78
12314 	 -10.719
12322 	 -10.79
12324 	 -10.186
12332 	 -10.218
12334 	 -10.39
12338 	 -10.138
12344 	 -9.342
12350 	 -9.314
12358 	 -8.606
12360 	 -7.654
12376 	 -7.553
12380 	 -7.556
12382 	 -7.675
12386 	 -7.425
12392 	 -7.383
12398 	 -7.378
12400 	 -7.359
12404 	 -7.009
12406 	 -6.979
12408 	 -6.96
12412 	 -6.649
12420 	 -6.543
12426 	 -6.519
12430 	 -6.452
12436 	 -6.917
12437 	 -7.137
12438 	 -6.917
12444 	 -6.946
12448 	 -6.839
12452 	 -6.736
12460 	 -6.653
12466 	 -7.289
12472 	 -7.431
12476 	 -7.599
12480 	 -7.433
12488 	 -7.462
12490 	 -7.457
12492 	 -7.429
12494 	 -7.39
12502 	 -7.573
12508 	 -7.441
12516 	 -7.54
12520 	 -7.51
12538 	 -7.47
12540 	 -7.829
12550 	 -7.875
12552 	 -7.755
12562 	 -7.894
12574 	 -8.366
12576 	 -8.362
12590 	 -8.351
12592 	 -8.172
12594 	 -8.344
12598 	 -8.511
12604 	 -8.501
12608 	 -8.093
12618 	 -8.061
12624 	 -8.048
12630 	 -8.5
12638 	 -8.496
12640 	 -8.439
12642 	 -8.379
12646 	 -8.358
12648 	 -8.27
12662 	 -8.06
12664 	 -7.94
12666 	 -7.938
12668 	 -7.974
12670 	 -7.882
12674 	 -7.831
12682 	 -7.812
12684 	 -7.852
12710 	 -7.848
12712 	 -7.741
12716 	 -7.738
12732 	 -7.764
12736 	 -8.203
12742 	 -8.199
12748 	 -8.182
12758 	 -8.18
12764 	 -8.155
12768 	 -8.084
12776 	 -8.074
12780 	 -7.94
12782 	 -7.822
12804 	 -7.75
12816 	 -7.988
12820 	 -7.967
12828 	 -7.932
12830 	 -7.744
12840 	 -7.764
12846 	 -7.788
12858 	 -7.684
12874 	 -7.526
12890 	 -7.16
12902 	 -7.324
12904 	 -7.316
12908 	 -6.773
12912 	 -6.85
12916 	 -6.794
12920 	 -6.704
12924 	 -6.793
12932 	 -6.71
12936 	 -6.712
12942 	 -6.709
12946 	 -6.644
12952 	 -6.717
12954 	 -6.648
12956 	 -6.675
12964 	 -6.615
12969 	 -7.067
12970 	 -7.438
12972 	 -7.241
12982 	 -7.588
12986 	 -7.457
12990 	 -7.454
12992 	 -7.385
12996 	 -7.369
13000 	 -7.328
13004 	 -7.254
13006 	 -7.341
13008 	 -7.255
13010 	 -7.27
13016 	 -7.258
13020 	 -7.256
13024 	 -6.983
13028 	 -6.942
13034 	 -7.266
13036 	 -7.355
13038 	 -7.116
13040 	 -7.143
13042 	 -7.084
13046 	 -6.949
13050 	 -7.006
13052 	 -6.97
13060 	 -7.235
13064 	 -7.201
13068 	 -6.971
13076 	 -6.831
13082 	 -6.823
13084 	 -6.787
13088 	 -7.08
13090 	 -7.001
13092 	 -6.855
13096 	 -6.718
13102 	 -6.713
13112 	 -6.802
13114 	 -6.582
13116 	 -6.659
13120 	 -6.506
13124 	 -6.366
13130 	 -5.752
13132 	 -5.652
13134 	 -5.963
13138 	 -6.063
13146 	 -6.051
13150 	 -5.982
13160 	 -5.997
13162 	 -5.969
13168 	 -5.899
13176 	 -5.839
13182 	 -5.745
13186 	 -5.679
13188 	 -5.789
13196 	 -6.043
13206 	 -6.658
13214 	 -6.789
13218 	 -7.074
13220 	 -7.065
13224 	 -6.995
13226 	 -7.235
13232 	 -7.142
13234 	 -7.14
13244 	 -6.981
13246 	 -6.912
13248 	 -6.82
13250 	 -6.731
13256 	 -6.391
13262 	 -6.365
13266 	 -6.351
13268 	 -6.351
13270 	 -6.262
13280 	 -6.202
13284 	 -5.893
13288 	 -4.558
13290 	 -4.541
13292 	 -5.049
13298 	 -4.991
13300 	 -4.941
13304 	 -4.891
13306 	 -4.933
13310 	 -4.946
13320 	 -4.914
13324 	 -4.907
13328 	 -4.873
13330 	 -4.513
13334 	 -4.486
13336 	 -4.367
13342 	 -3.88
13346 	 -3.862
13356 	 -3.817
13360 	 -3.772
13366 	 -3.783
13368 	 -3.672
13372 	 -3.573
13374 	 -3.452
13384 	 -3.341
13388 	 -3.335
13394 	 -3.346
13398 	 -3.288
13404 	 -3.35
13414 	 -3.324
13416 	 -3.404
13420 	 -3.406
13428 	 -3.36
13440 	 -3.472
13444 	 -3.452
13454 	 -3.441
13456 	 -3.438
13458 	 -3.554
13474 	 -3.542
13480 	 -3.611
13484 	 -3.763
13506 	 -3.733
13508 	 -3.562
13514 	 -3.553
13528 	 -3.541
13534 	 -3.606
13542 	 -3.602
13548 	 -3.626
13550 	 -3.615
13554 	 -3.685
13556 	 -3.684
13564 	 -3.673
13566 	 -3.56
13572 	 -3.474
13588 	 -3.364
13592 	 -3.229
13594 	 -3.226
13604 	 -3.104
13610 	 -3.003
13612 	 -2.974
13628 	 -2.903
13630 	 -2.898
13644 	 -2.859
13648 	 -2.052
13670 	 -2.045
13676 	 -2.032
13696 	 -2.311
13700 	 -2.28
13712 	 -2.255
13736 	 -2.201
13744 	 -2.076
13750 	 -2.331
13760 	 -2.311
13766 	 -2.301
13780 	 -2.297
13800 	 -2.293
13804 	 -2.198
13816 	 -2.184
13820 	 -2.178
13822 	 -2.535
13824 	 -2.506
13840 	 -2.494
13852 	 -2.199
13870 	 -2.23
13876 	 -2.6
13878 	 -2.5
13884 	 -2.479
13894 	 -2.493
13898 	 -2.487
13900 	 -2.479
13902 	 -2.426
13912 	 -2.42
13918 	 -2.455
13928 	 -2.492
13930 	 -2.471
13932 	 -2.548
13942 	 -2.539
13948 	 -2.756
13968 	 -2.733
13978 	 -2.732
13992 	 -2.82
14038 	 -2.515
14048 	 -2.463
14058 	 -2.418
14064 	 -2.408
14066 	 -2.37
14068 	 -2.39
14086 	 -2.453
14102 	 -2.581
14106 	 -2.644
14118 	 -2.649
14120 	 -2.647
14136 	 -2.52
14140 	 -2.472
14142 	 -2.306
14164 	 -2.292
14166 	 -2.31
14176 	 -2.306
14184 	 -2.366
14196 	 -2.359
14206 	 -2.358
14208 	 -2.354
14212 	 -2.352
14230 	 -2.441
14240 	 -2.434
14242 	 -2.399
14252 	 -2.392
14254 	 -2.395
14268 	 -2.44
14298 	 -2.419
14300 	 -2.462
14308 	 -2.514
14312 	 -2.478
14318 	 -2.591
14326 	 -2.59
14330 	 -2.642
14352 	 -2.624
14354 	 -2.722
14378 	 -2.682
14380 	 -2.661
14398 	 -2.776
14400 	 -2.944
14408 	 -2.77
14428 	 -2.755
14442 	 -2.615
14456 	 -2.643
14458 	 -2.495
14462 	 -2.321
14466 	 -2.317
14470 	 -2.316
14474 	 -2.294
14488 	 -2.226
14490 	 -2.113
14494 	 -1.934
14508 	 -1.932
14512 	 -1.919
14514 	 -1.843
14520 	 -1.803
14522 	 -1.472
14532 	 -1.567
14542 	 -1.404
14544 	 -1.357
14558 	 -1.273
14568 	 -1.261
14588 	 -1.173
14594 	 -1.048
14596 	 -0.924
14604 	 -0.83
14618 	 -0.81
14628 	 -0.802
14650 	 -0.649
14672 	 -0.562
14676 	 -0.542
14680 	 -0.535
14682 	 -0.526
14688 	 -0.501
14726 	 -0.367
14760 	 -0.355
14764 	 -0.323
14768 	 -0.318
14772 	 -0.288
14784 	 -0.287
14828 	 -0.283
14850 	 -0.276
15000 	 -1.456
15024 	 -1.621
15050 	 -2.353
15078 	 -2.948
15112 	 -3.395
15158 	 -3.414
15162 	 -3.457
15164 	 -3.447
15174 	 -3.401
15186 	 -2.823
15216 	 -3.314
15222 	 -3.312
15232 	 -3.136
15238 	 -3.359
15256 	 -3.357
15262 	 -2.314
15266 	 -2.292
15268 	 -2.113
15276 	 -1.964
15282 	 -1.699
15296 	 -1.694
15298 	 -1.347
15300 	 -1.169
15310 	 -1.21
15336 	 -1.508
15342 	 -1.505
15344 	 -1.477
15346 	 -1.451
15356 	 -1.621
15372 	 -1.617
15374 	 -1.237
15400 	 -0.758
15402 	 -0.749
15422 	 -0.589
15456 	 -0.327
15470 	 -0.322
15486 	 -0.13
15504 	 -0.128
15558 	 -0.058
15658 	 -0.055
15660 	 -0.048
15662 	 -0.046
15684 	 -0.041
15708 	 -0.037
15864 	 -0.029
15888 	 -0.027
15904 	 -0.019
15972 	 -0.017
16184 	 -0.016
16188 	 -0.015
16440 	 -0.013
16542 	 -0.011
18000 	 -2.128
18020 	 -2.245
18042 	 -2.757
18064 	 -2.894
18088 	 -2.339
18120 	 -1.764
18154 	 -2.864
18180 	 -2.6
18190 	 -3.253
18234 	 -4.518
18252 	 -4.494
18262 	 -4.308
18270 	 -3.339
18278 	 -3.276
18286 	 -3.135
18296 	 -3.669
18316 	 -3.714
18328 	 -3.958
18336 	 -3.607
18342 	 -3.616
18348 	 -3.025
18360 	 -2.268
18368 	 -1.962
18384 	 -1.976
18402 	 -1.39
18420 	 -0.756
18426 	 -0.668
18434 	 -0.55
18448 	 -0.21
18472 	 -0.18
18552 	 -0.02
18864 	 -0.012
19002 	 0
21000 	 -1.44
21001 	 -1.44
