0 	 0
3000 	 -1.376
3024 	 -1.496
3050 	 -1.88
3062 	 -2.472
3078 	 -3.176
3112 	 -3.62
3158 	 -3.808
3164 	 -3.728
3186 	 -2.828
3198 	 -2.688
3216 	 -1.912
3232 	 -1.736
3238 	 -1.364
3262 	 -0.608
3296 	 -0.264
3400 	 -0.024
3636 	 -0.008
3904 	 0
6000 	 -2.478
6020 	 -2.638
6042 	 -3.286
6064 	 -3.582
6088 	 -3.11
6120 	 -2.686
6138 	 -2.872
6154 	 -3.312
6180 	 -3.048
6190 	 -3.516
6198 	 -3.5
6234 	 -3.9
6284 	 -4.203
6296 	 -4.179
6346 	 -4.159
6360 	 -2.871
6374 	 -2.271
6376 	 -1.719
6424 	 -1.319
6444 	 -0.761
6504 	 -0.637
6506 	 -0.613
6552 	 -0.501
6634 	 -0.359
6704 	 -0.331
6710 	 -0.307
6726 	 -0.295
6728 	 -0.267
6782 	 -0.263
6894 	 -0.165
6990 	 -0.145
6994 	 -0.125
7002 	 -0.093
7272 	 -0.089
7278 	 -0.085
7290 	 -0.073
7324 	 -0.025
9000 	 -1.433
9024 	 -1.537
9050 	 -2.497
9078 	 -3.177
9112 	 -3.761
9158 	 -3.713
9162 	 -3.797
9174 	 -3.705
9186 	 -2.857
9216 	 -3.589
9232 	 -3.413
9238 	 -3.801
9262 	 -1.973
9268 	 -1.305
9298 	 -0.417
9304 	 -0.413
9306 	 -0.409
9334 	 -0.277
9400 	 -0.025
9660 	 -0.009
9904 	 -0.001
12000 	 -2.54
12002 	 -2.421
12004 	 -2.854
12006 	 -3.993
12008 	 -4.837
12010 	 -6.414
12012 	 -6.842
12016 	 -7.431
12018 	 -7.477
12020 	 -7.81
12028 	 -7.944
12030 	 -8.012
12032 	 -7.978
12034 	 -8.037
12040 	 -7.914
12042 	 -8.39
12054 	 -7.901
12062 	 -8.119
12064 	 -8.195
12070 	 -8.378
12072 	 -8.42
12074 	 -7.941
12088 	 -7.329
12090 	 -7.419
12100 	 -7.549
12102 	 -7.433
12120 	 -6.813
12130 	 -6.767
12140 	 -7.032
12148 	 -7.272
12154 	 -8.308
12156 	 -8.342
12164 	 -8.232
12166 	 -8.316
12176 	 -8.367
12178 	 -8.461
12180 	 -8.533
12182 	 -9.063
12186 	 -9.552
12190 	 -9.868
12200 	 -10.058
12206 	 -10.048
12208 	 -10.226
12210 	 -10.36
12212 	 -11.404
12222 	 -11.297
12226 	 -11.818
12228 	 -11.977
12230 	 -12.208
12234 	 -13.59
12236 	 -13.679
12244 	 -13.98
12252 	 -13.34
12254 	 -13.239
12256 	 -13.344
12260 	 -13.027
12264 	 -13.192
12266 	 -13.632
12270 	 -13.759
12274 	 -12.507
12276 	 -12.608
12280 	 -12.425
12282 	 -12.268
12286 	 -12.419
12290 	 -12.147
12296 	 -12.413
12300 	 -12.557
12304 	 -12.25
12308 	 -12.235
12312 	 -12.2
12322 	 -12.074
12324 	 -11.55
12330 	 -11.506
12332 	 -11.538
12334 	 -11.54
12338 	 -11.288
12340 	 -11.168
12344 	 -10.372
12348 	 -10.37
12350 	 -10.355
12354 	 -10.328
12358 	 -9.663
12360 	 -8.711
12362 	 -8.608
12372 	 -8.26
12380 	 -8.108
12382 	 -7.954
12384 	 -8.108
12386 	 -7.651
12392 	 -7.574
12394 	 -7.424
12396 	 -7.548
12398 	 -7.543
12400 	 -7.431
12404 	 -7.159
12406 	 -7.129
12412 	 -6.818
12420 	 -6.712
12426 	 -6.688
12430 	 -6.621
12432 	 -6.543
12436 	 -6.984
12437 	 -7.204
12438 	 -6.834
12444 	 -6.892
12448 	 -6.785
12452 	 -6.682
12456 	 -6.554
12460 	 -6.471
12466 	 -6.938
12476 	 -7.192
12480 	 -7.026
12492 	 -6.998
12494 	 -6.959
12508 	 -6.95
12510 	 -7.009
12516 	 -7.108
12520 	 -7.078
12540 	 -7.506
12546 	 -7.469
12552 	 -7.332
12562 	 -7.559
12564 	 -7.553
12574 	 -7.954
12576 	 -7.934
12578 	 -7.543
12588 	 -7.542
12590 	 -7.374
12592 	 -7.195
12594 	 -7.367
12604 	 -7.454
12618 	 -7.671
12620 	 -7.544
12622 	 -7.587
12630 	 -8.16
12638 	 -8.156
12640 	 -8.099
12644 	 -8.534
12648 	 -8.564
12660 	 -8.866
12664 	 -8.746
12668 	 -8.782
12672 	 -8.631
12710 	 -8.627
12712 	 -7.599
12716 	 -7.713
12728 	 -7.561
12732 	 -7.592
12734 	 -7.567
12740 	 -7.563
12748 	 -7.546
12756 	 -7.466
12758 	 -7.464
12768 	 -7.563
12770 	 -7.535
12772 	 -7.505
12774 	 -7.475
12782 	 -7.387
12794 	 -7.519
12798 	 -7.436
12802 	 -7.348
12804 	 -7.458
12816 	 -7.674
12828 	 -7.639
12840 	 -7.381
12850 	 -7.373
12866 	 -7.356
12874 	 -7.336
12894 	 -7.273
12904 	 -7.437
12908 	 -7.846
12916 	 -7.772
12920 	 -7.682
12924 	 -7.775
12934 	 -7.768
12946 	 -7.757
12954 	 -7.688
12960 	 -8.307
12964 	 -8.111
12968 	 -8.142
12970 	 -8.103
12972 	 -7.924
12976 	 -8.046
12982 	 -7.997
12986 	 -7.968
12990 	 -7.965
12992 	 -8.058
12996 	 -8.042
13004 	 -7.97
13006 	 -7.98
13008 	 -7.966
13010 	 -7.981
13016 	 -6.181
13018 	 -6.935
13022 	 -7.151
13026 	 -6.889
13028 	 -6.867
13034 	 -6.897
13038 	 -6.647
13042 	 -6.588
13052 	 -6.552
13062 	 -6.497
13068 	 -6.399
13076 	 -6.181
13082 	 -6.173
13088 	 -6.169
13096 	 -5.88
13100 	 -5.969
13102 	 -5.964
13106 	 -5.916
13112 	 -5.892
13114 	 -5.923
13126 	 -5.922
13128 	 -6.17
13150 	 -6.566
13156 	 -6.624
13166 	 -6.857
13168 	 -6.653
13174 	 -6.719
13186 	 -6.927
13188 	 -6.907
13192 	 -6.906
13196 	 -6.676
13200 	 -6.621
13206 	 -6.928
13208 	 -6.896
13212 	 -6.944
13220 	 -6.935
13222 	 -6.735
13234 	 -6.766
13240 	 -6.712
13242 	 -6.746
13246 	 -6.677
13248 	 -6.491
13250 	 -6.364
13252 	 -6.053
13256 	 -6.09
13262 	 -5.996
13268 	 -5.991
13270 	 -5.986
13274 	 -5.801
13278 	 -5.792
13280 	 -5.82
13282 	 -5.49
13284 	 -5.262
13290 	 -5.254
13294 	 -5.137
13296 	 -5.114
13298 	 -5.083
13304 	 -5.082
13306 	 -4.869
13316 	 -4.821
13318 	 -4.786
13320 	 -4.386
13328 	 -4.352
13330 	 -4.471
13342 	 -4.504
13360 	 -4.459
13366 	 -4.463
13372 	 -4.554
13374 	 -4.24
13384 	 -4.129
13388 	 -4.123
13398 	 -3.997
13414 	 -3.924
13416 	 -3.933
13422 	 -3.964
13454 	 -3.954
13456 	 -3.957
13468 	 -4.003
13474 	 -3.991
13484 	 -4.106
13486 	 -4.115
13504 	 -3.969
13508 	 -3.541
13514 	 -3.532
13526 	 -3.461
13528 	 -3.359
13540 	 -3.435
13542 	 -3.429
13544 	 -3.419
13546 	 -3.258
13554 	 -3.163
13568 	 -3.144
13580 	 -3.084
13594 	 -3.054
13596 	 -2.948
13604 	 -2.826
13646 	 -2.8
13648 	 -1.97
13664 	 -1.965
13668 	 -1.912
13690 	 -2.148
13696 	 -2.109
13738 	 -2.297
13744 	 -2.173
13752 	 -2.111
13760 	 -2.091
13766 	 -2.082
13804 	 -1.939
13820 	 -1.933
13822 	 -1.873
13848 	 -1.872
13852 	 -1.812
13862 	 -1.931
13874 	 -1.987
13876 	 -2.172
13878 	 -2.072
13880 	 -2.214
13898 	 -2.254
13900 	 -2.246
13902 	 -2.193
13904 	 -2.209
13906 	 -2.156
13910 	 -2.257
13912 	 -2.251
13928 	 -2.28
13942 	 -2.234
13946 	 -2.296
13954 	 -2.288
13962 	 -2.271
13972 	 -2.358
13978 	 -2.357
13986 	 -2.353
13990 	 -2.519
13992 	 -2.503
14038 	 -2.607
14046 	 -2.605
14048 	 -2.553
14058 	 -2.548
14064 	 -2.545
14070 	 -2.553
14078 	 -2.519
14100 	 -2.624
14104 	 -2.708
14110 	 -2.731
14120 	 -2.729
14136 	 -2.57
14146 	 -2.625
14168 	 -2.611
14172 	 -2.65
14186 	 -2.662
14190 	 -2.728
14194 	 -2.724
14206 	 -2.573
14212 	 -2.571
14230 	 -2.597
14232 	 -2.562
14236 	 -2.56
14244 	 -2.434
14254 	 -2.544
14262 	 -2.469
14264 	 -2.521
14266 	 -2.517
14276 	 -2.51
14294 	 -2.555
14302 	 -2.621
14304 	 -2.673
14318 	 -2.671
14322 	 -2.766
14326 	 -2.765
14352 	 -2.788
14354 	 -2.628
14356 	 -2.574
14362 	 -2.545
14364 	 -2.679
14374 	 -2.661
14378 	 -2.621
14386 	 -2.449
14392 	 -2.395
14408 	 -2.387
14412 	 -2.222
14416 	 -2.175
14428 	 -2.125
14440 	 -2.078
14442 	 -1.856
14452 	 -1.661
14460 	 -1.684
14466 	 -1.765
14482 	 -1.591
14486 	 -1.724
14498 	 -1.611
14508 	 -1.621
14510 	 -1.569
14522 	 -1.51
14532 	 -1.517
14540 	 -1.499
14542 	 -1.48
14548 	 -1.172
14564 	 -1.15
14566 	 -1.143
14568 	 -1.119
14574 	 -0.874
14584 	 -0.812
14588 	 -0.801
14590 	 -0.793
14594 	 -0.714
14604 	 -0.662
14606 	 -0.609
14608 	 -0.607
14610 	 -0.597
14624 	 -0.471
14638 	 -0.335
14654 	 -0.299
14672 	 -0.297
14682 	 -0.29
14708 	 -0.281
14722 	 -0.278
14746 	 -0.265
14750 	 -0.228
14844 	 -0.224
15000 	 -1.435
15024 	 -1.593
15050 	 -2.342
15078 	 -2.929
15112 	 -3.375
15158 	 -3.377
15162 	 -3.421
15164 	 -3.411
15174 	 -3.365
15186 	 -2.81
15206 	 -2.808
15216 	 -3.321
15222 	 -3.319
15232 	 -3.143
15238 	 -3.34
15262 	 -2.269
15266 	 -2.21
15268 	 -2.117
15276 	 -1.809
15282 	 -1.676
15298 	 -1.502
15300 	 -1.162
15310 	 -1.202
15336 	 -1.501
15342 	 -1.498
15344 	 -1.47
15350 	 -1.426
15356 	 -1.596
15372 	 -1.587
15374 	 -1.202
15400 	 -0.738
15422 	 -0.578
15456 	 -0.315
15470 	 -0.31
15486 	 -0.119
15558 	 -0.052
15658 	 -0.043
15708 	 -0.037
15864 	 -0.032
15888 	 -0.03
15904 	 -0.022
15936 	 -0.019
15954 	 -0.017
16066 	 -0.016
16086 	 -0.013
16218 	 -0.012
16488 	 -0.011
18000 	 -2.128
18020 	 -2.245
18042 	 -2.757
18064 	 -2.894
18088 	 -2.339
18120 	 -1.764
18154 	 -2.864
18180 	 -2.6
18190 	 -3.253
18234 	 -4.518
18252 	 -4.494
18262 	 -4.308
18270 	 -3.339
18278 	 -3.276
18286 	 -3.135
18296 	 -3.669
18316 	 -3.714
18328 	 -3.958
18336 	 -3.607
18342 	 -3.616
18348 	 -3.025
18360 	 -2.268
18368 	 -1.962
18384 	 -1.976
18402 	 -1.39
18420 	 -0.756
18426 	 -0.668
18434 	 -0.55
18448 	 -0.21
18472 	 -0.18
18552 	 -0.02
18864 	 -0.012
19002 	 0
21000 	 -1.44
21001 	 -1.44
