0 	 0
3000 	 -1.376
3024 	 -1.496
3050 	 -1.88
3062 	 -2.472
3078 	 -3.176
3112 	 -3.62
3158 	 -3.808
3164 	 -3.728
3186 	 -2.828
3198 	 -2.688
3216 	 -1.912
3232 	 -1.736
3238 	 -1.364
3262 	 -0.608
3296 	 -0.264
3400 	 -0.024
3636 	 -0.008
3904 	 0
6000 	 -2.478
6020 	 -2.638
6042 	 -3.286
6064 	 -3.582
6088 	 -3.11
6120 	 -2.686
6138 	 -2.872
6154 	 -3.312
6180 	 -3.048
6190 	 -3.516
6198 	 -3.5
6234 	 -3.9
6284 	 -4.203
6296 	 -4.179
6346 	 -4.159
6360 	 -2.871
6374 	 -2.271
6376 	 -1.719
6424 	 -1.319
6444 	 -0.761
6504 	 -0.637
6506 	 -0.613
6552 	 -0.501
6634 	 -0.359
6704 	 -0.331
6710 	 -0.307
6726 	 -0.295
6728 	 -0.267
6782 	 -0.263
6894 	 -0.165
6990 	 -0.145
6994 	 -0.125
7002 	 -0.093
7272 	 -0.089
7278 	 -0.085
7290 	 -0.073
7324 	 -0.025
9000 	 -1.433
9024 	 -1.537
9050 	 -2.497
9078 	 -3.177
9112 	 -3.761
9158 	 -3.713
9162 	 -3.797
9174 	 -3.705
9186 	 -2.857
9216 	 -3.589
9232 	 -3.413
9238 	 -3.801
9262 	 -1.973
9268 	 -1.305
9298 	 -0.417
9304 	 -0.413
9306 	 -0.409
9334 	 -0.277
9400 	 -0.025
9660 	 -0.009
9904 	 -0.001
12000 	 -2.54
12002 	 -2.421
12004 	 -2.501
12006 	 -2.414
12008 	 -3.242
12010 	 -3.674
12012 	 -4.1
12018 	 -4.146
12020 	 -4.482
12032 	 -4.448
12034 	 -4.507
12040 	 -4.613
12042 	 -5.089
12062 	 -5.307
12064 	 -5.383
12070 	 -5.567
12086 	 -5.832
12088 	 -5.22
12090 	 -5.31
12100 	 -5.293
12120 	 -4.673
12130 	 -4.467
12132 	 -4.787
12154 	 -5.955
12156 	 -5.985
12160 	 -6.343
12166 	 -6.427
12176 	 -6.478
12178 	 -6.541
12180 	 -6.226
12186 	 -6.376
12190 	 -6.692
12198 	 -6.67
12200 	 -6.928
12204 	 -6.904
12210 	 -7.026
12212 	 -8.07
12218 	 -8.162
12222 	 -8.055
12230 	 -8.107
12234 	 -9.455
12236 	 -9.271
12244 	 -9.445
12246 	 -9.664
12252 	 -9.015
12254 	 -8.914
12256 	 -8.812
12260 	 -8.794
12264 	 -8.742
12270 	 -8.868
12272 	 -8.867
12274 	 -7.615
12276 	 -7.775
12280 	 -7.592
12282 	 -7.435
12288 	 -7.498
12290 	 -7.226
12296 	 -7.466
12304 	 -7.433
12308 	 -7.418
12310 	 -7.614
12314 	 -7.441
12322 	 -7.139
12324 	 -6.535
12328 	 -6.769
12332 	 -6.801
12334 	 -6.718
12338 	 -6.466
12340 	 -6.405
12344 	 -5.515
12346 	 -5.793
12350 	 -5.784
12354 	 -5.545
12358 	 -5.417
12360 	 -4.465
12362 	 -4.397
12374 	 -4.472
12376 	 -4.371
12378 	 -3.989
12380 	 -3.84
12382 	 -3.832
12384 	 -4.101
12386 	 -4.09
12390 	 -4.047
12392 	 -4.032
12404 	 -3.682
12406 	 -3.86
12408 	 -3.858
12410 	 -3.964
12412 	 -4
12418 	 -4.136
12432 	 -3.836
12438 	 -3.481
12456 	 -3.388
12464 	 -3.503
12488 	 -3.487
12490 	 -3.443
12496 	 -3.599
12500 	 -3.576
12510 	 -3.608
12516 	 -3.558
12536 	 -3.344
12548 	 -3.169
12550 	 -3.612
12552 	 -3.485
12556 	 -3.575
12566 	 -3.476
12570 	 -3.665
12576 	 -3.661
12578 	 -3.642
12580 	 -3.571
12584 	 -3.504
12588 	 -3.503
12590 	 -3.473
12598 	 -3.383
12610 	 -3.342
12614 	 -3.287
12616 	 -3.109
12622 	 -3.094
12624 	 -3.081
12636 	 -3.208
12638 	 -3.534
12640 	 -3.476
12644 	 -3.296
12646 	 -3.292
12656 	 -3.544
12668 	 -3.701
12670 	 -3.7
12672 	 -3.699
12674 	 -3.683
12684 	 -3.761
12700 	 -3.888
12704 	 -4.103
12714 	 -3.953
12716 	 -3.918
12718 	 -3.953
12724 	 -3.936
12738 	 -3.616
12744 	 -4.131
12746 	 -4.113
12750 	 -4.092
12754 	 -4.096
12776 	 -4.144
12786 	 -4.242
12790 	 -4.25
12796 	 -4.622
12802 	 -4.551
12804 	 -4.397
12808 	 -4.372
12830 	 -5.985
12838 	 -6.083
12856 	 -6.03
12862 	 -6.114
12874 	 -5.947
12884 	 -6.415
12894 	 -6.456
12896 	 -6.294
12900 	 -6.348
12906 	 -6.386
12908 	 -6.638
12918 	 -6.721
12924 	 -6.716
12932 	 -6.112
12934 	 -5.875
12940 	 -5.82
12952 	 -5.736
12954 	 -5.7
12956 	 -5.473
12958 	 -6.002
12974 	 -5.958
12982 	 -5.973
12984 	 -5.944
12988 	 -5.965
12990 	 -5.962
12996 	 -5.966
12998 	 -6.103
13000 	 -6.283
13006 	 -6.273
13014 	 -6.112
13040 	 -6.059
13042 	 -6.088
13048 	 -6.043
13052 	 -6.075
13062 	 -6.074
13066 	 -5.968
13072 	 -5.851
13080 	 -5.823
13082 	 -5.805
13084 	 -5.972
13088 	 -5.97
13098 	 -6
13108 	 -5.981
13128 	 -5.928
13130 	 -5.883
13136 	 -5.915
13150 	 -6.043
13160 	 -6.146
13176 	 -6.441
13180 	 -6.673
13182 	 -6.672
13192 	 -6.819
13214 	 -6.739
13232 	 -6.573
13238 	 -6.571
13252 	 -6.648
13258 	 -6.512
13262 	 -6.405
13264 	 -6.511
13268 	 -6.535
13274 	 -6.283
13276 	 -6.199
13284 	 -5.885
13292 	 -5.867
13296 	 -5.758
13300 	 -5.461
13304 	 -5.51
13310 	 -5.505
13312 	 -5.4
13318 	 -5.301
13320 	 -5.19
13330 	 -5.189
13340 	 -5.112
13342 	 -5.098
13346 	 -4.862
13364 	 -4.632
13374 	 -4.684
13378 	 -4.515
13382 	 -4.511
13384 	 -4.371
13394 	 -4.272
13402 	 -4.255
13406 	 -4.485
13408 	 -4.461
13420 	 -4.077
13424 	 -4.078
13442 	 -4.28
13444 	 -4.245
13446 	 -4.208
13448 	 -4.09
13454 	 -4.089
13456 	 -4.38
13466 	 -4.033
13468 	 -4.567
13480 	 -4.365
13482 	 -4.281
13484 	 -4.169
13490 	 -4.167
13492 	 -3.401
13496 	 -3.844
13498 	 -3.831
13508 	 -3.654
13512 	 -3.384
13518 	 -3.329
13524 	 -3.281
13526 	 -3.403
13534 	 -3.299
13538 	 -3.25
13546 	 -3.104
13556 	 -2.828
13568 	 -2.762
13574 	 -2.76
13576 	 -2.772
13578 	 -2.395
13580 	 -2.348
13584 	 -2.33
13592 	 -2.307
13594 	 -2.325
13598 	 -2.178
13600 	 -2.026
13606 	 -2.006
13610 	 -1.87
13626 	 -1.909
13638 	 -2.001
13640 	 -1.929
13644 	 -1.919
13652 	 -2.022
13666 	 -1.94
13672 	 -1.924
13688 	 -1.334
13696 	 -1.33
13708 	 -1.445
13718 	 -1.358
13726 	 -1.357
13728 	 -1.338
13732 	 -1.297
13740 	 -1.262
13750 	 -1.259
13752 	 -1.282
13756 	 -1.24
13776 	 -1.244
13780 	 -1.813
13786 	 -1.873
13788 	 -1.869
13800 	 -1.51
13802 	 -1.48
13804 	 -1.609
13826 	 -1.602
13832 	 -1.582
13834 	 -0.94
13838 	 -0.873
13844 	 -0.828
13848 	 -0.811
13872 	 -0.571
13874 	 -0.556
13900 	 -0.554
13920 	 -0.538
13926 	 -0.377
13930 	 -0.357
13952 	 -0.406
13960 	 -0.319
13966 	 -0.318
13998 	 -0.516
14054 	 -0.494
14068 	 -0.493
14070 	 -0.452
14090 	 -0.508
14098 	 -0.504
14100 	 -0.492
14110 	 -0.527
14114 	 -0.514
14128 	 -0.434
14134 	 -0.432
14148 	 -0.297
14166 	 -0.292
14172 	 -0.288
14174 	 -0.162
14206 	 -0.136
14244 	 -0.134
14252 	 -0.082
14312 	 -0.081
14336 	 -0.08
14346 	 -0.069
14386 	 -0.063
14408 	 -0.062
14410 	 -0.044
14520 	 -0.043
15000 	 -1.383
15024 	 -1.512
15050 	 -2.02
15078 	 -2.346
15112 	 -2.371
15158 	 -2.274
15162 	 -2.294
15174 	 -2.27
15186 	 -1.789
15216 	 -1.614
15232 	 -1.438
15238 	 -1.504
15262 	 -0.994
15268 	 -0.908
15282 	 -0.776
15298 	 -0.603
15308 	 -0.62
15334 	 -0.768
15346 	 -0.742
15354 	 -0.833
15374 	 -0.618
15400 	 -0.351
15422 	 -0.263
15460 	 -0.117
15492 	 -0.046
15574 	 -0.017
15658 	 -0.014
15904 	 -0.006
15916 	 -0.003
18000 	 -2.128
18020 	 -2.218
18042 	 -2.634
18064 	 -2.645
18088 	 -2.004
18120 	 -1.385
18154 	 -1.72
18180 	 -1.456
18190 	 -1.58
18234 	 -1.88
18252 	 -1.872
18262 	 -1.778
18270 	 -1.455
18278 	 -1.434
18286 	 -1.387
18296 	 -1.589
18316 	 -1.604
18328 	 -1.726
18336 	 -1.609
18342 	 -1.622
18348 	 -1.425
18360 	 -1.099
18368 	 -0.946
18384 	 -0.953
18402 	 -0.698
18420 	 -0.381
18426 	 -0.337
18434 	 -0.278
18448 	 -0.108
18472 	 -0.093
18552 	 -0.008
18864 	 -0.004
19002 	 0
21000 	 -1.44
21001 	 -1.44
