0 	 0
3000 	 -1.376
3024 	 -1.496
3050 	 -1.88
3062 	 -2.472
3078 	 -3.176
3112 	 -3.62
3158 	 -3.808
3164 	 -3.728
3186 	 -2.828
3198 	 -2.688
3216 	 -1.912
3232 	 -1.736
3238 	 -1.364
3262 	 -0.608
3296 	 -0.264
3400 	 -0.024
3636 	 -0.008
3904 	 0
6000 	 -2.478
6020 	 -2.638
6042 	 -3.286
6064 	 -3.582
6088 	 -3.11
6120 	 -2.686
6138 	 -2.872
6154 	 -3.312
6180 	 -3.048
6190 	 -3.516
6198 	 -3.5
6234 	 -3.9
6284 	 -4.203
6296 	 -4.179
6346 	 -4.159
6360 	 -2.871
6374 	 -2.271
6376 	 -1.719
6424 	 -1.319
6444 	 -0.761
6504 	 -0.637
6506 	 -0.613
6552 	 -0.501
6634 	 -0.359
6704 	 -0.331
6710 	 -0.307
6726 	 -0.295
6728 	 -0.267
6782 	 -0.263
6894 	 -0.165
6990 	 -0.145
6994 	 -0.125
7002 	 -0.093
7272 	 -0.089
7278 	 -0.085
7290 	 -0.073
7324 	 -0.025
9000 	 -1.433
9024 	 -1.537
9050 	 -2.497
9078 	 -3.177
9112 	 -3.761
9158 	 -3.713
9162 	 -3.797
9174 	 -3.705
9186 	 -2.857
9216 	 -3.589
9232 	 -3.413
9238 	 -3.801
9262 	 -1.973
9268 	 -1.305
9298 	 -0.417
9304 	 -0.413
9306 	 -0.409
9334 	 -0.277
9400 	 -0.025
9660 	 -0.009
9904 	 -0.001
12000 	 -2.554
12002 	 -2.49
12004 	 -3.01
12006 	 -3.134
12008 	 -4.467
12012 	 -5.099
12016 	 -4.967
12020 	 -5.416
12032 	 -5.224
12040 	 -5.399
12042 	 -5.875
12048 	 -5.672
12064 	 -5.772
12070 	 -5.926
12086 	 -6.191
12088 	 -5.579
12100 	 -5.464
12102 	 -5.359
12108 	 -5.413
12120 	 -4.885
12130 	 -4.628
12132 	 -4.948
12154 	 -6.116
12160 	 -6.203
12162 	 -6.176
12168 	 -6.491
12178 	 -6.622
12180 	 -6.375
12186 	 -6.427
12190 	 -6.743
12198 	 -6.691
12200 	 -6.77
12206 	 -6.76
12212 	 -7.804
12230 	 -8.17
12234 	 -9.518
12236 	 -9.093
12248 	 -9.453
12252 	 -8.737
12254 	 -8.535
12256 	 -8.553
12260 	 -8.575
12264 	 -8.99
12272 	 -8.989
12274 	 -7.737
12276 	 -7.764
12282 	 -7.578
12286 	 -7.68
12290 	 -7.408
12292 	 -7.209
12296 	 -7.449
12302 	 -7.498
12304 	 -7.268
12310 	 -7.298
12312 	 -7.329
12324 	 -7.083
12328 	 -7.088
12332 	 -7.135
12334 	 -6.799
12338 	 -6.547
12344 	 -5.751
12350 	 -5.755
12354 	 -5.688
12358 	 -5.64
12360 	 -4.688
12364 	 -4.584
12368 	 -4.553
12372 	 -4.538
12380 	 -4.17
12382 	 -4.065
12386 	 -3.993
12388 	 -3.989
12394 	 -3.839
12404 	 -3.567
12406 	 -3.647
12410 	 -3.529
12412 	 -3.733
12422 	 -3.796
12438 	 -3.235
12454 	 -3.152
12464 	 -3.103
12468 	 -3.163
12470 	 -3.131
12488 	 -3.097
12490 	 -3.044
12496 	 -3.102
12498 	 -3.031
12500 	 -3.001
12502 	 -2.974
12504 	 -2.962
12506 	 -2.969
12516 	 -2.919
12522 	 -3.072
12524 	 -3.179
12532 	 -3.157
12550 	 -3.103
12552 	 -2.983
12562 	 -3.366
12564 	 -3.36
12570 	 -3.354
12572 	 -3.617
12576 	 -3.597
12578 	 -3.583
12582 	 -3.644
12590 	 -3.614
12592 	 -3.798
12604 	 -3.793
12606 	 -3.968
12610 	 -3.946
12612 	 -3.803
12614 	 -3.606
12632 	 -3.359
12640 	 -3.469
12642 	 -3.45
12652 	 -3.428
12662 	 -3.299
12666 	 -3.275
12672 	 -3.263
12682 	 -3.33
12694 	 -3.318
12700 	 -3.312
12702 	 -3.412
12708 	 -3.299
12712 	 -3.467
12714 	 -3.317
12720 	 -3.28
12728 	 -3.341
12736 	 -3.226
12742 	 -3.216
12752 	 -3.188
12770 	 -3.329
12774 	 -3.325
12776 	 -3.315
12786 	 -3.363
12796 	 -3.238
12802 	 -3.216
12804 	 -3.062
12806 	 -3
12810 	 -3.105
12816 	 -3.082
12820 	 -3.101
12824 	 -3.457
12826 	 -3.929
12840 	 -4.571
12844 	 -4.702
12852 	 -5.08
12858 	 -5.415
12874 	 -5.369
12886 	 -5.368
12888 	 -5.312
12894 	 -5.169
12896 	 -5.274
12902 	 -5.179
12908 	 -5.243
12910 	 -5.501
12914 	 -5.435
12920 	 -5.444
12926 	 -5.249
12928 	 -5.234
12932 	 -4.994
12938 	 -5.108
12940 	 -5.152
12942 	 -5.099
12944 	 -5.134
12950 	 -5.197
12952 	 -5.113
12954 	 -5.208
12962 	 -5.13
12964 	 -4.651
12966 	 -4.547
12968 	 -4.579
12970 	 -4.574
12972 	 -4.594
12980 	 -4.564
12988 	 -4.714
12990 	 -4.708
12996 	 -4.586
13002 	 -4.582
13010 	 -4.471
13018 	 -4.459
13024 	 -4.231
13030 	 -4.119
13036 	 -3.492
13040 	 -3.544
13058 	 -3.531
13068 	 -3.846
13074 	 -3.982
13076 	 -3.858
13080 	 -3.882
13084 	 -4.304
13090 	 -3.965
13092 	 -4.025
13094 	 -3.987
13106 	 -3.953
13108 	 -4.156
13110 	 -4.596
13114 	 -4.56
13116 	 -4.656
13126 	 -4.622
13128 	 -4.667
13130 	 -4.595
13132 	 -4.618
13136 	 -4.633
13138 	 -4.371
13144 	 -4.287
13152 	 -4.184
13162 	 -4.18
13164 	 -4.176
13168 	 -4.227
13170 	 -4.188
13172 	 -4.229
13180 	 -4.005
13188 	 -4.012
13194 	 -4.077
13196 	 -4.092
13214 	 -3.624
13224 	 -2.617
13230 	 -2.699
13232 	 -2.734
13236 	 -2.886
13246 	 -3.032
13248 	 -2.999
13254 	 -2.931
13256 	 -2.826
13258 	 -2.934
13264 	 -3.01
13280 	 -2.994
13284 	 -2.969
13286 	 -3.052
13292 	 -3.024
13296 	 -2.612
13312 	 -2.598
13320 	 -2.646
13324 	 -2.753
13328 	 -2.82
13342 	 -2.801
13360 	 -2.792
13364 	 -2.76
13374 	 -2.514
13386 	 -2.491
13394 	 -2.551
13408 	 -2.31
13428 	 -2.265
13436 	 -2.262
13446 	 -2.108
13452 	 -2.092
13454 	 -2.091
13458 	 -2.165
13460 	 -2.094
13462 	 -2.093
13466 	 -2.057
13474 	 -1.975
13484 	 -1.771
13500 	 -1.76
13510 	 -1.635
13514 	 -1.617
13518 	 -1.734
13522 	 -1.562
13528 	 -1.504
13538 	 -1.483
13548 	 -1.429
13566 	 -1.413
13570 	 -1.405
13578 	 -1.38
13582 	 -1.42
13588 	 -1.171
13590 	 -1.122
13602 	 -1.101
13606 	 -1.058
13614 	 -1.044
13616 	 -1.036
13626 	 -1.023
13632 	 -1.016
13640 	 -0.831
13654 	 -0.787
13660 	 -0.657
13668 	 -0.655
13678 	 -0.579
13684 	 -0.578
13690 	 -0.577
13694 	 -0.565
13700 	 -0.553
13702 	 -0.544
13714 	 -0.539
13716 	 -0.361
13722 	 -0.35
13726 	 -0.349
13738 	 -0.332
13750 	 -0.328
13760 	 -0.326
13764 	 -0.308
13780 	 -0.252
13788 	 -0.243
13806 	 -0.242
13816 	 -0.156
13848 	 -0.155
13854 	 -0.094
13906 	 -0.086
13978 	 -0.083
14004 	 -0.082
14010 	 -0.081
14028 	 -0.076
14120 	 -0.072
14130 	 -0.057
14160 	 -0.041
14250 	 -0.04
14290 	 -0.039
14302 	 -0.038
14314 	 -0.037
14394 	 -0.036
14464 	 -0.035
15000 	 -1.386
15024 	 -1.516
15050 	 -2.312
15078 	 -2.888
15112 	 -3.331
15158 	 -3.436
15162 	 -3.499
15174 	 -3.427
15186 	 -2.851
15216 	 -3.446
15232 	 -3.27
15238 	 -3.464
15262 	 -2.717
15268 	 -2.459
15282 	 -2.063
15298 	 -1.542
15310 	 -1.603
15336 	 -2.051
15346 	 -1.973
15356 	 -2.227
15374 	 -1.658
15400 	 -1.058
15422 	 -0.818
15456 	 -0.425
15486 	 -0.14
15558 	 -0.035
15658 	 -0.032
15660 	 -0.026
15864 	 -0.014
15904 	 -0.006
18000 	 -2.128
18020 	 -2.254
18042 	 -2.798
18064 	 -2.975
18088 	 -2.46
18120 	 -1.931
18154 	 -3.112
18180 	 -2.848
18190 	 -3.636
18234 	 -5
18252 	 -4.976
18262 	 -4.697
18270 	 -3.728
18278 	 -3.665
18286 	 -3.524
18296 	 -4.415
18316 	 -4.46
18328 	 -4.826
18336 	 -4.475
18342 	 -4.514
18348 	 -3.923
18360 	 -3.233
18368 	 -2.774
18384 	 -2.795
18402 	 -2.03
18420 	 -1.079
18426 	 -0.947
18434 	 -0.77
18448 	 -0.26
18472 	 -0.215
18552 	 -0.024
18864 	 -0.012
19002 	 0
21000 	 -1.44
21001 	 -1.44
