0 	 0
3000 	 -1.376
3024 	 -1.496
3050 	 -1.88
3062 	 -2.472
3078 	 -3.176
3112 	 -3.62
3158 	 -3.808
3164 	 -3.728
3186 	 -2.828
3198 	 -2.688
3216 	 -1.912
3232 	 -1.736
3238 	 -1.364
3262 	 -0.608
3296 	 -0.264
3400 	 -0.024
3636 	 -0.008
3904 	 0
6000 	 -2.478
6020 	 -2.638
6042 	 -3.286
6064 	 -3.582
6088 	 -3.11
6120 	 -2.686
6138 	 -2.872
6154 	 -3.312
6180 	 -3.048
6190 	 -3.516
6198 	 -3.5
6234 	 -3.9
6284 	 -4.203
6296 	 -4.179
6346 	 -4.159
6360 	 -2.871
6374 	 -2.271
6376 	 -1.719
6424 	 -1.319
6444 	 -0.761
6504 	 -0.637
6506 	 -0.613
6552 	 -0.501
6634 	 -0.359
6704 	 -0.331
6710 	 -0.307
6726 	 -0.295
6728 	 -0.267
6782 	 -0.263
6894 	 -0.165
6990 	 -0.145
6994 	 -0.125
7002 	 -0.093
7272 	 -0.089
7278 	 -0.085
7290 	 -0.073
7324 	 -0.025
9000 	 -1.433
9024 	 -1.537
9050 	 -2.497
9078 	 -3.177
9112 	 -3.761
9158 	 -3.713
9162 	 -3.797
9174 	 -3.705
9186 	 -2.857
9216 	 -3.589
9232 	 -3.413
9238 	 -3.801
9262 	 -1.973
9268 	 -1.305
9298 	 -0.417
9304 	 -0.413
9306 	 -0.409
9334 	 -0.277
9400 	 -0.025
9660 	 -0.009
9904 	 -0.001
12000 	 -2.554
12002 	 -2.49
12004 	 -2.972
12006 	 -3.096
12008 	 -4.034
12012 	 -4.453
12016 	 -4.321
12020 	 -4.654
12032 	 -4.461
12040 	 -4.567
12042 	 -5.043
12048 	 -4.808
12064 	 -4.908
12070 	 -4.887
12088 	 -4.275
12100 	 -4.389
12102 	 -4.264
12120 	 -3.736
12130 	 -3.69
12154 	 -4.726
12162 	 -4.699
12178 	 -4.841
12180 	 -4.577
12182 	 -5.043
12186 	 -5.095
12190 	 -5.411
12198 	 -5.381
12200 	 -5.425
12206 	 -5.415
12208 	 -5.807
12212 	 -6.851
12230 	 -6.961
12234 	 -8.309
12252 	 -7.593
12254 	 -7.492
12256 	 -7.64
12264 	 -8.013
12266 	 -8.41
12274 	 -7.158
12282 	 -7.001
12286 	 -7.104
12290 	 -6.832
12296 	 -6.929
12304 	 -6.699
12312 	 -6.73
12322 	 -6.721
12324 	 -6.118
12332 	 -6.165
12334 	 -6.267
12338 	 -6.015
12344 	 -5.219
12350 	 -5.223
12354 	 -5.182
12360 	 -4.23
12364 	 -4.298
12368 	 -4.267
12372 	 -4.252
12382 	 -4.147
12386 	 -3.848
12394 	 -3.782
12404 	 -3.51
12406 	 -3.48
12410 	 -3.467
12412 	 -3.411
12437 	 -3.631
12438 	 -3.866
12440 	 -4.008
12452 	 -3.874
12464 	 -3.812
12466 	 -3.919
12472 	 -3.846
12476 	 -4.02
12480 	 -3.844
12482 	 -3.796
12492 	 -3.826
12502 	 -3.818
12508 	 -3.809
12516 	 -3.982
12526 	 -3.904
12528 	 -3.788
12540 	 -3.921
12542 	 -3.827
12544 	 -3.766
12548 	 -3.734
12552 	 -3.614
12562 	 -3.661
12564 	 -3.655
12566 	 -3.615
12576 	 -3.595
12578 	 -3.581
12582 	 -3.756
12584 	 -3.736
12590 	 -3.626
12594 	 -3.786
12596 	 -4.041
12602 	 -4.08
12604 	 -4.07
12610 	 -4.009
12618 	 -3.863
12620 	 -3.978
12628 	 -4.287
12632 	 -4.203
12648 	 -4.295
12662 	 -4.185
12664 	 -4.065
12666 	 -4.041
12672 	 -4.029
12678 	 -4.044
12686 	 -4.085
12712 	 -3.538
12736 	 -3.92
12742 	 -3.916
12748 	 -3.899
12760 	 -3.885
12766 	 -4.093
12768 	 -4.395
12782 	 -4.809
12802 	 -5.354
12806 	 -5.351
12816 	 -5.575
12822 	 -5.393
12840 	 -5.533
12844 	 -5.678
12868 	 -5.884
12874 	 -6.065
12894 	 -5.726
12902 	 -6.19
12920 	 -6.333
12922 	 -6.374
12924 	 -7.033
12928 	 -7.002
12936 	 -6.989
12940 	 -6.994
12948 	 -6.978
12954 	 -6.907
12960 	 -6.737
12964 	 -6.82
12988 	 -6.418
12990 	 -6.415
12996 	 -6.363
12998 	 -6.406
13004 	 -6.467
13012 	 -6.269
13014 	 -6.252
13016 	 -5.954
13020 	 -5.8
13024 	 -6.168
13026 	 -6.243
13034 	 -6.142
13042 	 -6.103
13052 	 -6.071
13060 	 -6.04
13068 	 -6.147
13070 	 -6.091
13078 	 -6.089
13088 	 -5.866
13090 	 -5.93
13094 	 -5.92
13096 	 -5.816
13104 	 -5.476
13114 	 -5.436
13116 	 -5.472
13118 	 -5.953
13128 	 -5.569
13132 	 -5.878
13142 	 -5.77
13150 	 -5.386
13164 	 -5.361
13172 	 -5.29
13178 	 -5.001
13186 	 -5.003
13188 	 -5.066
13196 	 -5.188
13200 	 -5.106
13214 	 -5.195
13220 	 -5.186
13228 	 -5.047
13234 	 -5.045
13242 	 -5.29
13248 	 -5.338
13262 	 -5.722
13266 	 -5.734
13272 	 -5.713
13284 	 -5.546
13288 	 -5.733
13294 	 -5.984
13300 	 -6.169
13308 	 -6.11
13314 	 -5.888
13330 	 -6.023
13334 	 -5.887
13340 	 -5.855
13354 	 -5.961
13360 	 -5.916
13374 	 -6.124
13390 	 -6.039
13392 	 -6.054
13400 	 -6.05
13404 	 -6.07
13410 	 -5.945
13416 	 -5.817
13420 	 -5.792
13428 	 -5.825
13434 	 -5.582
13440 	 -5.49
13442 	 -5.577
13450 	 -5.693
13456 	 -5.664
13462 	 -5.229
13468 	 -5.211
13480 	 -5.156
13482 	 -5.14
13484 	 -5.225
13488 	 -5.265
13498 	 -5.157
13502 	 -4.877
13508 	 -4.634
13514 	 -4.559
13518 	 -4.546
13520 	 -4.486
13524 	 -4.433
13526 	 -4.809
13530 	 -4.777
13532 	 -4.776
13536 	 -5.018
13542 	 -5.012
13554 	 -4.951
13562 	 -4.927
13574 	 -4.858
13578 	 -5.304
13582 	 -5.348
13588 	 -5.489
13590 	 -5.909
13594 	 -5.968
13596 	 -5.649
13602 	 -5.652
13614 	 -5.576
13620 	 -5.552
13622 	 -5.404
13626 	 -5.355
13628 	 -6.007
13632 	 -6.079
13634 	 -5.998
13642 	 -6.008
13648 	 -6.328
13650 	 -6.208
13654 	 -6.008
13664 	 -5.849
13668 	 -5.876
13674 	 -5.574
13678 	 -5.595
13688 	 -4.525
13694 	 -4.586
13702 	 -4.405
13708 	 -4.347
13710 	 -4.149
13712 	 -3.873
13714 	 -3.878
13720 	 -3.764
13724 	 -3.649
13730 	 -3.612
13738 	 -3.664
13740 	 -3.64
13746 	 -3.639
13748 	 -3.483
13756 	 -3.543
13758 	 -3.403
13764 	 -3.283
13766 	 -3.343
13768 	 -3.342
13772 	 -3.146
13774 	 -3.067
13788 	 -2.976
13792 	 -3.12
13796 	 -3.084
13798 	 -3.08
13804 	 -3.031
13806 	 -2.943
13808 	 -2.851
13816 	 -2.806
13822 	 -2.397
13836 	 -2.417
13838 	 -2.119
13842 	 -2.008
13848 	 -2.007
13854 	 -1.978
13860 	 -2.5
13880 	 -2.258
13886 	 -2.141
13888 	 -2.572
13896 	 -2.549
13900 	 -2.629
13908 	 -2.647
13910 	 -2.653
13916 	 -2.636
13920 	 -2.492
13924 	 -2.483
13932 	 -2.461
13934 	 -2.319
13946 	 -2.263
13950 	 -2.267
13956 	 -2.095
13972 	 -1.876
13974 	 -1.91
13978 	 -1.909
13982 	 -1.956
13996 	 -1.797
14004 	 -1.77
14008 	 -1.763
14010 	 -1.737
14014 	 -1.1
14020 	 -1.237
14030 	 -1.231
14038 	 -1.123
14060 	 -1.108
14066 	 -1.096
14068 	 -1.08
14080 	 -1.066
14094 	 -0.974
14104 	 -0.971
14112 	 -0.797
14116 	 -0.761
14126 	 -0.666
14128 	 -0.661
14130 	 -0.656
14134 	 -0.654
14142 	 -0.65
14148 	 -0.586
14154 	 -0.553
14164 	 -0.551
14166 	 -0.387
14194 	 -0.338
14210 	 -0.315
14218 	 -0.295
14224 	 -0.281
14228 	 -0.266
14230 	 -0.252
14234 	 -0.247
14242 	 -0.259
14248 	 -0.244
14258 	 -0.235
14262 	 -0.187
14280 	 -0.176
14290 	 -0.15
14306 	 -0.123
14308 	 -0.106
14448 	 -0.099
14492 	 -0.096
14508 	 -0.088
14512 	 -0.082
14550 	 -0.068
14714 	 -0.066
15000 	 -1.392
15024 	 -1.533
15050 	 -2.458
15078 	 -3.16
15112 	 -3.788
15158 	 -3.789
15162 	 -3.871
15174 	 -3.776
15186 	 -2.883
15216 	 -3.89
15232 	 -3.714
15238 	 -3.972
15262 	 -2.361
15268 	 -2.016
15274 	 -2.011
15282 	 -1.483
15298 	 -0.791
15310 	 -0.811
15336 	 -0.96
15346 	 -0.856
15356 	 -0.942
15374 	 -0.747
15400 	 -0.373
15422 	 -0.294
15456 	 -0.161
15486 	 -0.067
15558 	 -0.035
15660 	 -0.023
15708 	 -0.017
15864 	 -0.016
15904 	 -0.008
16096 	 -0.007
16350 	 -0.006
16464 	 -0.005
16476 	 -0.004
18000 	 -2.128
18020 	 -2.245
18042 	 -2.757
18064 	 -2.897
18088 	 -2.325
18120 	 -1.703
18154 	 -3.064
18180 	 -2.8
18190 	 -3.515
18234 	 -5.114
18252 	 -5.082
18262 	 -4.989
18270 	 -3.697
18278 	 -3.613
18286 	 -3.425
18296 	 -3.59
18316 	 -3.65
18328 	 -3.772
18336 	 -3.304
18342 	 -3.266
18348 	 -2.478
18360 	 -1.405
18368 	 -1.252
18384 	 -1.259
18402 	 -0.776
18420 	 -0.459
18426 	 -0.415
18434 	 -0.356
18448 	 -0.186
18472 	 -0.171
18552 	 -0.02
18864 	 -0.016
19002 	 0
21000 	 -1.44
21001 	 -1.44
