0 	 0
3000 	 -1.376
3024 	 -1.496
3050 	 -1.88
3062 	 -2.472
3078 	 -3.176
3112 	 -3.62
3158 	 -3.808
3164 	 -3.728
3186 	 -2.828
3198 	 -2.688
3216 	 -1.912
3232 	 -1.736
3238 	 -1.364
3262 	 -0.608
3296 	 -0.264
3400 	 -0.024
3636 	 -0.008
3904 	 0
6000 	 -2.478
6020 	 -2.638
6042 	 -3.286
6064 	 -3.582
6088 	 -3.11
6120 	 -2.686
6138 	 -2.872
6154 	 -3.312
6180 	 -3.048
6190 	 -3.516
6198 	 -3.5
6234 	 -3.9
6284 	 -4.203
6296 	 -4.179
6346 	 -4.159
6360 	 -2.871
6374 	 -2.271
6376 	 -1.719
6424 	 -1.319
6444 	 -0.761
6504 	 -0.637
6506 	 -0.613
6552 	 -0.501
6634 	 -0.359
6704 	 -0.331
6710 	 -0.307
6726 	 -0.295
6728 	 -0.267
6782 	 -0.263
6894 	 -0.165
6990 	 -0.145
6994 	 -0.125
7002 	 -0.093
7272 	 -0.089
7278 	 -0.085
7290 	 -0.073
7324 	 -0.025
9000 	 -1.433
9024 	 -1.537
9050 	 -2.497
9078 	 -3.177
9112 	 -3.761
9158 	 -3.713
9162 	 -3.797
9174 	 -3.705
9186 	 -2.857
9216 	 -3.589
9232 	 -3.413
9238 	 -3.801
9262 	 -1.973
9268 	 -1.305
9298 	 -0.417
9304 	 -0.413
9306 	 -0.409
9334 	 -0.277
9400 	 -0.025
9660 	 -0.009
9904 	 -0.001
12000 	 -2.554
12002 	 -2.49
12004 	 -3.012
12006 	 -3.136
12008 	 -4.485
12012 	 -5.119
12016 	 -4.987
12020 	 -5.433
12032 	 -5.241
12040 	 -5.416
12042 	 -5.892
12048 	 -5.689
12064 	 -5.789
12070 	 -5.943
12088 	 -5.331
12100 	 -5.353
12102 	 -5.248
12108 	 -5.302
12120 	 -4.774
12130 	 -4.517
12154 	 -5.553
12160 	 -5.64
12162 	 -5.613
12168 	 -5.928
12178 	 -6.059
12180 	 -5.795
12182 	 -6.261
12186 	 -6.313
12190 	 -6.629
12198 	 -6.577
12200 	 -6.656
12206 	 -6.646
12208 	 -7.038
12212 	 -8.082
12230 	 -8.448
12234 	 -9.796
12248 	 -10.145
12252 	 -9.429
12254 	 -9.227
12256 	 -9.245
12260 	 -9.285
12264 	 -9.677
12266 	 -10.074
12274 	 -8.822
12276 	 -8.849
12282 	 -8.663
12286 	 -8.765
12290 	 -8.493
12292 	 -8.294
12296 	 -8.391
12302 	 -8.44
12304 	 -8.21
12310 	 -8.24
12312 	 -8.271
12322 	 -8.262
12324 	 -7.607
12332 	 -7.654
12334 	 -7.382
12338 	 -7.13
12344 	 -6.334
12350 	 -6.338
12354 	 -6.237
12358 	 -6.34
12360 	 -5.388
12364 	 -5.284
12368 	 -5.253
12372 	 -5.238
12380 	 -4.98
12382 	 -4.875
12386 	 -4.474
12388 	 -4.47
12394 	 -4.32
12404 	 -4.048
12406 	 -3.889
12410 	 -3.771
12412 	 -3.715
12437 	 -3.935
12438 	 -3.621
12440 	 -3.763
12448 	 -3.78
12454 	 -3.658
12466 	 -3.76
12472 	 -3.687
12476 	 -3.906
12480 	 -3.762
12488 	 -3.728
12490 	 -3.675
12492 	 -3.853
12498 	 -3.888
12502 	 -3.88
12508 	 -3.871
12516 	 -4.044
12526 	 -3.966
12532 	 -3.934
12540 	 -4.159
12544 	 -4.098
12550 	 -4.051
12552 	 -3.931
12562 	 -3.993
12564 	 -3.987
12566 	 -3.945
12570 	 -3.939
12576 	 -3.919
12578 	 -3.905
12582 	 -3.685
12590 	 -3.575
12592 	 -3.705
12594 	 -3.858
12604 	 -3.848
12610 	 -3.826
12618 	 -3.654
12622 	 -3.214
12640 	 -3.269
12642 	 -3.25
12648 	 -3.166
12662 	 -3.218
12664 	 -2.98
12672 	 -2.968
12680 	 -3.03
12694 	 -3.505
12712 	 -2.917
12718 	 -2.961
12720 	 -2.924
12736 	 -2.847
12742 	 -2.843
12748 	 -2.826
12754 	 -2.592
12766 	 -2.468
12774 	 -2.588
12776 	 -2.571
12782 	 -2.479
12786 	 -2.472
12790 	 -2.37
12806 	 -2.367
12818 	 -2.565
12826 	 -2.442
12828 	 -2.538
12840 	 -2.745
12848 	 -2.892
12874 	 -2.748
12886 	 -2.747
12894 	 -2.713
12908 	 -2.863
12924 	 -2.879
12946 	 -3.066
12954 	 -3.351
12960 	 -3.662
12964 	 -3.76
12966 	 -4.139
12982 	 -4.381
12990 	 -4.375
12996 	 -4.359
13002 	 -4.51
13006 	 -4.656
13016 	 -4.363
13018 	 -4.135
13024 	 -4.185
13028 	 -4.165
13036 	 -4.262
13038 	 -4.436
13042 	 -4.276
13044 	 -4.326
13046 	 -4.339
13056 	 -4.173
13060 	 -4.129
13068 	 -3.89
13072 	 -3.97
13078 	 -3.82
13082 	 -3.593
13084 	 -3.437
13090 	 -3.488
13092 	 -3.606
13094 	 -3.456
13096 	 -3.387
13110 	 -3.563
13114 	 -3.537
13124 	 -3.456
13130 	 -3.401
13148 	 -3.186
13150 	 -2.812
13156 	 -2.845
13162 	 -2.842
13164 	 -2.838
13168 	 -2.74
13172 	 -2.932
13174 	 -2.934
13176 	 -2.859
13188 	 -2.713
13192 	 -2.725
13196 	 -3.192
13198 	 -3.506
13208 	 -3.375
13210 	 -3.629
13212 	 -3.743
13220 	 -3.734
13224 	 -3.854
13228 	 -3.676
13232 	 -3.56
13234 	 -3.558
13238 	 -3.613
13242 	 -3.554
13244 	 -3.545
13248 	 -3.646
13250 	 -3.612
13260 	 -3.34
13262 	 -3.485
13272 	 -3.408
13282 	 -3.521
13284 	 -3.471
13298 	 -3.016
13308 	 -2.824
13312 	 -2.808
13318 	 -2.703
13334 	 -2.532
13338 	 -2.246
13342 	 -1.926
13354 	 -1.864
13358 	 -1.976
13360 	 -1.931
13362 	 -1.905
13374 	 -1.578
13388 	 -1.581
13390 	 -1.691
13400 	 -1.984
13410 	 -1.989
13420 	 -2.183
13424 	 -2.279
13428 	 -2.37
13430 	 -2.345
13436 	 -2.491
13444 	 -2.389
13448 	 -2.484
13454 	 -2.601
13462 	 -2.6
13464 	 -2.588
13482 	 -2.783
13494 	 -2.806
13508 	 -2.44
13520 	 -2.401
13524 	 -2.352
13530 	 -2.614
13540 	 -2.637
13542 	 -2.679
13546 	 -2.667
13560 	 -2.669
13570 	 -2.406
13574 	 -2.391
13578 	 -2.239
13588 	 -2.438
13604 	 -2.298
13606 	 -2.372
13610 	 -2.348
13612 	 -2.174
13618 	 -2.14
13624 	 -2.104
13628 	 -2.125
13630 	 -2.092
13632 	 -2.081
13634 	 -2.249
13648 	 -2.259
13654 	 -2.3
13670 	 -2.346
13684 	 -2.62
13686 	 -2.519
13690 	 -2.495
13718 	 -2.113
13720 	 -2.058
13734 	 -1.97
13742 	 -1.923
13758 	 -1.903
13764 	 -1.999
13766 	 -1.959
13774 	 -1.943
13778 	 -1.93
13812 	 -1.929
13822 	 -1.896
13824 	 -1.886
13848 	 -1.885
13852 	 -1.837
13870 	 -1.854
13872 	 -1.886
13886 	 -1.851
13922 	 -1.848
13924 	 -1.887
13926 	 -1.806
13928 	 -1.917
13932 	 -1.973
13956 	 -1.96
13966 	 -1.909
13978 	 -1.908
13986 	 -1.906
14000 	 -1.764
14004 	 -1.758
14006 	 -1.845
14010 	 -1.844
14012 	 -1.812
14014 	 -1.755
14016 	 -1.897
14030 	 -1.825
14038 	 -1.824
14042 	 -1.793
14048 	 -1.795
14052 	 -1.737
14060 	 -1.702
14070 	 -1.72
14072 	 -1.703
14078 	 -1.479
14080 	 -1.136
14090 	 -1.114
14092 	 -1.093
14098 	 -1.09
14112 	 -1.084
14116 	 -1.031
14122 	 -0.889
14136 	 -0.813
14166 	 -0.655
14178 	 -0.654
14192 	 -0.539
14236 	 -0.53
14244 	 -0.523
14254 	 -0.516
14298 	 -0.511
14302 	 -0.507
14304 	 -0.503
14310 	 -0.61
14382 	 -0.682
14394 	 -0.681
14402 	 -0.654
14430 	 -0.651
14458 	 -0.59
14466 	 -0.576
14478 	 -0.575
14484 	 -0.574
14500 	 -0.55
14518 	 -0.548
14544 	 -0.472
14606 	 -0.426
14672 	 -0.336
14706 	 -0.33
14730 	 -0.304
14752 	 -0.173
14822 	 -0.107
14872 	 -0.1
15000 	 -1.4
15024 	 -1.552
15050 	 -2.163
15078 	 -2.624
15112 	 -2.846
15158 	 -2.857
15162 	 -2.897
15174 	 -2.85
15186 	 -2.374
15216 	 -2.538
15232 	 -2.362
15238 	 -2.491
15262 	 -1.817
15266 	 -1.787
15268 	 -1.7
15276 	 -1.547
15282 	 -1.415
15298 	 -1.242
15300 	 -1.074
15310 	 -1.114
15336 	 -1.414
15346 	 -1.388
15350 	 -1.366
15356 	 -1.536
15374 	 -1.146
15400 	 -0.718
15422 	 -0.559
15456 	 -0.294
15464 	 -0.287
15486 	 -0.099
15558 	 -0.035
15660 	 -0.032
15668 	 -0.029
15708 	 -0.017
15810 	 -0.014
15864 	 -0.012
15904 	 -0.004
18000 	 -2.128
18020 	 -2.236
18042 	 -2.716
18064 	 -2.81
18088 	 -2.232
18120 	 -1.658
18154 	 -2.416
18180 	 -2.152
18190 	 -2.608
18234 	 -3.44
18252 	 -3.424
18262 	 -3.238
18270 	 -2.592
18278 	 -2.55
18286 	 -2.456
18296 	 -3.002
18316 	 -3.032
18328 	 -3.276
18336 	 -3.042
18342 	 -3.068
18348 	 -2.674
18360 	 -2.166
18368 	 -1.86
18384 	 -1.874
18402 	 -1.364
18420 	 -0.73
18426 	 -0.642
18434 	 -0.524
18448 	 -0.184
18472 	 -0.154
18552 	 -0.016
18864 	 -0.008
19002 	 0
21000 	 -1.44
21001 	 -1.44
