0 	 0
3000 	 -1.376
3024 	 -1.496
3050 	 -1.88
3062 	 -2.472
3078 	 -3.176
3112 	 -3.62
3158 	 -3.808
3164 	 -3.728
3186 	 -2.828
3198 	 -2.688
3216 	 -1.912
3232 	 -1.736
3238 	 -1.364
3262 	 -0.608
3296 	 -0.264
3400 	 -0.024
3636 	 -0.008
3904 	 0
6000 	 -2.478
6020 	 -2.638
6042 	 -3.286
6064 	 -3.582
6088 	 -3.11
6120 	 -2.686
6138 	 -2.872
6154 	 -3.312
6180 	 -3.048
6190 	 -3.516
6198 	 -3.5
6234 	 -3.9
6284 	 -4.203
6296 	 -4.179
6346 	 -4.159
6360 	 -2.871
6374 	 -2.271
6376 	 -1.719
6424 	 -1.319
6444 	 -0.761
6504 	 -0.637
6506 	 -0.613
6552 	 -0.501
6634 	 -0.359
6704 	 -0.331
6710 	 -0.307
6726 	 -0.295
6728 	 -0.267
6782 	 -0.263
6894 	 -0.165
6990 	 -0.145
6994 	 -0.125
7002 	 -0.093
7272 	 -0.089
7278 	 -0.085
7290 	 -0.073
7324 	 -0.025
9000 	 -1.433
9024 	 -1.537
9050 	 -2.497
9078 	 -3.177
9112 	 -3.761
9158 	 -3.713
9162 	 -3.797
9174 	 -3.705
9186 	 -2.857
9216 	 -3.589
9232 	 -3.413
9238 	 -3.801
9262 	 -1.973
9268 	 -1.305
9298 	 -0.417
9304 	 -0.413
9306 	 -0.409
9334 	 -0.277
9400 	 -0.025
9660 	 -0.009
9904 	 -0.001
12000 	 -2.554
12002 	 -2.49
12004 	 -3.052
12006 	 -3.176
12008 	 -4.942
12012 	 -5.787
12016 	 -5.655
12020 	 -6.208
12032 	 -6.016
12040 	 -6.209
12042 	 -6.685
12048 	 -6.482
12064 	 -6.582
12070 	 -6.736
12086 	 -6.961
12088 	 -6.349
12100 	 -6.398
12102 	 -6.293
12108 	 -6.347
12120 	 -5.819
12130 	 -5.562
12132 	 -5.898
12152 	 -6.035
12154 	 -7.071
12160 	 -7.158
12162 	 -7.131
12168 	 -7.446
12178 	 -7.577
12180 	 -7.235
12182 	 -7.579
12186 	 -7.631
12188 	 -7.759
12190 	 -8.075
12198 	 -8.023
12200 	 -8.102
12206 	 -8.213
12208 	 -8.427
12212 	 -9.471
12230 	 -9.837
12234 	 -11.185
12236 	 -10.936
12248 	 -11.334
12252 	 -10.618
12254 	 -10.416
12256 	 -10.434
12260 	 -10.474
12264 	 -10.849
12266 	 -11.23
12272 	 -11.272
12274 	 -10.02
12276 	 -10.047
12282 	 -9.861
12286 	 -9.963
12290 	 -9.748
12292 	 -9.549
12296 	 -9.646
12302 	 -9.695
12304 	 -9.465
12310 	 -9.495
12312 	 -9.526
12322 	 -9.446
12324 	 -8.991
12328 	 -9
12332 	 -9.047
12334 	 -8.77
12338 	 -8.518
12344 	 -7.722
12350 	 -7.726
12354 	 -7.599
12358 	 -7.541
12360 	 -6.589
12364 	 -6.485
12368 	 -6.454
12372 	 -6.439
12380 	 -6.047
12382 	 -5.942
12386 	 -5.867
12388 	 -5.863
12394 	 -5.713
12404 	 -5.441
12406 	 -5.281
12410 	 -5.163
12412 	 -5.107
12438 	 -4.625
12440 	 -4.767
12454 	 -4.725
12456 	 -4.789
12464 	 -4.74
12472 	 -4.667
12476 	 -4.837
12480 	 -4.693
12488 	 -4.659
12490 	 -4.606
12498 	 -4.804
12502 	 -4.777
12508 	 -4.768
12510 	 -4.739
12516 	 -4.689
12526 	 -4.611
12532 	 -4.6
12536 	 -4.64
12544 	 -4.579
12550 	 -5.045
12552 	 -4.925
12558 	 -4.856
12562 	 -4.9
12564 	 -4.894
12566 	 -4.852
12570 	 -4.993
12576 	 -4.973
12578 	 -4.932
12580 	 -5.018
12582 	 -4.987
12590 	 -4.847
12598 	 -4.701
12604 	 -4.686
12610 	 -4.664
12614 	 -4.315
12618 	 -4.549
12638 	 -4.356
12642 	 -4.347
12650 	 -4.593
12672 	 -4.456
12694 	 -4.444
12712 	 -3.068
12716 	 -3.135
12720 	 -3.098
12728 	 -3.033
12732 	 -3.016
12734 	 -2.945
12742 	 -2.941
12748 	 -2.924
12750 	 -3.028
12762 	 -2.97
12764 	 -3.07
12772 	 -3.057
12776 	 -3.047
12780 	 -2.961
12786 	 -3.065
12788 	 -2.992
12794 	 -2.998
12806 	 -2.995
12810 	 -3.002
12812 	 -3.635
12814 	 -3.794
12816 	 -3.777
12820 	 -4.398
12832 	 -4.777
12856 	 -4.719
12860 	 -4.815
12870 	 -4.672
12872 	 -4.706
12874 	 -4.28
12882 	 -4.346
12884 	 -4.3
12886 	 -4.299
12894 	 -4.056
12896 	 -4.186
12908 	 -4.075
12918 	 -3.951
12924 	 -3.782
12926 	 -3.669
12940 	 -3.497
12954 	 -2.983
12960 	 -3.046
12964 	 -2.916
12966 	 -2.777
12970 	 -2.821
12972 	 -2.808
12974 	 -2.878
12984 	 -2.705
12990 	 -2.699
12994 	 -2.543
12996 	 -2.527
13000 	 -2.551
13006 	 -2.606
13008 	 -2.64
13012 	 -2.663
13014 	 -2.639
13016 	 -2.568
13036 	 -2.474
13054 	 -2.485
13060 	 -2.745
13070 	 -2.612
13076 	 -2.884
13078 	 -2.882
13080 	 -2.881
13082 	 -2.909
13086 	 -3.037
13090 	 -2.886
13094 	 -3.008
13104 	 -3.065
13106 	 -3.043
13114 	 -3.606
13118 	 -3.386
13130 	 -3.325
13132 	 -3.269
13134 	 -3.26
13138 	 -3.026
13140 	 -3.021
13150 	 -2.808
13152 	 -2.818
13156 	 -2.625
13162 	 -2.621
13170 	 -2.596
13172 	 -2.577
13174 	 -2.566
13176 	 -2.59
13180 	 -2.516
13192 	 -2.474
13202 	 -2.452
13204 	 -2.437
13206 	 -2.272
13214 	 -1.493
13218 	 -1.736
13220 	 -1.703
13228 	 -1.8
13230 	 -1.767
13234 	 -1.765
13238 	 -1.675
13240 	 -1.753
13250 	 -1.657
13256 	 -1.661
13258 	 -1.659
13266 	 -1.623
13270 	 -1.797
13274 	 -1.831
13312 	 -1.808
13332 	 -1.907
13334 	 -1.896
13344 	 -1.864
13360 	 -1.891
13364 	 -1.931
13366 	 -1.955
13374 	 -1.76
13378 	 -1.756
13382 	 -1.793
13392 	 -1.866
13396 	 -1.831
13400 	 -1.809
13404 	 -1.797
13412 	 -1.796
13418 	 -1.644
13420 	 -1.637
13434 	 -1.566
13438 	 -1.541
13442 	 -1.577
13444 	 -1.645
13446 	 -1.558
13454 	 -1.413
13462 	 -1.412
13472 	 -1.397
13474 	 -1.344
13490 	 -1.289
13506 	 -1.305
13508 	 -1.242
13514 	 -1.287
13520 	 -1.248
13536 	 -1.197
13570 	 -1.151
13572 	 -1.169
13578 	 -1.154
13592 	 -1.129
13596 	 -1.112
13602 	 -1.045
13624 	 -1.025
13642 	 -1.104
13644 	 -1.032
13648 	 -1.022
13674 	 -0.671
13696 	 -0.72
13712 	 -0.699
13726 	 -0.698
13732 	 -0.676
13748 	 -0.493
13766 	 -0.482
13768 	 -0.432
13784 	 -0.366
13806 	 -0.197
13838 	 -0.152
13848 	 -0.151
13866 	 -0.136
13890 	 -0.134
13920 	 -0.133
13936 	 -0.132
13952 	 -0.066
13980 	 -0.065
14010 	 -0.064
14050 	 -0.052
14070 	 -0.047
14074 	 -0.046
14092 	 -0.042
14104 	 -0.037
14296 	 -0.035
14330 	 -0.033
14364 	 -0.025
15000 	 -1.379
15024 	 -1.499
15050 	 -2.027
15078 	 -2.344
15112 	 -2.386
15158 	 -2.435
15162 	 -2.456
15174 	 -2.432
15186 	 -2.126
15216 	 -1.93
15232 	 -1.754
15238 	 -1.818
15262 	 -1.805
15268 	 -1.719
15282 	 -1.587
15298 	 -1.413
15310 	 -1.474
15336 	 -1.922
15346 	 -1.896
15356 	 -2.151
15374 	 -1.576
15400 	 -1.047
15422 	 -0.807
15456 	 -0.413
15486 	 -0.129
15558 	 -0.027
15660 	 -0.024
15708 	 -0.018
15864 	 -0.009
15904 	 -0.001
18000 	 -2.128
18020 	 -2.236
18042 	 -2.716
18064 	 -2.807
18088 	 -2.246
18120 	 -1.719
18154 	 -2.216
18180 	 -1.952
18190 	 -2.346
18234 	 -2.844
18252 	 -2.836
18262 	 -2.557
18270 	 -2.234
18278 	 -2.213
18286 	 -2.166
18296 	 -3.081
18316 	 -3.096
18328 	 -3.462
18336 	 -3.345
18342 	 -3.418
18348 	 -3.221
18360 	 -3.029
18368 	 -2.57
18384 	 -2.591
18402 	 -1.978
18420 	 -1.027
18426 	 -0.895
18434 	 -0.718
18448 	 -0.208
18472 	 -0.163
18552 	 -0.016
18864 	 -0.004
19002 	 0
21000 	 -1.44
21001 	 -1.44
