0 	 0
3000 	 -1.376
3024 	 -1.496
3050 	 -1.88
3062 	 -2.472
3078 	 -3.176
3112 	 -3.62
3158 	 -3.808
3164 	 -3.728
3186 	 -2.828
3198 	 -2.688
3216 	 -1.912
3232 	 -1.736
3238 	 -1.364
3262 	 -0.608
3296 	 -0.264
3400 	 -0.024
3636 	 -0.008
3904 	 0
6000 	 -2.478
6020 	 -2.638
6042 	 -3.286
6064 	 -3.582
6088 	 -3.11
6120 	 -2.686
6138 	 -2.872
6154 	 -3.312
6180 	 -3.048
6190 	 -3.516
6198 	 -3.5
6234 	 -3.9
6284 	 -4.203
6296 	 -4.179
6346 	 -4.159
6360 	 -2.871
6374 	 -2.271
6376 	 -1.719
6424 	 -1.319
6444 	 -0.761
6504 	 -0.637
6506 	 -0.613
6552 	 -0.501
6634 	 -0.359
6704 	 -0.331
6710 	 -0.307
6726 	 -0.295
6728 	 -0.267
6782 	 -0.263
6894 	 -0.165
6990 	 -0.145
6994 	 -0.125
7002 	 -0.093
7272 	 -0.089
7278 	 -0.085
7290 	 -0.073
7324 	 -0.025
9000 	 -1.433
9024 	 -1.537
9050 	 -2.497
9078 	 -3.177
9112 	 -3.761
9158 	 -3.713
9162 	 -3.797
9174 	 -3.705
9186 	 -2.857
9216 	 -3.589
9232 	 -3.413
9238 	 -3.801
9262 	 -1.973
9268 	 -1.305
9298 	 -0.417
9304 	 -0.413
9306 	 -0.409
9334 	 -0.277
9400 	 -0.025
9660 	 -0.009
9904 	 -0.001
12000 	 -2.554
12002 	 -2.49
12004 	 -3.13
12006 	 -3.807
12008 	 -4.723
12010 	 -5.23
12012 	 -5.651
12016 	 -5.779
12020 	 -6.121
12030 	 -6.189
12032 	 -5.997
12040 	 -6.154
12042 	 -6.63
12048 	 -6.427
12064 	 -6.527
12070 	 -6.681
12072 	 -6.728
12088 	 -6.116
12100 	 -6.001
12102 	 -5.896
12108 	 -5.95
12120 	 -5.422
12130 	 -5.165
12148 	 -5.5
12154 	 -6.536
12160 	 -6.623
12162 	 -6.596
12168 	 -6.911
12178 	 -7.328
12180 	 -7.064
12186 	 -7.116
12190 	 -7.432
12198 	 -7.38
12200 	 -7.459
12206 	 -7.449
12212 	 -8.493
12226 	 -9.127
12230 	 -9.493
12234 	 -10.841
12248 	 -11.19
12252 	 -10.474
12254 	 -10.272
12256 	 -10.29
12260 	 -10.013
12264 	 -10.405
12274 	 -9.153
12276 	 -9.18
12282 	 -8.994
12286 	 -9.215
12290 	 -8.943
12292 	 -8.744
12296 	 -8.984
12302 	 -9.033
12304 	 -8.803
12310 	 -8.833
12312 	 -8.864
12324 	 -8.209
12332 	 -8.256
12334 	 -7.984
12338 	 -7.732
12344 	 -6.936
12350 	 -6.94
12354 	 -6.839
12358 	 -6.665
12360 	 -5.713
12364 	 -5.609
12368 	 -5.578
12372 	 -5.563
12376 	 -5.533
12380 	 -5.275
12382 	 -5.17
12386 	 -5.142
12388 	 -5.138
12394 	 -4.988
12404 	 -4.716
12406 	 -4.484
12410 	 -4.366
12412 	 -4.158
12438 	 -3.677
12448 	 -3.75
12454 	 -3.706
12470 	 -3.705
12488 	 -3.671
12490 	 -3.618
12492 	 -3.699
12498 	 -3.61
12502 	 -3.602
12522 	 -3.607
12524 	 -3.777
12532 	 -3.745
12542 	 -3.679
12550 	 -3.642
12552 	 -3.522
12564 	 -3.516
12570 	 -3.51
12574 	 -4.503
12576 	 -4.483
12578 	 -4.469
12582 	 -4.268
12592 	 -4.089
12598 	 -4.07
12606 	 -3.999
12608 	 -4.209
12610 	 -4.187
12622 	 -4.362
12628 	 -4.138
12630 	 -4.117
12632 	 -4.135
12638 	 -4.024
12640 	 -3.967
12642 	 -3.939
12648 	 -3.995
12654 	 -3.841
12656 	 -4.029
12658 	 -4.008
12668 	 -4.049
12672 	 -4.007
12686 	 -3.917
12688 	 -3.924
12692 	 -3.957
12694 	 -3.945
12718 	 -3.894
12720 	 -3.857
12732 	 -3.794
12742 	 -3.79
12744 	 -4.077
12756 	 -4.333
12768 	 -4.699
12770 	 -4.76
12776 	 -4.75
12786 	 -4.739
12790 	 -4.744
12796 	 -4.865
12802 	 -4.865
12804 	 -4.945
12806 	 -4.942
12808 	 -4.715
12810 	 -4.709
12820 	 -4.583
12828 	 -4.548
12830 	 -4.72
12846 	 -4.512
12864 	 -4.506
12868 	 -4.563
12886 	 -4.562
12888 	 -4.783
12894 	 -4.841
12896 	 -4.838
12902 	 -4.863
12912 	 -4.857
12916 	 -4.783
12924 	 -4.848
12926 	 -4.663
12938 	 -4.654
12942 	 -4.413
12950 	 -4.573
12954 	 -4.634
12966 	 -4.863
12982 	 -4.465
12984 	 -4.453
12990 	 -4.447
12996 	 -4.431
13002 	 -4.417
13004 	 -4.374
13012 	 -4.811
13026 	 -5.557
13028 	 -5.478
13032 	 -5.599
13036 	 -5.648
13040 	 -5.618
13042 	 -5.578
13050 	 -5.65
13056 	 -5.618
13064 	 -5.379
13068 	 -5.112
13086 	 -5.161
13088 	 -5.133
13094 	 -5.777
13098 	 -5.777
13100 	 -5.493
13104 	 -5.469
13110 	 -5.559
13114 	 -5.44
13120 	 -5.417
13124 	 -5.174
13128 	 -5.153
13132 	 -5.127
13146 	 -5.067
13150 	 -5.143
13156 	 -4.98
13158 	 -4.601
13162 	 -4.594
13164 	 -4.59
13166 	 -4.574
13176 	 -4.422
13178 	 -4.602
13182 	 -4.589
13190 	 -4.465
13194 	 -4.397
13214 	 -4.412
13218 	 -4.47
13246 	 -4.356
13250 	 -3.357
13262 	 -3.34
13266 	 -3.173
13268 	 -3.296
13294 	 -3.749
13298 	 -4.332
13300 	 -4.174
13306 	 -4.163
13322 	 -4.13
13324 	 -4.124
13326 	 -4.193
13328 	 -4.159
13342 	 -3.916
13346 	 -3.911
13352 	 -3.886
13358 	 -3.748
13360 	 -3.75
13366 	 -3.708
13374 	 -3.761
13382 	 -3.412
13386 	 -3.175
13398 	 -3.323
13408 	 -3.353
13424 	 -3.175
13442 	 -2.763
13446 	 -2.648
13452 	 -2.674
13454 	 -2.673
13462 	 -2.672
13468 	 -2.735
13480 	 -2.893
13482 	 -2.834
13484 	 -2.963
13500 	 -3.107
13526 	 -3.038
13538 	 -3.568
13540 	 -3.558
13550 	 -3.535
13568 	 -3.587
13574 	 -3.552
13586 	 -3.54
13592 	 -3.492
13594 	 -3.541
13600 	 -3.592
13606 	 -3.636
13612 	 -3.637
13620 	 -3.642
13630 	 -3.515
13634 	 -3.514
13638 	 -3.23
13644 	 -3.212
13646 	 -3.191
13648 	 -3.148
13650 	 -3.143
13652 	 -3.008
13660 	 -3.004
13672 	 -2.729
13676 	 -2.703
13682 	 -2.395
13690 	 -2.354
13694 	 -2.318
13700 	 -2.284
13706 	 -2.455
13712 	 -2.379
13760 	 -2.412
13762 	 -2.423
13774 	 -2.449
13776 	 -2.442
13778 	 -2.554
13780 	 -2.377
13800 	 -2.36
13804 	 -2.387
13818 	 -2.451
13826 	 -2.438
13832 	 -2.436
13848 	 -2.435
13852 	 -2.431
13854 	 -2.313
13856 	 -2.326
13864 	 -2.291
13874 	 -2.398
13882 	 -2.443
13906 	 -2.442
13908 	 -2.483
13928 	 -2.408
13930 	 -2.39
13932 	 -2.224
13942 	 -2.215
13946 	 -2.008
13950 	 -1.995
13954 	 -1.979
13964 	 -1.934
13980 	 -1.746
13984 	 -1.687
13986 	 -1.771
13994 	 -1.605
13998 	 -1.544
14004 	 -1.531
14006 	 -1.62
14010 	 -1.618
14018 	 -1.567
14024 	 -1.533
14034 	 -1.369
14040 	 -1.214
14056 	 -1.206
14058 	 -1.201
14060 	 -1.215
14084 	 -1.183
14086 	 -1.172
14088 	 -1.013
14100 	 -0.995
14106 	 -0.938
14112 	 -0.873
14120 	 -0.924
14132 	 -0.903
14134 	 -0.888
14146 	 -0.778
14152 	 -0.749
14164 	 -0.682
14178 	 -0.676
14182 	 -0.669
14186 	 -0.778
14220 	 -0.777
14224 	 -0.617
14236 	 -0.614
14244 	 -0.62
14252 	 -0.608
14266 	 -0.459
14280 	 -0.454
14284 	 -0.381
14304 	 -0.365
14310 	 -0.32
14340 	 -0.207
14342 	 -0.201
14370 	 -0.194
14378 	 -0.181
14430 	 -0.176
14486 	 -0.17
14554 	 -0.162
14562 	 -0.149
14700 	 -0.146
15000 	 -1.402
15024 	 -1.532
15050 	 -2.186
15078 	 -2.634
15112 	 -2.87
15158 	 -2.793
15162 	 -2.833
15174 	 -2.786
15186 	 -2.174
15216 	 -2.39
15232 	 -2.214
15238 	 -2.342
15262 	 -1.466
15268 	 -1.294
15282 	 -1.03
15298 	 -0.683
15310 	 -0.703
15336 	 -0.852
15346 	 -0.8
15352 	 -0.799
15356 	 -0.884
15374 	 -0.694
15400 	 -0.381
15422 	 -0.301
15456 	 -0.17
15470 	 -0.165
15486 	 -0.07
15558 	 -0.035
15568 	 -0.032
15660 	 -0.026
15864 	 -0.022
15904 	 -0.014
16314 	 -0.013
18000 	 -2.128
18020 	 -2.227
18042 	 -2.675
18064 	 -2.729
18088 	 -2.111
18120 	 -1.491
18154 	 -2.168
18180 	 -1.904
18190 	 -2.225
18234 	 -2.958
18252 	 -2.942
18262 	 -2.849
18270 	 -2.203
18278 	 -2.161
18286 	 -2.067
18296 	 -2.256
18316 	 -2.286
18328 	 -2.408
18336 	 -2.174
18342 	 -2.17
18348 	 -1.776
18360 	 -1.201
18368 	 -1.048
18384 	 -1.055
18402 	 -0.724
18420 	 -0.407
18426 	 -0.363
18434 	 -0.304
18448 	 -0.134
18472 	 -0.119
18552 	 -0.012
18864 	 -0.008
19002 	 0
21000 	 -1.44
21001 	 -1.44
