0 	 0
3000 	 -1.376
3024 	 -1.496
3050 	 -1.88
3062 	 -2.472
3078 	 -3.176
3112 	 -3.62
3158 	 -3.808
3164 	 -3.728
3186 	 -2.828
3198 	 -2.688
3216 	 -1.912
3232 	 -1.736
3238 	 -1.364
3262 	 -0.608
3296 	 -0.264
3400 	 -0.024
3636 	 -0.008
3904 	 0
6000 	 -2.478
6020 	 -2.638
6042 	 -3.286
6064 	 -3.582
6088 	 -3.11
6120 	 -2.686
6138 	 -2.872
6154 	 -3.312
6180 	 -3.048
6190 	 -3.516
6198 	 -3.5
6234 	 -3.9
6284 	 -4.203
6296 	 -4.179
6346 	 -4.159
6360 	 -2.871
6374 	 -2.271
6376 	 -1.719
6424 	 -1.319
6444 	 -0.761
6504 	 -0.637
6506 	 -0.613
6552 	 -0.501
6634 	 -0.359
6704 	 -0.331
6710 	 -0.307
6726 	 -0.295
6728 	 -0.267
6782 	 -0.263
6894 	 -0.165
6990 	 -0.145
6994 	 -0.125
7002 	 -0.093
7272 	 -0.089
7278 	 -0.085
7290 	 -0.073
7324 	 -0.025
9000 	 -1.433
9024 	 -1.537
9050 	 -2.497
9078 	 -3.177
9112 	 -3.761
9158 	 -3.713
9162 	 -3.797
9174 	 -3.705
9186 	 -2.857
9216 	 -3.589
9232 	 -3.413
9238 	 -3.801
9262 	 -1.973
9268 	 -1.305
9298 	 -0.417
9304 	 -0.413
9306 	 -0.409
9334 	 -0.277
9400 	 -0.025
9660 	 -0.009
9904 	 -0.001
12000 	 -2.554
12002 	 -2.49
12004 	 -3.05
12006 	 -3.727
12008 	 -3.821
12010 	 -4.328
12012 	 -4.319
12016 	 -4.447
12020 	 -4.563
12030 	 -4.631
12032 	 -4.438
12042 	 -4.914
12048 	 -4.679
12064 	 -4.779
12070 	 -4.575
12072 	 -4.622
12088 	 -4.01
12102 	 -3.885
12120 	 -3.357
12148 	 -3.692
12154 	 -4.728
12162 	 -4.701
12178 	 -4.987
12180 	 -4.723
12190 	 -5.039
12198 	 -5.009
12212 	 -6.053
12226 	 -6.687
12234 	 -8.035
12252 	 -7.319
12260 	 -7.002
12274 	 -5.75
12282 	 -5.622
12286 	 -5.741
12290 	 -5.469
12296 	 -5.709
12304 	 -5.665
12324 	 -5.061
12332 	 -5.093
12334 	 -5.072
12338 	 -4.82
12344 	 -4.024
12358 	 -3.747
12360 	 -2.795
12376 	 -2.765
12382 	 -2.757
12386 	 -2.729
12404 	 -2.457
12412 	 -2.249
12454 	 -2.327
12470 	 -2.326
12498 	 -2.231
12522 	 -2.236
12542 	 -2.17
12552 	 -2.05
12574 	 -3.111
12592 	 -2.932
12598 	 -2.913
12606 	 -2.842
12608 	 -3.052
12630 	 -3.031
12632 	 -3.049
12638 	 -2.938
12640 	 -2.881
12656 	 -3.034
12658 	 -3.013
12672 	 -2.983
12688 	 -2.99
12732 	 -2.984
12742 	 -2.98
12768 	 -3.325
12770 	 -3.386
12802 	 -3.348
12804 	 -3.428
12828 	 -3.393
12864 	 -3.387
12868 	 -3.353
12888 	 -3.641
12896 	 -3.638
12902 	 -3.663
12914 	 -3.697
12916 	 -3.623
12942 	 -3.406
12966 	 -3.515
12982 	 -3.615
12984 	 -3.603
12996 	 -3.587
13002 	 -3.573
13004 	 -3.53
13012 	 -3.512
13028 	 -3.433
13036 	 -3.432
13042 	 -3.392
13064 	 -3.335
13076 	 -3.411
13104 	 -3.339
13118 	 -3.311
13120 	 -3.288
13140 	 -3.368
13154 	 -3.453
13162 	 -3.491
13170 	 -3.653
13194 	 -3.535
13216 	 -3.567
13250 	 -2.524
13292 	 -2.514
13302 	 -2.236
13318 	 -2.264
13326 	 -2.813
13328 	 -2.779
13330 	 -2.841
13346 	 -2.855
13352 	 -2.83
13362 	 -3.063
13368 	 -3.089
13376 	 -3.127
13394 	 -2.899
13404 	 -2.883
13406 	 -2.757
13418 	 -2.754
13420 	 -2.888
13424 	 -2.422
13432 	 -2.351
13448 	 -2.429
13468 	 -2.301
13470 	 -2.482
13490 	 -2.644
13504 	 -2.629
13514 	 -2.759
13520 	 -2.49
13524 	 -2.285
13548 	 -2.265
13562 	 -2.47
13574 	 -2.42
13576 	 -2.386
13596 	 -2.357
13598 	 -2.342
13602 	 -2.95
13608 	 -2.933
13612 	 -3.234
13620 	 -3.75
13634 	 -3.749
13638 	 -3.629
13648 	 -3.244
13650 	 -3.239
13660 	 -3.224
13666 	 -2.92
13670 	 -2.935
13672 	 -3.39
13680 	 -3.243
13682 	 -3.262
13686 	 -3.407
13692 	 -3.356
13696 	 -3.34
13702 	 -3.249
13704 	 -3.309
13708 	 -3.138
13710 	 -3.063
13712 	 -3.005
13714 	 -2.974
13728 	 -2.763
13738 	 -2.396
13742 	 -2.29
13752 	 -2.282
13760 	 -2.262
13762 	 -2.324
13764 	 -2.453
13766 	 -2.411
13772 	 -2.302
13774 	 -2.067
13780 	 -1.908
13796 	 -1.738
13800 	 -1.55
13816 	 -1.544
13834 	 -1.667
13848 	 -2.087
13854 	 -2.293
13858 	 -2.257
13862 	 -2.162
13864 	 -2.127
13866 	 -1.897
13868 	 -2.106
13872 	 -2.089
13884 	 -2.056
13888 	 -2.038
13894 	 -1.935
13906 	 -1.995
13916 	 -1.971
13918 	 -1.769
13932 	 -1.81
13936 	 -1.699
13942 	 -1.69
13958 	 -1.257
13970 	 -1.253
13980 	 -0.949
13988 	 -0.944
14004 	 -0.923
14008 	 -0.793
14030 	 -0.849
14040 	 -0.939
14050 	 -0.938
14052 	 -0.839
14058 	 -0.834
14070 	 -0.824
14080 	 -0.822
14086 	 -0.864
14092 	 -0.988
14132 	 -1.014
14134 	 -1.054
14146 	 -0.944
14158 	 -0.995
14160 	 -0.992
14164 	 -1.058
14180 	 -1.085
14188 	 -1.074
14202 	 -0.838
14210 	 -0.825
14220 	 -0.676
14228 	 -0.557
14236 	 -0.554
14246 	 -0.435
14248 	 -0.424
14254 	 -0.391
14276 	 -0.383
14288 	 -0.381
14290 	 -0.307
14302 	 -0.291
14310 	 -0.233
14326 	 -0.227
14344 	 -0.2
14402 	 -0.183
14416 	 -0.18
14422 	 -0.175
14432 	 -0.174
14444 	 -0.173
14450 	 -0.163
14472 	 -0.151
14480 	 -0.141
14508 	 -0.134
14520 	 -0.131
14542 	 -0.13
14556 	 -0.129
14662 	 -0.126
15000 	 -1.399
15024 	 -1.517
15050 	 -2.044
15078 	 -2.361
15112 	 -2.405
15158 	 -2.453
15162 	 -2.474
15174 	 -2.45
15186 	 -2.131
15216 	 -1.945
15232 	 -1.769
15238 	 -1.833
15262 	 -1.824
15268 	 -1.738
15282 	 -1.606
15298 	 -1.433
15308 	 -1.467
15310 	 -1.487
15334 	 -1.784
15336 	 -1.934
15346 	 -1.908
15352 	 -1.907
15354 	 -2.089
15356 	 -2.174
15374 	 -1.549
15400 	 -1.046
15422 	 -0.791
15456 	 -0.658
15460 	 -0.367
15470 	 -0.362
15486 	 -0.268
15492 	 -0.125
15558 	 -0.093
15568 	 -0.09
15574 	 -0.032
15660 	 -0.029
15708 	 -0.023
15864 	 -0.022
15904 	 -0.014
15916 	 -0.008
18000 	 -2.128
18020 	 -2.236
18042 	 -2.716
18064 	 -2.807
18088 	 -2.246
18120 	 -1.719
18154 	 -2.216
18180 	 -1.952
18190 	 -2.346
18234 	 -2.844
18252 	 -2.836
18262 	 -2.555
18270 	 -2.232
18278 	 -2.211
18286 	 -2.164
18296 	 -3.081
18316 	 -3.096
18328 	 -3.462
18336 	 -3.345
18342 	 -3.418
18348 	 -3.221
18360 	 -3.029
18368 	 -2.57
18384 	 -2.591
18402 	 -1.978
18420 	 -1.027
18426 	 -0.895
18434 	 -0.718
18448 	 -0.208
18472 	 -0.163
18552 	 -0.016
18864 	 -0.004
19002 	 0
21000 	 -1.44
21001 	 -1.44
