0 	 0
3000 	 -1.376
3024 	 -1.496
3050 	 -1.88
3062 	 -2.472
3078 	 -3.176
3112 	 -3.62
3158 	 -3.808
3164 	 -3.728
3186 	 -2.828
3198 	 -2.688
3216 	 -1.912
3232 	 -1.736
3238 	 -1.364
3262 	 -0.608
3296 	 -0.264
3400 	 -0.024
3636 	 -0.008
3904 	 0
6000 	 -2.478
6020 	 -2.638
6042 	 -3.286
6064 	 -3.582
6088 	 -3.11
6120 	 -2.686
6138 	 -2.872
6154 	 -3.312
6180 	 -3.048
6190 	 -3.516
6198 	 -3.5
6234 	 -3.9
6284 	 -4.203
6296 	 -4.179
6346 	 -4.159
6360 	 -2.871
6374 	 -2.271
6376 	 -1.719
6424 	 -1.319
6444 	 -0.761
6504 	 -0.637
6506 	 -0.613
6552 	 -0.501
6634 	 -0.359
6704 	 -0.331
6710 	 -0.307
6726 	 -0.295
6728 	 -0.267
6782 	 -0.263
6894 	 -0.165
6990 	 -0.145
6994 	 -0.125
7002 	 -0.093
7272 	 -0.089
7278 	 -0.085
7290 	 -0.073
7324 	 -0.025
9000 	 -1.433
9024 	 -1.537
9050 	 -2.497
9078 	 -3.177
9112 	 -3.761
9158 	 -3.713
9162 	 -3.797
9174 	 -3.705
9186 	 -2.857
9216 	 -3.589
9232 	 -3.413
9238 	 -3.801
9262 	 -1.973
9268 	 -1.305
9298 	 -0.417
9304 	 -0.413
9306 	 -0.409
9334 	 -0.277
9400 	 -0.025
9660 	 -0.009
9904 	 -0.001
12000 	 -2.54
12002 	 -2.421
12004 	 -2.661
12006 	 -3.127
12008 	 -3.955
12010 	 -4.894
12012 	 -5.32
12016 	 -5.58
12018 	 -5.626
12020 	 -5.962
12030 	 -6.03
12032 	 -5.996
12034 	 -6.055
12040 	 -6.161
12042 	 -6.637
12062 	 -6.855
12064 	 -6.931
12070 	 -7.115
12072 	 -7.162
12086 	 -7.427
12088 	 -6.815
12090 	 -6.905
12100 	 -6.888
12120 	 -6.268
12130 	 -6.062
12132 	 -6.382
12148 	 -6.717
12154 	 -7.885
12156 	 -7.915
12160 	 -8.273
12166 	 -8.357
12176 	 -8.408
12178 	 -8.757
12180 	 -8.442
12186 	 -8.592
12190 	 -8.908
12198 	 -8.886
12200 	 -9.144
12204 	 -9.119
12210 	 -9.241
12212 	 -10.285
12218 	 -10.377
12222 	 -10.27
12226 	 -10.912
12230 	 -10.964
12234 	 -12.312
12236 	 -12.121
12244 	 -12.295
12246 	 -12.514
12252 	 -11.865
12254 	 -11.764
12256 	 -11.662
12260 	 -11.327
12264 	 -11.275
12270 	 -11.401
12272 	 -11.4
12274 	 -10.148
12276 	 -10.308
12280 	 -10.125
12282 	 -9.968
12286 	 -10.087
12288 	 -10.15
12290 	 -9.878
12296 	 -10.118
12304 	 -10.085
12308 	 -10.07
12310 	 -10.266
12314 	 -10.093
12322 	 -9.791
12324 	 -9.187
12328 	 -9.401
12332 	 -9.433
12334 	 -9.35
12338 	 -9.098
12340 	 -9.037
12344 	 -8.147
12346 	 -8.425
12350 	 -8.416
12354 	 -8.177
12358 	 -7.807
12360 	 -6.855
12362 	 -6.787
12374 	 -6.782
12376 	 -6.651
12378 	 -6.277
12380 	 -6.128
12382 	 -6.12
12384 	 -6.389
12386 	 -6.35
12390 	 -6.439
12392 	 -6.424
12404 	 -6.074
12406 	 -6.252
12408 	 -6.25
12410 	 -6.356
12412 	 -6.184
12432 	 -5.956
12438 	 -5.599
12454 	 -5.677
12456 	 -5.579
12464 	 -5.694
12470 	 -5.693
12488 	 -5.677
12490 	 -5.643
12496 	 -5.806
12498 	 -5.711
12500 	 -5.688
12510 	 -5.721
12516 	 -5.671
12522 	 -5.676
12536 	 -5.462
12542 	 -5.396
12548 	 -5.239
12550 	 -5.746
12552 	 -5.619
12554 	 -5.724
12566 	 -5.625
12574 	 -6.746
12576 	 -6.742
12578 	 -6.723
12580 	 -6.652
12584 	 -6.636
12588 	 -6.635
12590 	 -6.605
12592 	 -6.426
12594 	 -6.283
12598 	 -6.264
12606 	 -6.193
12608 	 -6.403
12610 	 -6.362
12614 	 -6.113
12622 	 -6.098
12624 	 -6.085
12630 	 -6.064
12632 	 -6.082
12634 	 -6.402
12638 	 -6.706
12640 	 -6.468
12644 	 -6.288
12646 	 -6.274
12656 	 -6.427
12658 	 -6.406
12664 	 -6.689
12672 	 -6.658
12678 	 -6.764
12688 	 -6.771
12700 	 -6.941
12704 	 -7.369
12712 	 -7.261
12714 	 -7.111
12722 	 -7.37
12730 	 -7.382
12732 	 -7.376
12738 	 -7.482
12746 	 -7.473
12750 	 -7.603
12754 	 -7.607
12768 	 -7.785
12770 	 -8.251
12776 	 -8.304
12786 	 -8.198
12790 	 -8.206
12794 	 -8.327
12802 	 -8.445
12804 	 -8.371
12806 	 -8.399
12808 	 -8.374
12810 	 -8.776
12814 	 -9.251
12822 	 -9.276
12828 	 -9.241
12830 	 -10.155
12842 	 -10.269
12858 	 -10.336
12862 	 -10.074
12864 	 -10.068
12868 	 -10.034
12872 	 -10.23
12874 	 -9.906
12884 	 -10.144
12888 	 -10.325
12892 	 -10.342
12896 	 -10.656
12900 	 -10.699
12902 	 -10.724
12906 	 -10.855
12910 	 -10.656
12914 	 -10.625
12916 	 -10.551
12918 	 -10.634
12924 	 -10.66
12932 	 -10.686
12934 	 -10.402
12942 	 -10.153
12944 	 -10.34
12948 	 -10.128
12952 	 -10.02
12958 	 -9.891
12962 	 -9.923
12966 	 -10.299
12982 	 -10.302
12984 	 -9.977
12988 	 -9.998
12990 	 -9.963
12996 	 -9.961
13002 	 -9.947
13004 	 -9.904
13006 	 -9.913
13012 	 -9.895
13014 	 -9.734
13028 	 -9.655
13036 	 -9.654
13040 	 -10.05
13042 	 -10.163
13046 	 -10.229
13048 	 -10.162
13056 	 -10.28
13062 	 -10.279
13064 	 -10.041
13072 	 -9.88
13076 	 -10.007
13080 	 -10.495
13082 	 -10.486
13088 	 -10.484
13090 	 -10.69
13094 	 -10.708
13104 	 -10.26
13112 	 -10.385
13118 	 -10.317
13120 	 -10.528
13126 	 -10.576
13128 	 -10.555
13130 	 -10.48
13132 	 -10.072
13142 	 -10.08
13150 	 -9.761
13152 	 -9.918
13158 	 -9.894
13164 	 -9.856
13170 	 -8.9
13172 	 -8.964
13178 	 -8.945
13182 	 -8.944
13188 	 -8.929
13192 	 -8.928
13214 	 -7.507
13220 	 -7.718
13238 	 -7.716
13250 	 -6.12
13276 	 -6.189
13282 	 -6.157
13288 	 -6.087
13310 	 -6.145
13312 	 -6.144
13318 	 -6.36
13322 	 -6.171
13326 	 -6.158
13328 	 -6.124
13332 	 -6.112
13342 	 -6.098
13344 	 -6.161
13346 	 -6.156
13352 	 -6.131
13358 	 -5.854
13362 	 -5.808
13368 	 -5.866
13372 	 -6.042
13374 	 -5.995
13390 	 -5.714
13402 	 -5.713
13406 	 -5.569
13408 	 -5.617
13410 	 -5.614
13418 	 -5.6
13422 	 -5.439
13424 	 -4.596
13428 	 -4.46
13430 	 -4.416
13432 	 -4.411
13436 	 -4.551
13440 	 -4.584
13444 	 -4.568
13448 	 -4.562
13452 	 -4.476
13454 	 -4.475
13460 	 -4.358
13462 	 -4.226
13470 	 -4.033
13472 	 -3.922
13478 	 -3.857
13484 	 -3.846
13490 	 -3.844
13494 	 -3.832
13504 	 -3.806
13508 	 -3.845
13512 	 -4.051
13514 	 -3.826
13520 	 -3.812
13530 	 -3.746
13550 	 -3.693
13552 	 -3.661
13554 	 -3.675
13558 	 -3.323
13570 	 -3.145
13572 	 -3.137
13574 	 -3.125
13584 	 -3.047
13586 	 -3.043
13590 	 -3.035
13596 	 -2.915
13602 	 -2.781
13614 	 -2.731
13618 	 -2.675
13622 	 -2.647
13634 	 -2.71
13638 	 -2.468
13648 	 -2.269
13650 	 -2.264
13656 	 -2.169
13678 	 -2.086
13680 	 -2.076
13704 	 -1.959
13722 	 -1.928
13726 	 -1.927
13732 	 -1.59
13744 	 -1.587
13748 	 -1.533
13754 	 -1.525
13760 	 -1.505
13766 	 -1.445
13774 	 -1.376
13780 	 -1.217
13784 	 -1.097
13808 	 -1.061
13816 	 -1.059
13824 	 -1.026
13854 	 -0.843
13862 	 -0.83
13864 	 -0.795
13870 	 -0.776
13878 	 -1.263
13902 	 -1.259
13912 	 -1.244
13918 	 -1.235
13920 	 -1.226
13932 	 -1.222
13942 	 -1.213
13950 	 -1.949
13964 	 -1.903
13970 	 -1.896
13976 	 -2.196
13998 	 -2.271
14046 	 -2.381
14056 	 -2.467
14058 	 -2.462
14062 	 -2.594
14070 	 -2.483
14078 	 -2.517
14088 	 -2.516
14092 	 -2.467
14106 	 -2.349
14114 	 -2.116
14122 	 -2.027
14134 	 -2.025
14146 	 -1.617
14168 	 -1.66
14178 	 -1.659
14190 	 -1.464
14196 	 -1.734
14204 	 -2.533
14212 	 -2.594
14220 	 -2.463
14230 	 -2.834
14236 	 -2.818
14240 	 -3.07
14244 	 -3.407
14248 	 -3.795
14274 	 -3.499
14282 	 -3.623
14290 	 -3.693
14292 	 -3.514
14294 	 -3.25
14300 	 -3.047
14302 	 -3.045
14304 	 -2.975
14308 	 -2.941
14314 	 -2.741
14316 	 -2.708
14320 	 -2.706
14330 	 -2.561
14332 	 -2.355
14336 	 -2.084
14344 	 -2.021
14352 	 -1.897
14360 	 -1.809
14364 	 -1.644
14366 	 -1.694
14378 	 -1.791
14398 	 -1.403
14408 	 -1.339
14418 	 -1.19
14432 	 -1.186
14436 	 -1.123
14442 	 -1.083
14458 	 -0.995
14466 	 -0.669
14472 	 -0.63
14476 	 -0.495
14482 	 -0.477
14506 	 -0.416
14544 	 -0.275
14576 	 -0.272
14590 	 -0.213
14640 	 -0.208
14658 	 -0.206
14688 	 -0.193
14694 	 -0.19
14730 	 -0.183
15000 	 -1.404
15024 	 -1.533
15050 	 -2.186
15078 	 -2.636
15112 	 -2.869
15158 	 -2.875
15162 	 -2.916
15174 	 -2.868
15186 	 -2.335
15216 	 -2.549
15232 	 -2.373
15238 	 -2.501
15262 	 -1.876
15268 	 -1.704
15282 	 -1.44
15298 	 -1.092
15308 	 -1.109
15310 	 -1.129
15334 	 -1.277
15336 	 -1.427
15346 	 -1.375
15352 	 -1.374
15354 	 -1.465
15356 	 -1.55
15374 	 -1.14
15400 	 -0.718
15422 	 -0.551
15456 	 -0.418
15460 	 -0.272
15470 	 -0.267
15486 	 -0.173
15492 	 -0.102
15558 	 -0.07
15568 	 -0.067
15574 	 -0.038
15660 	 -0.032
15708 	 -0.026
15864 	 -0.025
15904 	 -0.017
15916 	 -0.014
15936 	 -0.013
16060 	 -0.012
16110 	 -0.01
16230 	 -0.009
18000 	 -2.128
18020 	 -2.236
18042 	 -2.716
18064 	 -2.81
18088 	 -2.232
18120 	 -1.658
18154 	 -2.416
18180 	 -2.152
18190 	 -2.608
18234 	 -3.44
18252 	 -3.424
18262 	 -3.237
18270 	 -2.591
18278 	 -2.549
18286 	 -2.455
18296 	 -3.002
18316 	 -3.032
18328 	 -3.276
18336 	 -3.042
18342 	 -3.068
18348 	 -2.674
18360 	 -2.166
18368 	 -1.86
18384 	 -1.874
18402 	 -1.364
18420 	 -0.73
18426 	 -0.642
18434 	 -0.524
18448 	 -0.184
18472 	 -0.154
18552 	 -0.016
18864 	 -0.008
19002 	 0
21000 	 -1.44
21001 	 -1.44
