0 	 0
3000 	 -1.376
3024 	 -1.496
3050 	 -1.88
3062 	 -2.472
3078 	 -3.176
3112 	 -3.62
3158 	 -3.808
3164 	 -3.728
3186 	 -2.828
3198 	 -2.688
3216 	 -1.912
3232 	 -1.736
3238 	 -1.364
3262 	 -0.608
3296 	 -0.264
3400 	 -0.024
3636 	 -0.008
3904 	 0
6000 	 -2.478
6020 	 -2.638
6042 	 -3.286
6064 	 -3.582
6088 	 -3.11
6120 	 -2.686
6138 	 -2.872
6154 	 -3.312
6180 	 -3.048
6190 	 -3.516
6198 	 -3.5
6234 	 -3.9
6284 	 -4.203
6296 	 -4.179
6346 	 -4.159
6360 	 -2.871
6374 	 -2.271
6376 	 -1.719
6424 	 -1.319
6444 	 -0.761
6504 	 -0.637
6506 	 -0.613
6552 	 -0.501
6634 	 -0.359
6704 	 -0.331
6710 	 -0.307
6726 	 -0.295
6728 	 -0.267
6782 	 -0.263
6894 	 -0.165
6990 	 -0.145
6994 	 -0.125
7002 	 -0.093
7272 	 -0.089
7278 	 -0.085
7290 	 -0.073
7324 	 -0.025
9000 	 -1.433
9024 	 -1.537
9050 	 -2.497
9078 	 -3.177
9112 	 -3.761
9158 	 -3.713
9162 	 -3.797
9174 	 -3.705
9186 	 -2.857
9216 	 -3.589
9232 	 -3.413
9238 	 -3.801
9262 	 -1.973
9268 	 -1.305
9298 	 -0.417
9304 	 -0.413
9306 	 -0.409
9334 	 -0.277
9400 	 -0.025
9660 	 -0.009
9904 	 -0.001
12000 	 -2.54
12002 	 -2.421
12004 	 -2.661
12006 	 -3.127
12008 	 -3.949
12010 	 -4.888
12012 	 -5.318
12016 	 -5.578
12018 	 -5.624
12020 	 -5.966
12030 	 -6.034
12032 	 -6
12034 	 -6.059
12040 	 -6.235
12042 	 -6.711
12062 	 -6.929
12064 	 -7.005
12070 	 -7.364
12072 	 -7.411
12088 	 -6.799
12090 	 -6.889
12100 	 -6.793
12114 	 -6.934
12120 	 -6.314
12130 	 -6.075
12148 	 -6.41
12154 	 -7.446
12156 	 -7.569
12166 	 -7.653
12176 	 -7.704
12178 	 -7.925
12180 	 -7.661
12184 	 -7.513
12186 	 -7.705
12190 	 -8.021
12192 	 -7.964
12200 	 -7.918
12210 	 -8.119
12212 	 -9.163
12222 	 -9.056
12226 	 -10.17
12230 	 -10.021
12234 	 -11.369
12236 	 -11.476
12242 	 -11.405
12244 	 -11.669
12248 	 -11.621
12252 	 -10.866
12254 	 -10.664
12260 	 -10.501
12264 	 -10.258
12274 	 -9.006
12276 	 -9.113
12280 	 -8.93
12282 	 -8.633
12286 	 -8.752
12290 	 -8.48
12296 	 -8.72
12304 	 -8.287
12308 	 -8.272
12320 	 -8.274
12322 	 -8.105
12324 	 -7.501
12330 	 -7.605
12332 	 -7.442
12334 	 -7.44
12338 	 -7.188
12340 	 -7.222
12344 	 -6.426
12346 	 -6.415
12356 	 -6.363
12358 	 -5.918
12360 	 -4.966
12362 	 -4.901
12374 	 -4.942
12376 	 -4.912
12380 	 -4.612
12382 	 -4.604
12386 	 -4.576
12392 	 -4.591
12396 	 -4.495
12404 	 -4.223
12412 	 -4.015
12432 	 -3.846
12438 	 -3.75
12454 	 -3.828
12456 	 -3.787
12470 	 -3.786
12476 	 -3.757
12496 	 -3.66
12498 	 -3.565
12510 	 -3.593
12522 	 -3.598
12532 	 -3.589
12542 	 -3.523
12550 	 -3.638
12552 	 -3.483
12558 	 -3.472
12574 	 -4.588
12576 	 -4.45
12578 	 -4.431
12582 	 -4.516
12588 	 -4.515
12592 	 -4.37
12598 	 -4.351
12600 	 -4.61
12606 	 -4.539
12608 	 -4.667
12622 	 -4.652
12630 	 -4.73
12632 	 -4.748
12636 	 -4.818
12638 	 -4.707
12640 	 -4.661
12648 	 -4.646
12650 	 -4.419
12656 	 -4.548
12658 	 -4.527
12666 	 -4.395
12672 	 -4.218
12676 	 -4.186
12688 	 -4.731
12702 	 -5.047
12710 	 -5.29
12728 	 -5.329
12730 	 -5.353
12732 	 -5.347
12746 	 -5.089
12754 	 -5.08
12768 	 -5.32
12770 	 -5.639
12794 	 -5.462
12802 	 -5.424
12804 	 -5.504
12814 	 -5.502
12826 	 -5.908
12828 	 -5.88
12840 	 -5.966
12864 	 -5.96
12868 	 -5.926
12872 	 -5.883
12884 	 -5.915
12888 	 -6.149
12892 	 -6.641
12896 	 -6.638
12898 	 -6.79
12900 	 -7.076
12902 	 -7.09
12916 	 -7.016
12918 	 -7.097
12934 	 -7.088
12937 	 -7.39
12942 	 -7.255
12944 	 -7.251
12954 	 -7.256
12957 	 -7.502
12964 	 -8.223
12966 	 -8.332
12982 	 -7.85
12984 	 -8.008
12990 	 -8.002
12994 	 -7.958
12996 	 -7.942
13000 	 -8.024
13002 	 -7.849
13004 	 -7.806
13006 	 -7.843
13012 	 -7.825
13018 	 -8.075
13028 	 -7.996
13030 	 -7.918
13032 	 -7.883
13036 	 -7.727
13040 	 -7.697
13042 	 -7.76
13044 	 -7.163
13046 	 -7.033
13054 	 -6.728
13056 	 -6.738
13060 	 -6.6
13062 	 -6.599
13064 	 -6.6
13072 	 -6.433
13078 	 -6.491
13084 	 -6.566
13088 	 -6.767
13094 	 -6.86
13096 	 -6.131
13100 	 -6.386
13104 	 -6.314
13106 	 -6.153
13110 	 -6.155
13112 	 -6.096
13120 	 -6.073
13122 	 -6.102
13128 	 -6.081
13136 	 -5.9
13144 	 -5.731
13152 	 -5.992
13158 	 -5.968
13166 	 -6.121
13168 	 -6.131
13170 	 -6.074
13174 	 -6.151
13176 	 -6.089
13182 	 -6.098
13192 	 -6.097
13198 	 -6.102
13204 	 -6.429
13212 	 -6.327
13220 	 -6.54
13250 	 -5.24
13258 	 -5.132
13272 	 -4.849
13276 	 -4.849
13278 	 -4.837
13282 	 -4.718
13288 	 -4.669
13300 	 -4.57
13302 	 -4.59
13312 	 -4.395
13320 	 -4.523
13324 	 -4.151
13328 	 -4.124
13336 	 -3.889
13340 	 -3.859
13344 	 -3.837
13346 	 -3.832
13350 	 -3.682
13352 	 -3.657
13356 	 -3.439
13362 	 -3.515
13364 	 -3.511
13368 	 -3.487
13372 	 -3.471
13384 	 -3.283
13390 	 -3.324
13392 	 -3.248
13396 	 -3.321
13402 	 -3.315
13404 	 -3.305
13410 	 -3.049
13414 	 -3.048
13424 	 -2.582
13434 	 -2.762
13444 	 -2.717
13454 	 -2.679
13460 	 -2.663
13468 	 -2.609
13472 	 -2.303
13474 	 -2.279
13488 	 -2.226
13490 	 -2.145
13498 	 -2.132
13520 	 -2.125
13536 	 -2.099
13540 	 -2.258
13544 	 -2.253
13558 	 -2.246
13572 	 -2.176
13574 	 -2.175
13578 	 -2.069
13594 	 -2.057
13596 	 -2.02
13604 	 -1.941
13626 	 -1.939
13634 	 -1.938
13638 	 -1.85
13648 	 -1.599
13650 	 -1.594
13654 	 -1.592
13666 	 -1.55
13668 	 -1.537
13678 	 -1.523
13702 	 -1.55
13718 	 -1.574
13724 	 -1.562
13752 	 -1.561
13760 	 -1.545
13766 	 -1.524
13780 	 -1.365
13790 	 -1.571
13808 	 -1.624
13854 	 -1.803
13858 	 -1.801
13864 	 -1.758
13868 	 -1.567
13878 	 -1.711
13884 	 -1.675
13904 	 -1.694
13920 	 -1.637
13926 	 -1.548
13938 	 -1.427
13942 	 -1.367
13958 	 -1.346
13964 	 -1.205
13988 	 -1.113
14026 	 -1.488
14048 	 -1.644
14058 	 -1.64
14062 	 -1.657
14066 	 -1.656
14082 	 -1.712
14096 	 -1.718
14108 	 -1.783
14118 	 -1.777
14120 	 -1.776
14146 	 -2.598
14156 	 -2.592
14168 	 -2.348
14170 	 -2.346
14186 	 -2.334
14190 	 -2.175
14194 	 -2.235
14202 	 -2.272
14226 	 -2.317
14236 	 -2.314
14240 	 -2.466
14268 	 -1.707
14288 	 -1.395
14290 	 -1.524
14296 	 -1.649
14310 	 -1.593
14314 	 -1.66
14330 	 -1.613
14344 	 -1.611
14356 	 -1.611
14376 	 -1.52
14384 	 -1.745
14398 	 -1.48
14412 	 -1.403
14452 	 -1.076
14470 	 -1.153
14488 	 -1.084
14494 	 -1.036
14506 	 -0.69
14542 	 -0.458
14572 	 -0.381
14588 	 -0.324
14620 	 -0.307
14636 	 -0.282
14644 	 -0.27
14682 	 -0.234
14684 	 -0.203
14686 	 -0.193
14792 	 -0.187
14838 	 -0.181
15000 	 -1.423
15024 	 -1.541
15050 	 -2.067
15078 	 -2.384
15112 	 -2.431
15114 	 -2.419
15158 	 -2.457
15162 	 -2.478
15174 	 -2.454
15186 	 -2.141
15216 	 -1.955
15232 	 -1.779
15238 	 -1.843
15262 	 -1.833
15268 	 -1.748
15282 	 -1.615
15298 	 -1.442
15308 	 -1.477
15310 	 -1.498
15334 	 -1.794
15336 	 -1.943
15346 	 -1.917
15352 	 -1.916
15354 	 -2.093
15356 	 -2.178
15372 	 -1.979
15374 	 -1.574
15400 	 -1.055
15422 	 -0.798
15456 	 -0.665
15460 	 -0.373
15470 	 -0.369
15486 	 -0.274
15492 	 -0.132
15558 	 -0.097
15568 	 -0.094
15574 	 -0.036
15660 	 -0.033
15864 	 -0.029
15904 	 -0.021
15916 	 -0.016
15946 	 -0.015
15954 	 -0.008
18000 	 -2.128
18020 	 -2.236
18042 	 -2.716
18064 	 -2.807
18088 	 -2.246
18120 	 -1.719
18154 	 -2.216
18180 	 -1.952
18190 	 -2.346
18234 	 -2.844
18252 	 -2.836
18262 	 -2.555
18270 	 -2.232
18278 	 -2.211
18286 	 -2.164
18296 	 -3.081
18316 	 -3.096
18328 	 -3.462
18336 	 -3.345
18342 	 -3.418
18348 	 -3.221
18360 	 -3.029
18368 	 -2.57
18384 	 -2.591
18402 	 -1.978
18420 	 -1.027
18426 	 -0.895
18434 	 -0.718
18448 	 -0.208
18472 	 -0.163
18552 	 -0.016
18864 	 -0.004
19002 	 0
21000 	 -1.44
21001 	 -1.44
