0 	 0
3000 	 -1.376
3024 	 -1.496
3050 	 -1.88
3062 	 -2.472
3078 	 -3.176
3112 	 -3.62
3158 	 -3.808
3164 	 -3.728
3186 	 -2.828
3198 	 -2.688
3216 	 -1.912
3232 	 -1.736
3238 	 -1.364
3262 	 -0.608
3296 	 -0.264
3400 	 -0.024
3636 	 -0.008
3904 	 0
6000 	 -2.478
6020 	 -2.638
6042 	 -3.286
6064 	 -3.582
6088 	 -3.11
6120 	 -2.686
6138 	 -2.872
6154 	 -3.312
6180 	 -3.048
6190 	 -3.516
6198 	 -3.5
6234 	 -3.9
6284 	 -4.203
6296 	 -4.179
6346 	 -4.159
6360 	 -2.871
6374 	 -2.271
6376 	 -1.719
6424 	 -1.319
6444 	 -0.761
6504 	 -0.637
6506 	 -0.613
6552 	 -0.501
6634 	 -0.359
6704 	 -0.331
6710 	 -0.307
6726 	 -0.295
6728 	 -0.267
6782 	 -0.263
6894 	 -0.165
6990 	 -0.145
6994 	 -0.125
7002 	 -0.093
7272 	 -0.089
7278 	 -0.085
7290 	 -0.073
7324 	 -0.025
9000 	 -1.433
9024 	 -1.537
9050 	 -2.497
9078 	 -3.177
9112 	 -3.761
9158 	 -3.713
9162 	 -3.797
9174 	 -3.705
9186 	 -2.857
9216 	 -3.589
9232 	 -3.413
9238 	 -3.801
9262 	 -1.973
9268 	 -1.305
9298 	 -0.417
9304 	 -0.413
9306 	 -0.409
9334 	 -0.277
9400 	 -0.025
9660 	 -0.009
9904 	 -0.001
12000 	 -2.54
12002 	 -2.421
12004 	 -2.621
12006 	 -3.087
12008 	 -3.498
12010 	 -4.437
12012 	 -4.652
12016 	 -4.912
12018 	 -4.958
12020 	 -5.187
12030 	 -5.255
12032 	 -5.221
12034 	 -5.273
12040 	 -5.371
12042 	 -5.847
12062 	 -6.039
12064 	 -6.115
12070 	 -6.306
12072 	 -6.353
12088 	 -5.741
12090 	 -5.783
12100 	 -5.739
12120 	 -5.205
12130 	 -5.224
12148 	 -5.559
12154 	 -6.595
12156 	 -6.604
12166 	 -6.561
12176 	 -6.513
12178 	 -6.686
12180 	 -6.422
12184 	 -6.376
12188 	 -6.383
12190 	 -6.699
12200 	 -6.519
12210 	 -6.52
12212 	 -7.564
12222 	 -7.457
12226 	 -8.091
12228 	 -8.242
12230 	 -8.177
12234 	 -9.525
12236 	 -9.457
12242 	 -9.712
12250 	 -9.765
12252 	 -9.049
12254 	 -8.948
12260 	 -8.631
12264 	 -8.601
12266 	 -8.486
12274 	 -7.234
12278 	 -7.329
12282 	 -7.172
12286 	 -7.291
12288 	 -7.207
12290 	 -6.935
12296 	 -7.175
12302 	 -7.412
12304 	 -7.368
12308 	 -7.353
12310 	 -7.273
12320 	 -7.275
12324 	 -6.671
12330 	 -6.661
12332 	 -6.693
12338 	 -6.432
12344 	 -5.41
12358 	 -5.133
12360 	 -4.086
12368 	 -4.099
12376 	 -4.069
12382 	 -4.061
12386 	 -4.033
12394 	 -3.847
12404 	 -3.575
12412 	 -3.367
12432 	 -3.398
12438 	 -3.487
12454 	 -3.565
12456 	 -3.722
12470 	 -3.721
12498 	 -3.685
12510 	 -3.617
12518 	 -3.688
12522 	 -3.664
12542 	 -3.598
12552 	 -3.478
12556 	 -3.237
12574 	 -4.317
12580 	 -4.228
12584 	 -4.258
12592 	 -4.079
12596 	 -4.166
12598 	 -4.124
12606 	 -4.053
12608 	 -4.263
12614 	 -4.394
12620 	 -4.182
12630 	 -4.161
12632 	 -4.179
12638 	 -4.068
12640 	 -4.011
12656 	 -4.164
12658 	 -4.143
12672 	 -3.718
12688 	 -3.725
12692 	 -3.77
12728 	 -4.251
12732 	 -4.245
12738 	 -4.532
12746 	 -4.511
12768 	 -4.757
12770 	 -4.81
12780 	 -4.744
12786 	 -4.529
12798 	 -4.403
12802 	 -4.406
12804 	 -4.486
12822 	 -4.314
12826 	 -4.298
12828 	 -4.263
12848 	 -4.299
12864 	 -4.293
12868 	 -4.259
12870 	 -4.255
12878 	 -4.24
12882 	 -4.407
12888 	 -4.614
12896 	 -4.611
12902 	 -4.636
12904 	 -4.615
12914 	 -4.412
12916 	 -4.338
12936 	 -4.496
12942 	 -4.272
12944 	 -4.347
12966 	 -4.565
12968 	 -4.557
12982 	 -4.158
12984 	 -3.966
12990 	 -3.963
12996 	 -3.947
13000 	 -4.273
13002 	 -4.259
13004 	 -4.726
13006 	 -4.822
13012 	 -5.199
13028 	 -5.12
13030 	 -5.285
13034 	 -5.253
13036 	 -5.252
13040 	 -5.428
13042 	 -5.388
13052 	 -5.155
13062 	 -5.154
13064 	 -4.914
13068 	 -5.077
13072 	 -5.241
13088 	 -5.423
13100 	 -5.355
13104 	 -5.318
13112 	 -4.962
13114 	 -4.795
13120 	 -4.779
13126 	 -4.762
13130 	 -4.82
13134 	 -4.594
13138 	 -4.442
13144 	 -4.312
13148 	 -4.161
13154 	 -4.291
13156 	 -4.343
13158 	 -4.337
13160 	 -4.61
13176 	 -4.703
13200 	 -4.148
13214 	 -4.047
13216 	 -4.09
13228 	 -4.077
13232 	 -4.09
13236 	 -4.219
13248 	 -4.604
13250 	 -3.645
13254 	 -3.879
13256 	 -3.932
13268 	 -3.806
13270 	 -4.009
13274 	 -4.115
13290 	 -4.242
13296 	 -4.077
13308 	 -4.03
13310 	 -4.059
13320 	 -3.815
13326 	 -3.767
13328 	 -3.733
13330 	 -3.715
13336 	 -3.744
13338 	 -3.544
13344 	 -3.58
13346 	 -3.575
13352 	 -3.55
13354 	 -4.143
13360 	 -4.044
13362 	 -3.993
13370 	 -3.912
13380 	 -3.751
13384 	 -3.428
13394 	 -2.767
13400 	 -2.906
13402 	 -2.948
13412 	 -2.828
13416 	 -2.911
13418 	 -2.82
13424 	 -2.219
13444 	 -2.262
13448 	 -2.24
13460 	 -2.278
13462 	 -2.426
13472 	 -2.413
13478 	 -2.545
13496 	 -2.543
13500 	 -2.553
13502 	 -2.526
13508 	 -2.506
13514 	 -2.488
13516 	 -2.499
13522 	 -2.604
13540 	 -2.648
13542 	 -2.63
13544 	 -2.607
13546 	 -2.609
13552 	 -2.562
13558 	 -2.414
13568 	 -2.463
13590 	 -2.467
13610 	 -2.319
13634 	 -2.191
13638 	 -2.024
13648 	 -1.981
13650 	 -1.917
13662 	 -1.898
13686 	 -1.815
13692 	 -1.747
13696 	 -1.771
13700 	 -1.763
13702 	 -1.865
13718 	 -1.85
13730 	 -1.827
13760 	 -1.807
13772 	 -1.649
13774 	 -1.641
13780 	 -1.474
13796 	 -1.445
13800 	 -1.399
13834 	 -1.369
13854 	 -1.251
13856 	 -1.185
13864 	 -1.15
13876 	 -1.129
13924 	 -1.217
13940 	 -1.203
13942 	 -1.194
13970 	 -1.14
13976 	 -1.108
14008 	 -1.103
14030 	 -1.102
14034 	 -1.197
14058 	 -1.192
14092 	 -1.188
14096 	 -1.252
14100 	 -1.373
14112 	 -1.387
14138 	 -1.255
14146 	 -1.145
14160 	 -0.914
14180 	 -0.906
14182 	 -0.769
14198 	 -0.713
14200 	 -0.644
14210 	 -0.632
14216 	 -0.482
14218 	 -0.481
14224 	 -0.424
14236 	 -0.421
14238 	 -0.371
14244 	 -0.313
14258 	 -0.309
14266 	 -0.291
14282 	 -0.282
14298 	 -0.28
14302 	 -0.266
14314 	 -0.218
14324 	 -0.167
14328 	 -0.166
14374 	 -0.155
14380 	 -0.146
14498 	 -0.145
14548 	 -0.141
14582 	 -0.138
14608 	 -0.127
15000 	 -1.401
15024 	 -1.531
15050 	 -2.041
15078 	 -2.364
15112 	 -2.408
15158 	 -2.371
15162 	 -2.391
15174 	 -2.368
15186 	 -2.014
15216 	 -1.756
15232 	 -1.58
15238 	 -1.68
15262 	 -1.418
15268 	 -1.33
15282 	 -1.198
15298 	 -1.025
15310 	 -1.066
15336 	 -1.365
15346 	 -1.339
15352 	 -1.338
15356 	 -1.508
15374 	 -1.123
15400 	 -0.721
15422 	 -0.561
15456 	 -0.298
15470 	 -0.293
15486 	 -0.104
15558 	 -0.037
15568 	 -0.034
15660 	 -0.031
15708 	 -0.025
15710 	 -0.023
15864 	 -0.018
15904 	 -0.01
18000 	 -2.128
18020 	 -2.227
18042 	 -2.675
18064 	 -2.726
18088 	 -2.125
18120 	 -1.552
18154 	 -1.968
18180 	 -1.704
18190 	 -1.963
18234 	 -2.362
18252 	 -2.354
18262 	 -2.168
18270 	 -1.845
18278 	 -1.824
18286 	 -1.777
18296 	 -2.335
18316 	 -2.35
18328 	 -2.594
18336 	 -2.477
18342 	 -2.52
18348 	 -2.323
18360 	 -2.064
18368 	 -1.758
18384 	 -1.772
18402 	 -1.338
18420 	 -0.704
18426 	 -0.616
18434 	 -0.498
18448 	 -0.158
18472 	 -0.128
18552 	 -0.012
18864 	 -0.004
19002 	 0
21000 	 -1.44
21001 	 -1.44
