0 	 0
3000 	 -1.376
3024 	 -1.496
3050 	 -1.88
3062 	 -2.472
3078 	 -3.176
3112 	 -3.62
3158 	 -3.808
3164 	 -3.728
3186 	 -2.828
3198 	 -2.688
3216 	 -1.912
3232 	 -1.736
3238 	 -1.364
3262 	 -0.608
3296 	 -0.264
3400 	 -0.024
3636 	 -0.008
3904 	 0
6000 	 -2.478
6020 	 -2.638
6042 	 -3.286
6064 	 -3.582
6088 	 -3.11
6120 	 -2.686
6138 	 -2.872
6154 	 -3.312
6180 	 -3.048
6190 	 -3.516
6198 	 -3.5
6234 	 -3.9
6284 	 -4.203
6296 	 -4.179
6346 	 -4.159
6360 	 -2.871
6374 	 -2.271
6376 	 -1.719
6424 	 -1.319
6444 	 -0.761
6504 	 -0.637
6506 	 -0.613
6552 	 -0.501
6634 	 -0.359
6704 	 -0.331
6710 	 -0.307
6726 	 -0.295
6728 	 -0.267
6782 	 -0.263
6894 	 -0.165
6990 	 -0.145
6994 	 -0.125
7002 	 -0.093
7272 	 -0.089
7278 	 -0.085
7290 	 -0.073
7324 	 -0.025
9000 	 -1.433
9024 	 -1.537
9050 	 -2.497
9078 	 -3.177
9112 	 -3.761
9158 	 -3.713
9162 	 -3.797
9174 	 -3.705
9186 	 -2.857
9216 	 -3.589
9232 	 -3.413
9238 	 -3.801
9262 	 -1.973
9268 	 -1.305
9298 	 -0.417
9304 	 -0.413
9306 	 -0.409
9334 	 -0.277
9400 	 -0.025
9660 	 -0.009
9904 	 -0.001
12000 	 -2.554
12002 	 -2.49
12004 	 -3.13
12006 	 -3.807
12008 	 -4.729
12010 	 -5.236
12012 	 -5.653
12016 	 -5.781
12020 	 -6.117
12030 	 -6.185
12032 	 -5.992
12040 	 -6.098
12042 	 -6.574
12048 	 -6.339
12064 	 -6.439
12070 	 -6.418
12072 	 -6.465
12086 	 -6.73
12088 	 -6.118
12100 	 -6.095
12102 	 -5.97
12120 	 -5.442
12130 	 -5.396
12132 	 -5.716
12148 	 -6.051
12154 	 -7.219
12162 	 -7.192
12178 	 -7.62
12180 	 -7.373
12186 	 -7.425
12190 	 -7.741
12198 	 -7.711
12200 	 -7.755
12206 	 -7.745
12212 	 -8.789
12226 	 -9.423
12230 	 -9.533
12234 	 -10.881
12236 	 -10.46
12252 	 -9.744
12254 	 -9.643
12256 	 -9.791
12260 	 -9.456
12264 	 -9.858
12272 	 -9.857
12274 	 -8.605
12282 	 -8.448
12286 	 -8.67
12290 	 -8.398
12294 	 -8.544
12296 	 -8.784
12304 	 -8.554
12312 	 -8.585
12324 	 -8.101
12328 	 -8.225
12332 	 -8.272
12334 	 -8.486
12338 	 -8.234
12344 	 -7.438
12350 	 -7.442
12354 	 -7.467
12358 	 -7.208
12360 	 -6.256
12364 	 -6.354
12368 	 -6.323
12372 	 -6.308
12376 	 -6.278
12382 	 -6.221
12386 	 -6.141
12394 	 -5.991
12404 	 -5.719
12406 	 -5.936
12410 	 -5.923
12412 	 -5.876
12422 	 -5.932
12438 	 -5.807
12452 	 -5.718
12454 	 -5.796
12464 	 -5.685
12466 	 -5.739
12470 	 -5.738
12480 	 -5.536
12482 	 -5.504
12496 	 -5.527
12498 	 -5.432
12500 	 -5.488
12502 	 -5.461
12516 	 -5.411
12522 	 -5.416
12528 	 -5.053
12542 	 -5.078
12552 	 -4.958
12564 	 -4.952
12572 	 -4.935
12574 	 -6.119
12576 	 -6.099
12578 	 -6.085
12580 	 -6.221
12584 	 -6.199
12586 	 -6.268
12590 	 -6.238
12592 	 -6.059
12596 	 -6.578
12598 	 -6.559
12604 	 -6.554
12606 	 -6.483
12608 	 -6.693
12610 	 -6.632
12614 	 -6.769
12630 	 -6.748
12632 	 -6.766
12636 	 -6.734
12638 	 -6.623
12640 	 -6.104
12644 	 -6.122
12654 	 -5.874
12656 	 -6.027
12658 	 -6.006
12666 	 -5.952
12672 	 -5.761
12688 	 -5.768
12700 	 -5.611
12712 	 -5.726
12714 	 -5.576
12732 	 -5.634
12742 	 -5.63
12746 	 -5.775
12760 	 -5.762
12768 	 -5.841
12770 	 -5.915
12776 	 -5.906
12786 	 -5.762
12802 	 -5.783
12804 	 -5.709
12806 	 -5.654
12810 	 -5.91
12820 	 -5.852
12828 	 -5.817
12830 	 -5.793
12834 	 -5.798
12848 	 -5.774
12856 	 -6.549
12858 	 -6.537
12864 	 -6.531
12868 	 -6.989
12874 	 -6.943
12888 	 -7.164
12894 	 -7.233
12896 	 -7.075
12902 	 -7.075
12908 	 -7.156
12912 	 -7.15
12916 	 -7.076
12920 	 -7.203
12932 	 -7.048
12934 	 -7.35
12936 	 -7.337
12938 	 -7.245
12942 	 -7.004
12946 	 -7.09
12952 	 -7.006
12964 	 -6.839
12966 	 -7.211
12970 	 -7.072
12982 	 -6.382
12984 	 -6.301
12990 	 -6.197
12996 	 -6.076
13002 	 -6.062
13004 	 -6.019
13008 	 -5.897
13012 	 -5.879
13022 	 -5.8
13026 	 -5.746
13028 	 -5.63
13034 	 -5.7
13036 	 -5.699
13040 	 -5.744
13042 	 -5.704
13052 	 -5.702
13054 	 -5.544
13064 	 -5.305
13072 	 -5.362
13078 	 -5.345
13080 	 -5.339
13090 	 -5.464
13092 	 -5.029
13098 	 -4.835
13102 	 -5.133
13104 	 -5.177
13112 	 -5.059
13114 	 -5.446
13116 	 -5.303
13120 	 -5.28
13124 	 -5.368
13128 	 -5.347
13130 	 -5.468
13136 	 -5.439
13140 	 -5.508
13148 	 -5.558
13162 	 -5.332
13166 	 -5.356
13172 	 -5.326
13176 	 -5.176
13180 	 -5.199
13200 	 -5.238
13214 	 -4.906
13218 	 -4.801
13232 	 -4.486
13250 	 -2.716
13258 	 -2.714
13270 	 -2.681
13272 	 -2.746
13286 	 -2.691
13294 	 -2.961
13298 	 -2.961
13306 	 -3.114
13308 	 -3.086
13328 	 -3.128
13346 	 -3.123
13348 	 -3.109
13352 	 -3.084
13374 	 -3.137
13392 	 -3.152
13396 	 -3.183
13408 	 -3.244
13418 	 -3.294
13422 	 -3.318
13424 	 -3.123
13432 	 -3.118
13440 	 -3.067
13446 	 -3.114
13458 	 -2.975
13466 	 -2.999
13472 	 -3.334
13478 	 -3.309
13486 	 -3.225
13494 	 -2.992
13506 	 -2.983
13510 	 -2.966
13512 	 -2.92
13514 	 -2.822
13516 	 -2.812
13530 	 -2.747
13540 	 -2.865
13546 	 -2.883
13558 	 -2.816
13566 	 -2.723
13600 	 -2.799
13608 	 -2.777
13616 	 -2.759
13618 	 -2.755
13634 	 -2.754
13636 	 -2.785
13638 	 -2.591
13648 	 -2.539
13650 	 -2.534
13660 	 -2.511
13678 	 -2.366
13680 	 -2.44
13682 	 -2.439
13692 	 -2.269
13700 	 -2.247
13710 	 -2.222
13726 	 -2.221
13744 	 -2.302
13746 	 -2.44
13748 	 -2.513
13760 	 -2.493
13762 	 -2.438
13768 	 -2.437
13772 	 -2.436
13780 	 -2.277
13784 	 -2.145
13792 	 -2.119
13794 	 -2.132
13796 	 -2.331
13802 	 -2.283
13804 	 -2.295
13818 	 -2.288
13826 	 -2.155
13842 	 -1.918
13848 	 -1.917
13852 	 -1.981
13854 	 -1.863
13856 	 -1.845
13860 	 -1.864
13864 	 -1.829
13878 	 -1.723
13880 	 -1.6
13894 	 -1.532
13900 	 -1.61
13910 	 -1.606
13916 	 -1.547
13918 	 -1.652
13924 	 -1.647
13926 	 -1.623
13928 	 -1.609
13936 	 -1.59
13938 	 -1.362
13942 	 -1.353
13944 	 -1.318
13954 	 -1.295
13956 	 -1.076
13958 	 -1.074
13976 	 -1.025
13978 	 -1.018
13994 	 -0.619
14012 	 -0.541
14018 	 -0.5
14048 	 -0.464
14054 	 -0.355
14058 	 -0.35
14062 	 -0.327
14070 	 -0.292
14090 	 -0.291
14122 	 -0.283
14134 	 -0.277
14146 	 -0.167
14192 	 -0.162
14234 	 -0.145
14236 	 -0.142
14276 	 -0.139
14302 	 -0.13
14336 	 -0.128
14360 	 -0.127
14392 	 -0.125
14414 	 -0.121
15000 	 -1.396
15024 	 -1.526
15050 	 -2.18
15078 	 -2.628
15112 	 -2.858
15158 	 -2.877
15162 	 -2.919
15174 	 -2.871
15186 	 -2.33
15216 	 -2.543
15232 	 -2.367
15238 	 -2.495
15262 	 -1.87
15268 	 -1.698
15282 	 -1.434
15298 	 -1.086
15308 	 -1.103
15310 	 -1.123
15334 	 -1.272
15336 	 -1.421
15346 	 -1.369
15352 	 -1.368
15354 	 -1.453
15356 	 -1.539
15372 	 -1.343
15374 	 -1.149
15400 	 -0.715
15422 	 -0.55
15456 	 -0.417
15458 	 -0.283
15470 	 -0.278
15486 	 -0.184
15488 	 -0.099
15558 	 -0.067
15566 	 -0.036
15568 	 -0.033
15660 	 -0.027
15708 	 -0.021
15864 	 -0.02
15890 	 -0.017
15904 	 -0.009
18000 	 -2.128
18020 	 -2.236
18042 	 -2.716
18064 	 -2.81
18088 	 -2.232
18120 	 -1.658
18154 	 -2.416
18180 	 -2.152
18190 	 -2.608
18234 	 -3.44
18252 	 -3.424
18262 	 -3.237
18270 	 -2.591
18278 	 -2.549
18286 	 -2.455
18296 	 -3.002
18316 	 -3.032
18328 	 -3.276
18336 	 -3.042
18342 	 -3.068
18348 	 -2.674
18360 	 -2.166
18368 	 -1.86
18384 	 -1.874
18402 	 -1.364
18420 	 -0.73
18426 	 -0.642
18434 	 -0.524
18448 	 -0.184
18472 	 -0.154
18552 	 -0.016
18864 	 -0.008
19002 	 0
21000 	 -1.44
21001 	 -1.44
