0 	 0
3000 	 -1.376
3024 	 -1.496
3050 	 -1.88
3062 	 -2.472
3078 	 -3.176
3112 	 -3.62
3158 	 -3.808
3164 	 -3.728
3186 	 -2.828
3198 	 -2.688
3216 	 -1.912
3232 	 -1.736
3238 	 -1.364
3262 	 -0.608
3296 	 -0.264
3400 	 -0.024
3636 	 -0.008
3904 	 0
6000 	 -2.478
6020 	 -2.638
6042 	 -3.286
6064 	 -3.582
6088 	 -3.11
6120 	 -2.686
6138 	 -2.872
6154 	 -3.312
6180 	 -3.048
6190 	 -3.516
6198 	 -3.5
6234 	 -3.9
6284 	 -4.203
6296 	 -4.179
6346 	 -4.159
6360 	 -2.871
6374 	 -2.271
6376 	 -1.719
6424 	 -1.319
6444 	 -0.761
6504 	 -0.637
6506 	 -0.613
6552 	 -0.501
6634 	 -0.359
6704 	 -0.331
6710 	 -0.307
6726 	 -0.295
6728 	 -0.267
6782 	 -0.263
6894 	 -0.165
6990 	 -0.145
6994 	 -0.125
7002 	 -0.093
7272 	 -0.089
7278 	 -0.085
7290 	 -0.073
7324 	 -0.025
9000 	 -1.433
9024 	 -1.537
9050 	 -2.497
9078 	 -3.177
9112 	 -3.761
9158 	 -3.713
9162 	 -3.797
9174 	 -3.705
9186 	 -2.857
9216 	 -3.589
9232 	 -3.413
9238 	 -3.801
9262 	 -1.973
9268 	 -1.305
9298 	 -0.417
9304 	 -0.413
9306 	 -0.409
9334 	 -0.277
9400 	 -0.025
9660 	 -0.009
9904 	 -0.001
12000 	 -2.554
12002 	 -2.49
12004 	 -3.17
12006 	 -3.847
12008 	 -5.18
12010 	 -5.687
12012 	 -6.319
12016 	 -6.447
12020 	 -6.896
12030 	 -6.964
12032 	 -6.772
12040 	 -6.947
12042 	 -7.423
12048 	 -7.22
12064 	 -7.32
12070 	 -7.474
12072 	 -7.521
12086 	 -7.786
12088 	 -7.174
12100 	 -7.059
12102 	 -6.954
12108 	 -7.008
12120 	 -6.48
12130 	 -6.223
12132 	 -6.543
12148 	 -6.878
12154 	 -8.046
12160 	 -8.133
12162 	 -8.106
12168 	 -8.421
12178 	 -8.838
12180 	 -8.591
12186 	 -8.643
12190 	 -8.959
12198 	 -8.907
12200 	 -8.986
12206 	 -8.976
12212 	 -10.02
12226 	 -10.654
12230 	 -11.02
12234 	 -12.368
12236 	 -11.943
12248 	 -12.303
12252 	 -11.587
12254 	 -11.385
12256 	 -11.403
12260 	 -11.108
12264 	 -11.523
12272 	 -11.522
12274 	 -10.27
12276 	 -10.297
12282 	 -10.111
12286 	 -10.332
12290 	 -10.06
12292 	 -9.861
12296 	 -10.101
12302 	 -10.15
12304 	 -9.92
12310 	 -9.95
12312 	 -9.981
12324 	 -9.735
12328 	 -9.74
12332 	 -9.787
12334 	 -9.451
12338 	 -9.199
12344 	 -8.403
12350 	 -8.407
12354 	 -8.34
12358 	 -8.015
12360 	 -7.063
12364 	 -6.959
12368 	 -6.928
12372 	 -6.913
12376 	 -6.883
12380 	 -6.515
12382 	 -6.41
12386 	 -6.31
12388 	 -6.306
12394 	 -6.156
12404 	 -5.884
12406 	 -5.967
12410 	 -5.849
12412 	 -5.845
12422 	 -5.908
12438 	 -5.351
12454 	 -5.346
12464 	 -5.297
12468 	 -5.357
12470 	 -5.319
12488 	 -5.285
12490 	 -5.232
12496 	 -5.29
12498 	 -5.124
12500 	 -5.094
12502 	 -5.067
12504 	 -5.066
12506 	 -5.073
12516 	 -5.023
12522 	 -5.181
12524 	 -5.288
12532 	 -5.266
12542 	 -5.2
12550 	 -5.159
12552 	 -5.039
12560 	 -5.517
12564 	 -5.511
12570 	 -5.505
12574 	 -6.692
12576 	 -6.672
12578 	 -6.658
12582 	 -6.66
12590 	 -6.63
12592 	 -6.451
12596 	 -6.575
12598 	 -6.556
12604 	 -6.596
12606 	 -6.525
12608 	 -6.735
12610 	 -6.713
12614 	 -6.516
12622 	 -6.633
12630 	 -5.987
12632 	 -6.005
12634 	 -6.241
12638 	 -6.13
12640 	 -6.262
12642 	 -6.243
12646 	 -6.125
12656 	 -6.278
12658 	 -6.257
12662 	 -6.128
12666 	 -6.183
12672 	 -6.141
12674 	 -6.281
12676 	 -6.106
12688 	 -6.113
12694 	 -6.101
12700 	 -6.095
12702 	 -6.193
12712 	 -6.219
12714 	 -6.069
12720 	 -6.032
12728 	 -5.858
12732 	 -5.852
12742 	 -5.842
12752 	 -5.814
12768 	 -5.879
12770 	 -5.936
12776 	 -5.926
12786 	 -5.977
12790 	 -5.968
12794 	 -6.015
12796 	 -5.89
12802 	 -5.889
12804 	 -5.815
12806 	 -5.753
12816 	 -5.73
12820 	 -6.19
12828 	 -6.155
12834 	 -6.137
12838 	 -6.291
12840 	 -7.069
12846 	 -7.169
12864 	 -7.244
12868 	 -7.21
12874 	 -7.164
12878 	 -7.277
12886 	 -7.276
12888 	 -7.441
12894 	 -7.322
12896 	 -7.487
12900 	 -7.623
12902 	 -7.648
12906 	 -7.683
12912 	 -7.677
12916 	 -7.603
12918 	 -7.478
12922 	 -7.487
12932 	 -7.212
12940 	 -7.021
12942 	 -6.78
12946 	 -6.881
12950 	 -6.968
12952 	 -6.884
12954 	 -6.836
12958 	 -6.695
12962 	 -6.617
12966 	 -6.873
12970 	 -6.868
12982 	 -6.238
12984 	 -6.176
12990 	 -6.17
12996 	 -6.154
13002 	 -6.14
13004 	 -6.097
13008 	 -6.096
13012 	 -6.078
13014 	 -6.134
13020 	 -5.933
13028 	 -5.829
13032 	 -5.887
13036 	 -5.639
13042 	 -5.599
13048 	 -5.545
13052 	 -5.459
13056 	 -5.444
13058 	 -5.395
13064 	 -5.086
13072 	 -4.954
13074 	 -5.259
13078 	 -5.635
13080 	 -5.629
13084 	 -5.61
13088 	 -5.7
13090 	 -5.97
13094 	 -5.777
13104 	 -5.762
13108 	 -5.907
13118 	 -5.885
13120 	 -5.862
13126 	 -5.828
13128 	 -5.807
13130 	 -5.735
13134 	 -5.522
13144 	 -5.454
13148 	 -5.313
13150 	 -5.233
13156 	 -5.264
13162 	 -5.26
13164 	 -5.256
13166 	 -5.287
13170 	 -5.18
13176 	 -4.992
13186 	 -4.875
13190 	 -4.756
13206 	 -4.616
13212 	 -4.329
13214 	 -3.849
13226 	 -3.791
13250 	 -2.407
13258 	 -2.405
13276 	 -2.446
13282 	 -2.516
13294 	 -2.843
13308 	 -2.95
13316 	 -3.1
13328 	 -3.066
13344 	 -3.129
13346 	 -3.124
13352 	 -3.099
13374 	 -3.054
13380 	 -3.016
13394 	 -2.983
13404 	 -3.028
13408 	 -3.047
13412 	 -3.094
13424 	 -2.726
13430 	 -2.73
13432 	 -2.725
13448 	 -2.588
13450 	 -2.387
13454 	 -2.386
13462 	 -2.385
13470 	 -2.366
13472 	 -3.085
13494 	 -3.06
13496 	 -3.012
13506 	 -2.982
13510 	 -2.968
13514 	 -3.02
13530 	 -2.944
13534 	 -3.091
13564 	 -2.999
13566 	 -2.94
13572 	 -2.938
13574 	 -2.928
13582 	 -2.899
13584 	 -2.893
13590 	 -2.925
13596 	 -2.905
13608 	 -2.898
13616 	 -2.932
13634 	 -2.931
13636 	 -2.971
13638 	 -2.849
13640 	 -2.824
13648 	 -2.78
13650 	 -2.775
13662 	 -2.789
13678 	 -2.513
13688 	 -2.206
13690 	 -2.169
13700 	 -2.263
13702 	 -2.292
13706 	 -2.256
13708 	 -2.31
13714 	 -2.343
13726 	 -2.342
13736 	 -2.417
13738 	 -2.457
13746 	 -2.5
13760 	 -2.514
13772 	 -2.54
13774 	 -2.546
13780 	 -2.387
13792 	 -2.386
13798 	 -2.345
13816 	 -2.475
13822 	 -2.572
13848 	 -2.571
13850 	 -2.497
13854 	 -2.448
13864 	 -2.401
13888 	 -2.517
13896 	 -2.644
13906 	 -2.434
13912 	 -2.523
13920 	 -2.521
13928 	 -2.516
13930 	 -2.483
13942 	 -2.474
13948 	 -2.365
13954 	 -2.45
13956 	 -2.481
13962 	 -2.477
13968 	 -2.325
13982 	 -2.256
13986 	 -2.299
13994 	 -2.284
13998 	 -2.034
14004 	 -2.033
14008 	 -2.022
14010 	 -2.021
14024 	 -2.085
14030 	 -2.022
14036 	 -1.987
14038 	 -2.021
14046 	 -1.846
14052 	 -1.83
14054 	 -1.706
14058 	 -1.647
14066 	 -1.642
14070 	 -1.577
14086 	 -1.517
14094 	 -1.538
14106 	 -1.468
14108 	 -1.431
14110 	 -1.269
14126 	 -1.258
14128 	 -1.254
14138 	 -1.33
14142 	 -1.278
14146 	 -1.168
14154 	 -1.227
14178 	 -1.214
14204 	 -1.34
14210 	 -1.447
14214 	 -1.404
14218 	 -1.353
14234 	 -1.332
14236 	 -1.329
14240 	 -1.328
14252 	 -1.362
14262 	 -1.22
14270 	 -1.196
14274 	 -1.19
14286 	 -1.182
14304 	 -0.922
14316 	 -0.738
14322 	 -0.733
14334 	 -0.722
14338 	 -0.657
14340 	 -0.595
14354 	 -0.583
14362 	 -0.443
14372 	 -0.402
14386 	 -0.4
14394 	 -0.367
14412 	 -0.334
14414 	 -0.246
14418 	 -0.244
14464 	 -0.235
14474 	 -0.191
14484 	 -0.181
14490 	 -0.18
14538 	 -0.17
14540 	 -0.168
14574 	 -0.167
14660 	 -0.166
14674 	 -0.155
14694 	 -0.153
15000 	 -1.404
15024 	 -1.545
15050 	 -2.182
15078 	 -2.635
15112 	 -2.87
15158 	 -2.794
15162 	 -2.836
15174 	 -2.789
15186 	 -2.21
15216 	 -2.356
15232 	 -2.18
15238 	 -2.344
15262 	 -1.467
15268 	 -1.295
15282 	 -1.03
15298 	 -0.683
15310 	 -0.704
15336 	 -0.853
15346 	 -0.801
15352 	 -0.8
15356 	 -0.885
15374 	 -0.695
15400 	 -0.382
15422 	 -0.302
15456 	 -0.171
15470 	 -0.166
15486 	 -0.071
15558 	 -0.036
15568 	 -0.033
15656 	 -0.032
15660 	 -0.026
15864 	 -0.022
15904 	 -0.014
15978 	 -0.013
16386 	 -0.012
16500 	 -0.011
18000 	 -2.128
18020 	 -2.227
18042 	 -2.675
18064 	 -2.729
18088 	 -2.111
18120 	 -1.491
18154 	 -2.168
18180 	 -1.904
18190 	 -2.225
18234 	 -2.958
18252 	 -2.942
18262 	 -2.849
18270 	 -2.203
18278 	 -2.161
18286 	 -2.067
18296 	 -2.256
18316 	 -2.286
18328 	 -2.408
18336 	 -2.174
18342 	 -2.17
18348 	 -1.776
18360 	 -1.201
18368 	 -1.048
18384 	 -1.055
18402 	 -0.724
18420 	 -0.407
18426 	 -0.363
18434 	 -0.304
18448 	 -0.134
18472 	 -0.119
18552 	 -0.012
18864 	 -0.008
19002 	 0
21000 	 -1.44
21001 	 -1.44
