0 	 0
3000 	 -1.376
3024 	 -1.496
3050 	 -1.88
3062 	 -2.472
3078 	 -3.176
3112 	 -3.62
3158 	 -3.808
3164 	 -3.728
3186 	 -2.828
3198 	 -2.688
3216 	 -1.912
3232 	 -1.736
3238 	 -1.364
3262 	 -0.608
3296 	 -0.264
3400 	 -0.024
3636 	 -0.008
3904 	 0
6000 	 -2.478
6020 	 -2.638
6042 	 -3.286
6064 	 -3.582
6088 	 -3.11
6120 	 -2.686
6138 	 -2.872
6154 	 -3.312
6180 	 -3.048
6190 	 -3.516
6198 	 -3.5
6234 	 -3.9
6284 	 -4.203
6296 	 -4.179
6346 	 -4.159
6360 	 -2.871
6374 	 -2.271
6376 	 -1.719
6424 	 -1.319
6444 	 -0.761
6504 	 -0.637
6506 	 -0.613
6552 	 -0.501
6634 	 -0.359
6704 	 -0.331
6710 	 -0.307
6726 	 -0.295
6728 	 -0.267
6782 	 -0.263
6894 	 -0.165
6990 	 -0.145
6994 	 -0.125
7002 	 -0.093
7272 	 -0.089
7278 	 -0.085
7290 	 -0.073
7324 	 -0.025
9000 	 -1.433
9024 	 -1.537
9050 	 -2.497
9078 	 -3.177
9112 	 -3.761
9158 	 -3.713
9162 	 -3.797
9174 	 -3.705
9186 	 -2.857
9216 	 -3.589
9232 	 -3.413
9238 	 -3.801
9262 	 -1.973
9268 	 -1.305
9298 	 -0.417
9304 	 -0.413
9306 	 -0.409
9334 	 -0.277
9400 	 -0.025
9660 	 -0.009
9904 	 -0.001
12000 	 -2.54
12002 	 -2.421
12004 	 -2.701
12006 	 -3.167
12008 	 -4.406
12010 	 -5.345
12012 	 -5.986
12016 	 -6.246
12018 	 -6.292
12020 	 -6.741
12030 	 -6.809
12032 	 -6.775
12034 	 -6.827
12040 	 -7.031
12042 	 -7.507
12062 	 -7.699
12064 	 -7.775
12070 	 -8.15
12072 	 -8.197
12086 	 -8.462
12088 	 -7.85
12090 	 -7.892
12100 	 -7.831
12120 	 -7.297
12130 	 -7.11
12132 	 -7.384
12148 	 -7.719
12154 	 -8.887
12156 	 -8.937
12160 	 -9.295
12166 	 -9.252
12176 	 -9.204
12178 	 -9.413
12180 	 -9.132
12184 	 -9.086
12186 	 -9.103
12188 	 -9.11
12190 	 -9.426
12198 	 -9.404
12200 	 -9.3
12210 	 -9.29
12212 	 -10.334
12222 	 -10.227
12226 	 -10.868
12228 	 -11.022
12230 	 -11.009
12234 	 -12.357
12236 	 -11.975
12246 	 -12.385
12250 	 -12.332
12252 	 -11.616
12254 	 -11.414
12256 	 -11.312
12260 	 -10.977
12262 	 -11.051
12264 	 -11.021
12266 	 -10.906
12272 	 -10.905
12274 	 -9.653
12276 	 -9.457
12278 	 -9.57
12282 	 -9.384
12284 	 -9.517
12286 	 -9.663
12288 	 -9.579
12290 	 -9.307
12296 	 -9.547
12304 	 -9.503
12308 	 -9.488
12310 	 -9.38
12314 	 -9.405
12320 	 -9.407
12324 	 -8.803
12328 	 -8.929
12330 	 -8.919
12332 	 -8.951
12334 	 -8.988
12338 	 -8.666
12342 	 -8.453
12344 	 -7.657
12350 	 -7.574
12354 	 -7.562
12358 	 -7.388
12360 	 -6.436
12376 	 -6.305
12380 	 -6.149
12382 	 -6.141
12384 	 -6.242
12386 	 -6.095
12392 	 -6.1
12404 	 -5.533
12406 	 -5.607
12412 	 -5.436
12432 	 -5.184
12438 	 -4.596
12454 	 -4.674
12456 	 -4.399
12464 	 -4.324
12470 	 -4.323
12496 	 -4.289
12498 	 -4.194
12500 	 -4.288
12502 	 -4.269
12504 	 -4.093
12510 	 -4.048
12516 	 -4.317
12522 	 -4.322
12528 	 -4.649
12542 	 -4.583
12550 	 -4.661
12552 	 -4.655
12574 	 -5.408
12576 	 -5.314
12586 	 -5.187
12590 	 -5.157
12592 	 -4.978
12598 	 -4.959
12604 	 -4.954
12606 	 -4.883
12608 	 -5.093
12610 	 -4.834
12614 	 -4.792
12624 	 -4.779
12630 	 -4.758
12632 	 -4.776
12638 	 -4.665
12640 	 -4.658
12656 	 -4.811
12658 	 -4.79
12672 	 -4.972
12682 	 -4.935
12688 	 -4.942
12700 	 -4.915
12704 	 -4.677
12712 	 -4.705
12714 	 -4.701
12732 	 -4.76
12746 	 -4.904
12768 	 -5.182
12770 	 -5.401
12776 	 -5.391
12780 	 -5.861
12786 	 -5.761
12794 	 -6.33
12802 	 -6.27
12804 	 -6.656
12816 	 -6.938
12824 	 -7.072
12826 	 -7.065
12828 	 -7.037
12830 	 -7.015
12832 	 -7.039
12846 	 -7.036
12848 	 -7.132
12850 	 -6.831
12856 	 -6.86
12858 	 -7.138
12860 	 -7.114
12862 	 -6.965
12864 	 -6.959
12868 	 -6.925
12874 	 -6.879
12878 	 -6.977
12882 	 -7.246
12888 	 -7.544
12892 	 -7.452
12894 	 -7.447
12896 	 -7.349
12898 	 -7.147
12902 	 -7.172
12906 	 -7.288
12910 	 -7.281
12916 	 -7.207
12922 	 -7.019
12930 	 -6.902
12934 	 -7.231
12942 	 -7.007
12944 	 -7.083
12946 	 -7.227
12948 	 -7.232
12952 	 -7.148
12956 	 -6.934
12960 	 -6.928
12962 	 -6.87
12966 	 -6.979
12970 	 -6.974
12982 	 -6.422
12984 	 -6.452
12986 	 -6.446
12988 	 -6.432
12990 	 -6.288
12996 	 -6.296
13000 	 -6.324
13002 	 -6.31
13004 	 -6.267
13012 	 -6.249
13016 	 -6.083
13018 	 -6.065
13028 	 -6.361
13036 	 -6.36
13040 	 -6.531
13042 	 -6.85
13044 	 -6.291
13046 	 -6.421
13054 	 -6.518
13058 	 -6.436
13062 	 -6.435
13064 	 -6.194
13070 	 -6.134
13076 	 -6.282
13080 	 -6.276
13084 	 -6.331
13094 	 -6.077
13096 	 -6.149
13100 	 -6.04
13102 	 -5.954
13104 	 -5.875
13106 	 -5.794
13108 	 -5.931
13110 	 -5.958
13112 	 -5.808
13114 	 -5.723
13120 	 -5.73
13122 	 -5.914
13126 	 -5.936
13128 	 -5.946
13130 	 -5.938
13138 	 -5.756
13142 	 -5.745
13146 	 -5.882
13148 	 -5.913
13154 	 -5.794
13158 	 -5.789
13168 	 -5.147
13182 	 -5.139
13188 	 -5.259
13190 	 -5.125
13200 	 -5.636
13202 	 -5.745
13214 	 -5.68
13222 	 -5.577
13228 	 -5.494
13230 	 -5.425
13250 	 -4.743
13256 	 -4.724
13258 	 -4.722
13274 	 -4.767
13286 	 -4.486
13292 	 -4.43
13298 	 -4.394
13302 	 -4.413
13310 	 -4.341
13312 	 -4.569
13318 	 -4.737
13320 	 -4.673
13326 	 -4.681
13328 	 -4.654
13330 	 -4.686
13340 	 -4.734
13342 	 -4.765
13344 	 -4.768
13346 	 -4.763
13350 	 -4.696
13352 	 -4.671
13362 	 -4.67
13366 	 -4.716
13372 	 -4.75
13374 	 -4.737
13386 	 -4.706
13408 	 -3.822
13416 	 -3.809
13424 	 -3.343
13428 	 -3.287
13432 	 -3.282
13442 	 -3.049
13454 	 -3.02
13458 	 -3.14
13470 	 -3.176
13476 	 -3.312
13482 	 -3.27
13490 	 -3.108
13498 	 -3.318
13506 	 -3.244
13510 	 -3.384
13512 	 -3.38
13516 	 -3.378
13522 	 -3.503
13528 	 -3.523
13538 	 -3.447
13544 	 -3.593
13546 	 -3.589
13560 	 -3.605
13562 	 -3.56
13568 	 -3.518
13588 	 -3.315
13602 	 -3.119
13604 	 -3.116
13618 	 -3.078
13620 	 -3.024
13624 	 -3.023
13628 	 -3.018
13634 	 -3.017
13638 	 -2.694
13648 	 -2.294
13650 	 -2.289
13652 	 -2.288
13664 	 -2.248
13666 	 -2.235
13672 	 -2.228
13684 	 -2.21
13694 	 -2.113
13720 	 -2.255
13726 	 -2.229
13746 	 -2.151
13760 	 -2.135
13764 	 -2.199
13768 	 -2.187
13778 	 -2.169
13780 	 -2.01
13782 	 -2.058
13794 	 -2.211
13808 	 -2.126
13844 	 -2.124
13854 	 -2.045
13864 	 -2.01
13876 	 -1.806
13882 	 -1.774
13884 	 -1.747
13898 	 -1.66
13908 	 -1.657
13912 	 -1.705
13928 	 -1.835
13940 	 -2.073
13942 	 -2.064
13960 	 -1.995
13976 	 -2.236
13980 	 -2.235
13986 	 -2.33
14008 	 -2.326
14026 	 -1.921
14030 	 -2.295
14034 	 -2.177
14040 	 -2.202
14044 	 -2.63
14046 	 -2.631
14054 	 -2.624
14058 	 -2.62
14060 	 -2.613
14070 	 -2.414
14076 	 -2.505
14080 	 -2.584
14086 	 -2.406
14096 	 -2.289
14100 	 -2.494
14102 	 -2.456
14106 	 -2.469
14134 	 -2.416
14142 	 -2.466
14146 	 -1.474
14150 	 -1.785
14158 	 -1.772
14160 	 -1.65
14164 	 -1.649
14168 	 -1.519
14196 	 -0.957
14222 	 -0.812
14224 	 -0.781
14236 	 -0.778
14246 	 -0.793
14268 	 -0.787
14278 	 -0.635
14288 	 -0.634
14298 	 -0.509
14346 	 -0.253
14382 	 -0.246
14426 	 -0.22
14490 	 -0.209
14510 	 -0.199
14556 	 -0.184
14568 	 -0.182
14586 	 -0.176
14594 	 -0.164
14602 	 -0.155
14660 	 -0.145
15000 	 -1.401
15024 	 -1.531
15050 	 -2.185
15078 	 -2.633
15112 	 -2.875
15158 	 -2.954
15162 	 -2.996
15174 	 -2.948
15186 	 -2.504
15216 	 -2.704
15232 	 -2.528
15238 	 -2.658
15262 	 -2.271
15268 	 -2.098
15282 	 -1.834
15298 	 -1.488
15308 	 -1.507
15310 	 -1.548
15334 	 -1.693
15336 	 -1.992
15346 	 -1.94
15352 	 -1.939
15354 	 -2.038
15356 	 -2.208
15372 	 -2.031
15374 	 -1.646
15400 	 -1.067
15422 	 -0.822
15456 	 -0.558
15460 	 -0.419
15470 	 -0.415
15486 	 -0.226
15490 	 -0.139
15558 	 -0.072
15568 	 -0.069
15574 	 -0.04
15660 	 -0.034
15708 	 -0.028
15838 	 -0.027
15864 	 -0.022
15904 	 -0.014
15916 	 -0.011
16218 	 -0.009
18000 	 -2.128
18020 	 -2.245
18042 	 -2.757
18064 	 -2.891
18088 	 -2.353
18120 	 -1.825
18154 	 -2.664
18180 	 -2.4
18190 	 -2.991
18234 	 -3.922
18252 	 -3.906
18262 	 -3.626
18270 	 -2.98
18278 	 -2.938
18286 	 -2.844
18296 	 -3.748
18316 	 -3.778
18328 	 -4.144
18336 	 -3.91
18342 	 -3.966
18348 	 -3.572
18360 	 -3.131
18368 	 -2.673
18384 	 -2.693
18402 	 -2.004
18420 	 -1.053
18426 	 -0.921
18434 	 -0.744
18448 	 -0.234
18472 	 -0.189
18552 	 -0.02
18864 	 -0.008
19002 	 0
21000 	 -1.44
21001 	 -1.44
