0 	 0
3000 	 -1.376
3024 	 -1.496
3050 	 -1.88
3062 	 -2.472
3078 	 -3.176
3112 	 -3.62
3158 	 -3.808
3164 	 -3.728
3186 	 -2.828
3198 	 -2.688
3216 	 -1.912
3232 	 -1.736
3238 	 -1.364
3262 	 -0.608
3296 	 -0.264
3400 	 -0.024
3636 	 -0.008
3904 	 0
6000 	 -2.478
6020 	 -2.638
6042 	 -3.286
6064 	 -3.582
6088 	 -3.11
6120 	 -2.686
6138 	 -2.872
6154 	 -3.312
6180 	 -3.048
6190 	 -3.516
6198 	 -3.5
6234 	 -3.9
6284 	 -4.203
6296 	 -4.179
6346 	 -4.159
6360 	 -2.871
6374 	 -2.271
6376 	 -1.719
6424 	 -1.319
6444 	 -0.761
6504 	 -0.637
6506 	 -0.613
6552 	 -0.501
6634 	 -0.359
6704 	 -0.331
6710 	 -0.307
6726 	 -0.295
6728 	 -0.267
6782 	 -0.263
6894 	 -0.165
6990 	 -0.145
6994 	 -0.125
7002 	 -0.093
7272 	 -0.089
7278 	 -0.085
7290 	 -0.073
7324 	 -0.025
9000 	 -1.433
9024 	 -1.537
9050 	 -2.497
9078 	 -3.177
9112 	 -3.761
9158 	 -3.713
9162 	 -3.797
9174 	 -3.705
9186 	 -2.857
9216 	 -3.589
9232 	 -3.413
9238 	 -3.801
9262 	 -1.973
9268 	 -1.305
9298 	 -0.417
9304 	 -0.413
9306 	 -0.409
9334 	 -0.277
9400 	 -0.025
9660 	 -0.009
9904 	 -0.001
12000 	 -2.554
12002 	 -2.49
12004 	 -3.172
12006 	 -3.849
12008 	 -5.204
12010 	 -5.711
12012 	 -6.341
12016 	 -6.469
12020 	 -6.909
12030 	 -6.977
12032 	 -6.784
12040 	 -6.908
12042 	 -7.384
12048 	 -7.149
12064 	 -7.249
12070 	 -7.228
12072 	 -7.27
12086 	 -7.495
12088 	 -6.883
12100 	 -7.04
12102 	 -6.915
12120 	 -6.387
12130 	 -6.341
12132 	 -6.677
12148 	 -6.992
12152 	 -7.129
12154 	 -8.165
12162 	 -8.138
12178 	 -8.566
12180 	 -8.224
12182 	 -8.632
12186 	 -8.684
12188 	 -8.812
12190 	 -9.128
12198 	 -9.098
12200 	 -9.142
12206 	 -9.253
12212 	 -10.297
12226 	 -11.187
12230 	 -11.297
12234 	 -12.645
12236 	 -12.436
12252 	 -11.72
12254 	 -11.619
12256 	 -11.767
12260 	 -11.45
12264 	 -11.808
12266 	 -12.22
12272 	 -12.263
12274 	 -11.011
12282 	 -10.854
12286 	 -11.076
12290 	 -10.863
12296 	 -10.96
12300 	 -11.104
12304 	 -10.874
12312 	 -10.905
12324 	 -10.695
12328 	 -10.687
12332 	 -10.734
12334 	 -10.829
12338 	 -10.577
12344 	 -9.781
12350 	 -9.785
12354 	 -9.731
12358 	 -9.171
12360 	 -8.219
12364 	 -8.27
12368 	 -8.239
12372 	 -8.224
12382 	 -8.119
12386 	 -8.134
12394 	 -7.984
12400 	 -7.872
12404 	 -7.6
12410 	 -7.546
12412 	 -7.235
12420 	 -7.14
12426 	 -7.116
12430 	 -7.049
12438 	 -7.02
12448 	 -6.913
12452 	 -6.869
12454 	 -6.888
12456 	 -6.969
12464 	 -6.858
12466 	 -6.762
12470 	 -6.761
12476 	 -7.228
12480 	 -6.744
12482 	 -6.729
12492 	 -6.489
12502 	 -6.462
12508 	 -6.453
12516 	 -6.329
12528 	 -6.053
12536 	 -6.096
12542 	 -6.209
12552 	 -6.094
12560 	 -5.981
12562 	 -6.41
12564 	 -6.404
12570 	 -6.68
12574 	 -8.249
12576 	 -8.229
12578 	 -8.188
12584 	 -8.178
12590 	 -8.148
12592 	 -7.969
12598 	 -7.95
12604 	 -7.935
12606 	 -7.864
12610 	 -7.75
12614 	 -7.762
12618 	 -7.636
12628 	 -7.428
12632 	 -7.446
12638 	 -7.286
12640 	 -7.229
12644 	 -7.066
12666 	 -6.67
12672 	 -6.609
12688 	 -6.616
12690 	 -6.546
12712 	 -5.908
12732 	 -5.902
12738 	 -5.937
12740 	 -5.975
12742 	 -5.971
12748 	 -5.954
12750 	 -5.903
12760 	 -6.275
12768 	 -6.217
12770 	 -6.433
12772 	 -6.367
12776 	 -6.371
12778 	 -6.254
12780 	 -6.288
12794 	 -6.353
12798 	 -6.354
12802 	 -6.358
12806 	 -6.355
12810 	 -6.646
12812 	 -6.985
12816 	 -7.161
12826 	 -7.646
12828 	 -7.611
12834 	 -7.988
12838 	 -8.244
12842 	 -8.519
12856 	 -8.461
12868 	 -8.424
12870 	 -8.281
12874 	 -7.629
12882 	 -7.421
12886 	 -7.258
12890 	 -7.904
12892 	 -7.933
12894 	 -7.876
12896 	 -7.873
12906 	 -8.046
12914 	 -8.082
12916 	 -8.008
12918 	 -7.655
12922 	 -7.757
12926 	 -7.897
12934 	 -7.689
12936 	 -7.676
12942 	 -7.441
12948 	 -7.733
12950 	 -7.665
12954 	 -7.663
12962 	 -7.697
12964 	 -7.69
12966 	 -7.821
12970 	 -7.816
12982 	 -7.709
12984 	 -6.877
12986 	 -6.738
12988 	 -6.796
12990 	 -6.793
12992 	 -6.817
12996 	 -6.813
12998 	 -6.805
13000 	 -6.747
13002 	 -6.733
13006 	 -6.753
13010 	 -6.594
13012 	 -6.611
13018 	 -6.626
13020 	 -6.638
13026 	 -6.636
13028 	 -6.647
13034 	 -6.631
13036 	 -6.586
13038 	 -6.462
13040 	 -6.471
13042 	 -6.431
13048 	 -6.557
13052 	 -6.521
13054 	 -6.73
13056 	 -6.882
13058 	 -7.321
13060 	 -7.197
13066 	 -7.518
13070 	 -7.365
13076 	 -7.316
13078 	 -7.571
13080 	 -7.54
13084 	 -7.653
13092 	 -7.636
13096 	 -7.499
13098 	 -7.605
13100 	 -7.49
13104 	 -7.466
13114 	 -7.438
13118 	 -7.483
13120 	 -7.646
13122 	 -7.419
13126 	 -7.376
13130 	 -7.289
13134 	 -7.225
13136 	 -7.184
13138 	 -7.136
13142 	 -7.189
13146 	 -7.265
13148 	 -7.122
13150 	 -7.056
13158 	 -7.096
13160 	 -7.084
13162 	 -6.9
13168 	 -6.83
13170 	 -6.864
13174 	 -6.853
13184 	 -7.022
13186 	 -7.015
13188 	 -6.972
13192 	 -6.246
13202 	 -5.899
13208 	 -5.87
13218 	 -5.947
13220 	 -5.938
13222 	 -6.004
13234 	 -5.962
13238 	 -5.921
13250 	 -4.46
13258 	 -4.458
13270 	 -4.411
13276 	 -4.472
13286 	 -4.704
13296 	 -4.645
13304 	 -4.597
13312 	 -4.689
13314 	 -4.725
13316 	 -4.991
13324 	 -5.021
13328 	 -4.987
13346 	 -4.982
13352 	 -4.932
13356 	 -4.851
13374 	 -4.947
13392 	 -4.97
13398 	 -5.005
13406 	 -4.981
13422 	 -4.974
13424 	 -4.545
13430 	 -4.443
13446 	 -4.515
13452 	 -4.562
13466 	 -4.675
13470 	 -4.574
13474 	 -4.561
13478 	 -4.424
13484 	 -4.401
13488 	 -4.48
13491 	 -4.396
13506 	 -4.545
13514 	 -4.529
13526 	 -4.254
13534 	 -3.913
13538 	 -3.84
13548 	 -3.709
13550 	 -3.68
13564 	 -3.662
13566 	 -3.517
13570 	 -3.5
13574 	 -3.464
13590 	 -3.411
13594 	 -3.263
13622 	 -2.544
13634 	 -2.52
13638 	 -2.432
13646 	 -2.393
13648 	 -2.349
13650 	 -2.367
13678 	 -2.316
13682 	 -2.292
13684 	 -2.357
13686 	 -2.335
13712 	 -2.337
13722 	 -2.343
13726 	 -2.342
13734 	 -2.272
13746 	 -2.23
13760 	 -2.216
13768 	 -2.215
13774 	 -2.78
13780 	 -2.621
13792 	 -2.589
13802 	 -2.633
13806 	 -2.616
13812 	 -2.126
13824 	 -2.131
13838 	 -2.078
13844 	 -1.782
13848 	 -1.781
13854 	 -1.9
13858 	 -1.883
13864 	 -1.848
13874 	 -1.664
13880 	 -1.829
13884 	 -1.823
13890 	 -1.821
13894 	 -1.774
13896 	 -1.757
13898 	 -1.717
13906 	 -2.014
13910 	 -1.99
13926 	 -1.96
13934 	 -1.956
13936 	 -2.163
13938 	 -2.137
13942 	 -2.128
13952 	 -2.571
13956 	 -2.551
13962 	 -2.242
13988 	 -2.235
14000 	 -2.209
14002 	 -2.204
14016 	 -1.89
14020 	 -2.142
14022 	 -2.14
14028 	 -2.161
14034 	 -2.112
14040 	 -1.853
14054 	 -1.841
14058 	 -1.832
14062 	 -1.949
14066 	 -2.35
14070 	 -2.348
14072 	 -2.213
14074 	 -2.662
14084 	 -2.864
14090 	 -2.932
14094 	 -2.927
14108 	 -2.861
14126 	 -2.655
14142 	 -2.649
14146 	 -2.508
14156 	 -2.442
14164 	 -2.443
14178 	 -2.291
14180 	 -2.308
14186 	 -1.986
14192 	 -1.96
14200 	 -1.806
14202 	 -2.01
14204 	 -2.009
14208 	 -2.122
14216 	 -2.418
14222 	 -2.417
14226 	 -2.085
14234 	 -2.069
14236 	 -2.066
14240 	 -1.992
14242 	 -1.869
14252 	 -1.845
14264 	 -1.67
14268 	 -1.674
14272 	 -1.422
14284 	 -1.365
14288 	 -1.402
14292 	 -1.392
14296 	 -1.187
14308 	 -0.989
14326 	 -0.864
14330 	 -0.724
14336 	 -0.64
14354 	 -0.62
14358 	 -0.539
14368 	 -0.365
14386 	 -0.353
14404 	 -0.335
14468 	 -0.333
14506 	 -0.165
14638 	 -0.157
15000 	 -1.405
15024 	 -1.525
15050 	 -2.053
15078 	 -2.37
15112 	 -2.407
15158 	 -2.297
15162 	 -2.318
15174 	 -2.294
15186 	 -1.813
15216 	 -1.639
15232 	 -1.463
15238 	 -1.526
15262 	 -1.018
15268 	 -0.932
15282 	 -0.8
15298 	 -0.627
15308 	 -0.643
15334 	 -0.792
15346 	 -0.766
15352 	 -0.765
15354 	 -0.856
15374 	 -0.641
15400 	 -0.374
15422 	 -0.286
15460 	 -0.14
15470 	 -0.135
15492 	 -0.064
15568 	 -0.059
15574 	 -0.03
15660 	 -0.027
15738 	 -0.024
15904 	 -0.016
15916 	 -0.013
16482 	 -0.009
18000 	 -2.128
18020 	 -2.218
18042 	 -2.634
18064 	 -2.645
18088 	 -2.004
18120 	 -1.385
18154 	 -1.72
18180 	 -1.456
18190 	 -1.58
18234 	 -1.88
18252 	 -1.872
18262 	 -1.778
18270 	 -1.455
18278 	 -1.434
18286 	 -1.387
18296 	 -1.589
18316 	 -1.604
18328 	 -1.726
18336 	 -1.609
18342 	 -1.622
18348 	 -1.425
18360 	 -1.099
18368 	 -0.946
18384 	 -0.953
18402 	 -0.698
18420 	 -0.381
18426 	 -0.337
18434 	 -0.278
18448 	 -0.108
18472 	 -0.093
18552 	 -0.008
18864 	 -0.004
19002 	 0
21000 	 -1.44
21001 	 -1.44
