0 	 0
3000 	 -1.376
3024 	 -1.496
3050 	 -1.88
3062 	 -2.472
3078 	 -3.176
3112 	 -3.62
3158 	 -3.808
3164 	 -3.728
3186 	 -2.828
3198 	 -2.688
3216 	 -1.912
3232 	 -1.736
3238 	 -1.364
3262 	 -0.608
3296 	 -0.264
3400 	 -0.024
3636 	 -0.008
3904 	 0
6000 	 -2.478
6020 	 -2.638
6042 	 -3.286
6064 	 -3.582
6088 	 -3.11
6120 	 -2.686
6138 	 -2.872
6154 	 -3.312
6180 	 -3.048
6190 	 -3.516
6198 	 -3.5
6234 	 -3.9
6284 	 -4.203
6296 	 -4.179
6346 	 -4.159
6360 	 -2.871
6374 	 -2.271
6376 	 -1.719
6424 	 -1.319
6444 	 -0.761
6504 	 -0.637
6506 	 -0.613
6552 	 -0.501
6634 	 -0.359
6704 	 -0.331
6710 	 -0.307
6726 	 -0.295
6728 	 -0.267
6782 	 -0.263
6894 	 -0.165
6990 	 -0.145
6994 	 -0.125
7002 	 -0.093
7272 	 -0.089
7278 	 -0.085
7290 	 -0.073
7324 	 -0.025
9000 	 -1.433
9024 	 -1.537
9050 	 -2.497
9078 	 -3.177
9112 	 -3.761
9158 	 -3.713
9162 	 -3.797
9174 	 -3.705
9186 	 -2.857
9216 	 -3.589
9232 	 -3.413
9238 	 -3.801
9262 	 -1.973
9268 	 -1.305
9298 	 -0.417
9304 	 -0.413
9306 	 -0.409
9334 	 -0.277
9400 	 -0.025
9660 	 -0.009
9904 	 -0.001
12000 	 -2.54
12002 	 -2.421
12004 	 -2.703
12006 	 -3.169
12008 	 -4.43
12010 	 -5.369
12012 	 -6.008
12016 	 -6.268
12018 	 -6.314
12020 	 -6.754
12030 	 -6.822
12032 	 -6.788
12034 	 -6.847
12040 	 -6.971
12042 	 -7.447
12062 	 -7.665
12064 	 -7.741
12070 	 -7.925
12072 	 -7.967
12086 	 -8.192
12088 	 -7.58
12090 	 -7.67
12100 	 -7.833
12120 	 -7.213
12130 	 -7.007
12132 	 -7.343
12148 	 -7.658
12152 	 -7.795
12154 	 -8.831
12156 	 -8.861
12160 	 -9.219
12166 	 -9.303
12176 	 -9.354
12178 	 -9.703
12180 	 -9.293
12182 	 -9.697
12186 	 -9.883
12188 	 -9.97
12190 	 -10.286
12198 	 -10.264
12200 	 -10.522
12204 	 -10.584
12206 	 -10.619
12210 	 -10.741
12212 	 -11.785
12218 	 -11.877
12222 	 -11.77
12226 	 -12.668
12230 	 -12.72
12234 	 -14.068
12236 	 -14.045
12244 	 -14.223
12246 	 -14.459
12252 	 -13.841
12254 	 -13.74
12256 	 -13.638
12260 	 -13.321
12264 	 -13.269
12266 	 -13.74
12270 	 -13.829
12272 	 -13.828
12274 	 -12.576
12276 	 -12.736
12280 	 -12.553
12282 	 -12.396
12286 	 -12.515
12288 	 -12.578
12290 	 -12.306
12296 	 -12.403
12300 	 -12.547
12304 	 -12.492
12308 	 -12.477
12310 	 -12.571
12314 	 -12.398
12322 	 -12.096
12324 	 -11.492
12328 	 -11.728
12332 	 -11.76
12334 	 -11.677
12338 	 -11.425
12340 	 -11.364
12344 	 -10.517
12346 	 -10.796
12350 	 -10.787
12354 	 -10.483
12358 	 -9.811
12360 	 -8.859
12362 	 -8.791
12374 	 -8.732
12376 	 -8.631
12378 	 -8.264
12380 	 -8.115
12382 	 -8.107
12384 	 -8.331
12386 	 -7.989
12390 	 -7.946
12392 	 -7.986
12400 	 -7.874
12404 	 -7.524
12408 	 -7.522
12410 	 -7.718
12412 	 -7.407
12420 	 -7.312
12426 	 -7.288
12430 	 -7.221
12432 	 -7.055
12438 	 -6.762
12448 	 -6.655
12456 	 -6.557
12464 	 -6.969
12466 	 -6.873
12470 	 -6.872
12476 	 -7.092
12480 	 -6.926
12488 	 -6.91
12492 	 -6.882
12508 	 -6.873
12510 	 -7.116
12512 	 -7.101
12516 	 -6.977
12528 	 -7.377
12536 	 -7.144
12550 	 -7.277
12552 	 -7.15
12562 	 -7.157
12570 	 -7.212
12574 	 -8.632
12576 	 -8.628
12578 	 -8.582
12584 	 -8.616
12588 	 -8.615
12590 	 -8.585
12592 	 -8.156
12598 	 -8.335
12604 	 -8.325
12606 	 -8.254
12610 	 -8.168
12614 	 -8.49
12618 	 -8.43
12622 	 -8.327
12624 	 -8.314
12632 	 -8.332
12636 	 -8.115
12638 	 -7.998
12640 	 -7.941
12644 	 -7.821
12646 	 -7.817
12648 	 -7.84
12650 	 -7.909
12652 	 -8.057
12662 	 -8.03
12672 	 -7.999
12674 	 -8.015
12680 	 -8.15
12688 	 -8.157
12692 	 -7.972
12712 	 -6.969
12732 	 -6.963
12734 	 -7.007
12736 	 -7.133
12740 	 -7.067
12748 	 -7.05
12750 	 -6.998
12752 	 -6.924
12754 	 -7.196
12768 	 -7.181
12770 	 -7.26
12776 	 -7.269
12780 	 -7.214
12794 	 -8.145
12798 	 -8.185
12802 	 -8.342
12814 	 -8.715
12816 	 -8.673
12818 	 -8.973
12828 	 -8.938
12830 	 -8.436
12838 	 -8.326
12844 	 -8.313
12846 	 -8.785
12850 	 -8.804
12856 	 -8.493
12860 	 -8.631
12868 	 -8.597
12870 	 -8.454
12874 	 -8.257
12884 	 -8.247
12886 	 -8.22
12896 	 -8.075
12900 	 -7.983
12906 	 -7.769
12912 	 -7.796
12916 	 -7.722
12920 	 -7.488
12924 	 -7.496
12930 	 -7.222
12932 	 -7.217
12934 	 -7.209
12940 	 -7.222
12942 	 -7.098
12950 	 -6.94
12954 	 -6.821
12962 	 -6.765
12964 	 -6.758
12966 	 -7.163
12982 	 -7.11
12984 	 -6.868
12988 	 -6.852
12990 	 -6.757
12992 	 -6.64
12994 	 -6.653
12996 	 -6.657
13002 	 -6.643
13006 	 -6.606
13008 	 -6.585
13010 	 -6.609
13012 	 -6.591
13014 	 -6.491
13030 	 -6.577
13034 	 -6.447
13036 	 -6.853
13038 	 -6.786
13042 	 -6.746
13046 	 -7.183
13048 	 -7.165
13052 	 -7.129
13056 	 -6.982
13058 	 -6.98
13062 	 -7.089
13072 	 -7.206
13076 	 -7.178
13078 	 -7.574
13080 	 -7.568
13084 	 -7.479
13088 	 -7.477
13096 	 -7.34
13098 	 -7.008
13104 	 -6.924
13108 	 -6.884
13110 	 -6.854
13114 	 -6.826
13128 	 -6.847
13134 	 -6.824
13136 	 -6.58
13142 	 -6.627
13146 	 -6.756
13150 	 -6.69
13152 	 -6.524
13156 	 -6.512
13168 	 -6.363
13174 	 -6.352
13176 	 -6.446
13182 	 -6.445
13190 	 -6.328
13192 	 -5.56
13202 	 -5.649
13214 	 -5.637
13220 	 -5.628
13234 	 -5.626
13238 	 -5.624
13250 	 -4.021
13260 	 -4.08
13272 	 -4.618
13278 	 -4.603
13288 	 -4.688
13290 	 -5.12
13294 	 -5.215
13296 	 -5.231
13302 	 -5.182
13312 	 -5.181
13322 	 -4.845
13326 	 -4.971
13328 	 -4.801
13330 	 -4.622
13332 	 -4.793
13338 	 -4.735
13340 	 -4.862
13346 	 -4.857
13348 	 -4.873
13352 	 -4.848
13356 	 -4.897
13362 	 -4.672
13370 	 -4.21
13378 	 -4.174
13386 	 -4.06
13398 	 -3.908
13402 	 -3.768
13406 	 -3.886
13412 	 -3.874
13424 	 -2.894
13434 	 -2.764
13436 	 -2.738
13442 	 -2.661
13444 	 -2.681
13452 	 -2.649
13454 	 -2.648
13456 	 -2.577
13458 	 -2.56
13460 	 -2.514
13468 	 -2.522
13474 	 -2.358
13482 	 -2.329
13486 	 -2.379
13490 	 -2.083
13506 	 -2.04
13516 	 -1.807
13522 	 -1.475
13528 	 -1.46
13530 	 -1.452
13538 	 -1.444
13540 	 -1.322
13548 	 -1.306
13564 	 -1.25
13578 	 -1.199
13580 	 -1.194
13594 	 -1.178
13618 	 -1.162
13634 	 -1.161
13638 	 -1.013
13648 	 -0.775
13650 	 -0.77
13666 	 -0.769
13678 	 -0.727
13688 	 -0.685
13726 	 -0.684
13756 	 -0.677
13760 	 -0.657
13780 	 -0.498
13802 	 -0.478
13812 	 -0.475
13814 	 -0.458
13850 	 -0.453
13854 	 -0.321
13864 	 -0.286
13874 	 -0.283
13894 	 -0.28
13942 	 -0.271
13962 	 -0.269
14040 	 -0.265
14058 	 -0.26
14074 	 -0.259
14116 	 -0.245
14146 	 -0.131
14236 	 -0.126
14246 	 -0.125
14282 	 -0.123
14286 	 -0.121
14432 	 -0.12
15000 	 -1.395
15024 	 -1.515
15050 	 -2.187
15078 	 -2.629
15112 	 -2.864
15158 	 -2.956
15162 	 -2.998
15174 	 -2.95
15186 	 -2.498
15216 	 -2.701
15232 	 -2.525
15238 	 -2.653
15262 	 -2.275
15268 	 -2.104
15282 	 -1.839
15298 	 -1.493
15308 	 -1.51
15310 	 -1.551
15334 	 -1.7
15336 	 -1.999
15346 	 -1.947
15352 	 -1.946
15354 	 -2.031
15356 	 -2.201
15372 	 -2.005
15374 	 -1.62
15400 	 -1.06
15422 	 -0.815
15456 	 -0.551
15458 	 -0.417
15470 	 -0.412
15486 	 -0.223
15488 	 -0.138
15558 	 -0.071
15566 	 -0.04
15568 	 -0.037
15660 	 -0.031
15708 	 -0.025
15710 	 -0.024
15864 	 -0.019
15890 	 -0.016
15904 	 -0.008
18000 	 -2.128
18020 	 -2.245
18042 	 -2.757
18064 	 -2.891
18088 	 -2.353
18120 	 -1.825
18154 	 -2.664
18180 	 -2.4
18190 	 -2.991
18234 	 -3.922
18252 	 -3.906
18262 	 -3.626
18270 	 -2.98
18278 	 -2.938
18286 	 -2.844
18296 	 -3.748
18316 	 -3.778
18328 	 -4.144
18336 	 -3.91
18342 	 -3.966
18348 	 -3.572
18360 	 -3.131
18368 	 -2.672
18384 	 -2.693
18402 	 -2.004
18420 	 -1.053
18426 	 -0.921
18434 	 -0.744
18448 	 -0.234
18472 	 -0.189
18552 	 -0.02
18864 	 -0.008
19002 	 0
21000 	 -1.44
21001 	 -1.44
