0 	 0
3000 	 -1.376
3024 	 -1.496
3050 	 -1.88
3062 	 -2.472
3078 	 -3.176
3112 	 -3.62
3158 	 -3.808
3164 	 -3.728
3186 	 -2.828
3198 	 -2.688
3216 	 -1.912
3232 	 -1.736
3238 	 -1.364
3262 	 -0.608
3296 	 -0.264
3400 	 -0.024
3636 	 -0.008
3904 	 0
6000 	 -2.478
6020 	 -2.638
6042 	 -3.286
6064 	 -3.582
6088 	 -3.11
6120 	 -2.686
6138 	 -2.872
6154 	 -3.312
6180 	 -3.048
6190 	 -3.516
6198 	 -3.5
6234 	 -3.9
6284 	 -4.203
6296 	 -4.179
6346 	 -4.159
6360 	 -2.871
6374 	 -2.271
6376 	 -1.719
6424 	 -1.319
6444 	 -0.761
6504 	 -0.637
6506 	 -0.613
6552 	 -0.501
6634 	 -0.359
6704 	 -0.331
6710 	 -0.307
6726 	 -0.295
6728 	 -0.267
6782 	 -0.263
6894 	 -0.165
6990 	 -0.145
6994 	 -0.125
7002 	 -0.093
7272 	 -0.089
7278 	 -0.085
7290 	 -0.073
7324 	 -0.025
9000 	 -1.433
9024 	 -1.537
9050 	 -2.497
9078 	 -3.177
9112 	 -3.761
9158 	 -3.713
9162 	 -3.797
9174 	 -3.705
9186 	 -2.857
9216 	 -3.589
9232 	 -3.413
9238 	 -3.801
9262 	 -1.973
9268 	 -1.305
9298 	 -0.417
9304 	 -0.413
9306 	 -0.409
9334 	 -0.277
9400 	 -0.025
9660 	 -0.009
9904 	 -0.001
12000 	 -2.554
12002 	 -2.49
12004 	 -3.212
12006 	 -3.889
12008 	 -5.655
12010 	 -6.162
12012 	 -7.007
12016 	 -7.135
12020 	 -7.688
12030 	 -7.756
12032 	 -7.563
12040 	 -7.775
12042 	 -8.251
12048 	 -8.016
12064 	 -8.116
12070 	 -8.271
12072 	 -8.313
12086 	 -8.538
12088 	 -7.926
12100 	 -8.01
12102 	 -7.885
12114 	 -8.026
12120 	 -7.498
12130 	 -7.285
12132 	 -7.617
12148 	 -7.932
12152 	 -8.069
12154 	 -9.105
12162 	 -9.078
12178 	 -9.387
12180 	 -9.012
12182 	 -9.419
12184 	 -9.271
12186 	 -9.296
12188 	 -9.433
12190 	 -9.749
12192 	 -9.692
12198 	 -9.662
12200 	 -9.45
12206 	 -9.485
12210 	 -9.614
12212 	 -10.658
12226 	 -12.015
12230 	 -11.866
12234 	 -13.214
12236 	 -13.066
12242 	 -13.069
12248 	 -13.073
12252 	 -12.318
12254 	 -12.116
12260 	 -11.799
12264 	 -11.734
12266 	 -12.215
12272 	 -12.214
12274 	 -10.962
12276 	 -11.001
12282 	 -10.704
12286 	 -10.823
12290 	 -10.551
12296 	 -10.648
12300 	 -10.792
12302 	 -10.904
12304 	 -10.782
12320 	 -10.784
12324 	 -10.18
12328 	 -10.322
12330 	 -10.308
12332 	 -10.34
12334 	 -10.23
12336 	 -10.3
12338 	 -10.048
12344 	 -9.252
12352 	 -9.165
12354 	 -9.153
12356 	 -9.075
12358 	 -8.489
12360 	 -7.537
12368 	 -7.647
12374 	 -7.342
12382 	 -7.334
12386 	 -6.91
12400 	 -6.798
12402 	 -6.546
12404 	 -6.361
12412 	 -6.05
12420 	 -5.955
12426 	 -5.931
12430 	 -5.864
12438 	 -5.342
12448 	 -5.235
12456 	 -5.198
12464 	 -5.067
12466 	 -4.83
12470 	 -4.829
12476 	 -4.88
12480 	 -4.714
12492 	 -4.686
12502 	 -4.667
12508 	 -4.658
12516 	 -4.518
12528 	 -4.659
12532 	 -4.65
12536 	 -4.646
12538 	 -5.117
12550 	 -4.984
12552 	 -4.864
12562 	 -4.94
12568 	 -4.915
12570 	 -4.97
12574 	 -6.211
12578 	 -6.184
12590 	 -6.154
12592 	 -5.704
12598 	 -5.685
12604 	 -5.67
12606 	 -5.62
12610 	 -5.567
12614 	 -5.441
12618 	 -5.372
12630 	 -5.407
12632 	 -5.425
12636 	 -5.204
12638 	 -5.093
12640 	 -5.036
12652 	 -5.193
12656 	 -5.181
12672 	 -5.161
12680 	 -5.293
12688 	 -5.3
12712 	 -4.746
12732 	 -4.703
12740 	 -4.761
12742 	 -4.757
12748 	 -4.74
12768 	 -4.853
12770 	 -4.914
12780 	 -4.859
12794 	 -4.955
12796 	 -5.483
12798 	 -5.508
12802 	 -5.474
12806 	 -6.296
12814 	 -6.294
12826 	 -6.29
12828 	 -6.255
12840 	 -6.819
12856 	 -6.464
12860 	 -6.735
12868 	 -6.712
12870 	 -6.705
12872 	 -6.578
12874 	 -6.318
12878 	 -6.147
12886 	 -6.236
12888 	 -6.076
12896 	 -6.073
12904 	 -5.882
12912 	 -5.668
12916 	 -5.594
12922 	 -5.354
12932 	 -5.392
12936 	 -5.302
12942 	 -5.178
12954 	 -5.309
12956 	 -5.384
12964 	 -5.377
12966 	 -5.484
12970 	 -5.479
12972 	 -5.16
12980 	 -5.218
12982 	 -4.932
12984 	 -5.183
12986 	 -5.039
12990 	 -5.033
12994 	 -5.117
12996 	 -5.124
13002 	 -5.351
13004 	 -5.327
13006 	 -5.485
13008 	 -5.524
13010 	 -5.539
13012 	 -5.521
13018 	 -5.511
13028 	 -5.513
13036 	 -5.712
13037 	 -6.195
13042 	 -6.155
13052 	 -6.119
13056 	 -6.281
13062 	 -6.549
13066 	 -6.623
13072 	 -6.836
13080 	 -6.805
13082 	 -6.841
13084 	 -6.838
13090 	 -6.816
13096 	 -6.679
13102 	 -6.379
13104 	 -6.326
13106 	 -6.368
13110 	 -6.464
13112 	 -6.383
13114 	 -6.355
13116 	 -6.391
13128 	 -6.385
13136 	 -5.997
13138 	 -6.014
13142 	 -5.697
13148 	 -5.545
13150 	 -5.279
13158 	 -5.165
13162 	 -5.1
13164 	 -5.074
13168 	 -5.004
13170 	 -4.955
13172 	 -4.781
13174 	 -4.77
13178 	 -4.935
13186 	 -4.553
13188 	 -4.601
13196 	 -4.669
13202 	 -4.656
13210 	 -4.749
13220 	 -4.74
13224 	 -5.202
13226 	 -5.099
13234 	 -5.173
13238 	 -5.199
13240 	 -5.116
13250 	 -4.387
13258 	 -4.385
13276 	 -4.548
13288 	 -4.624
13294 	 -4.537
13296 	 -4.515
13302 	 -4.939
13306 	 -4.949
13314 	 -4.932
13328 	 -5.015
13332 	 -5.089
13334 	 -5.085
13340 	 -5.196
13342 	 -5.277
13346 	 -5.376
13352 	 -5.455
13354 	 -5.522
13360 	 -5.434
13366 	 -5.561
13368 	 -5.639
13372 	 -5.632
13376 	 -5.747
13386 	 -5.909
13388 	 -5.894
13392 	 -5.874
13396 	 -5.699
13402 	 -5.692
13404 	 -5.704
13408 	 -5.826
13418 	 -5.63
13422 	 -5.462
13424 	 -4.915
13426 	 -4.823
13428 	 -4.759
13430 	 -4.75
13432 	 -4.762
13434 	 -4.851
13440 	 -4.809
13450 	 -4.806
13452 	 -4.799
13456 	 -4.824
13468 	 -4.954
13470 	 -5.025
13474 	 -5.012
13478 	 -5.034
13484 	 -4.862
13498 	 -4.597
13512 	 -4.517
13514 	 -4.569
13524 	 -4.565
13526 	 -4.492
13528 	 -4.457
13534 	 -4.484
13546 	 -4.552
13552 	 -4.616
13554 	 -4.295
13562 	 -4.332
13570 	 -4.351
13578 	 -4.427
13582 	 -4.247
13584 	 -4.291
13588 	 -4.272
13606 	 -4.293
13634 	 -4.292
13638 	 -3.752
13648 	 -3.836
13650 	 -3.85
13654 	 -3.848
13656 	 -3.881
13664 	 -3.926
13678 	 -4.104
13680 	 -3.916
13694 	 -3.944
13696 	 -3.802
13700 	 -3.795
13704 	 -3.752
13710 	 -3.709
13712 	 -3.731
13714 	 -3.841
13722 	 -3.975
13726 	 -3.906
13732 	 -3.854
13736 	 -3.851
13738 	 -3.849
13744 	 -3.602
13748 	 -3.553
13750 	 -3.557
13756 	 -3.537
13760 	 -3.517
13762 	 -3.629
13766 	 -3.76
13770 	 -3.813
13772 	 -3.736
13774 	 -3.848
13776 	 -3.876
13780 	 -3.717
13792 	 -3.712
13794 	 -3.705
13802 	 -3.85
13804 	 -3.84
13808 	 -3.836
13810 	 -3.811
13818 	 -3.663
13824 	 -3.782
13830 	 -3.611
13844 	 -3.599
13850 	 -3.589
13854 	 -3.216
13858 	 -3.213
13864 	 -3.177
13866 	 -3.171
13868 	 -3.146
13870 	 -3.027
13876 	 -2.993
13880 	 -2.945
13888 	 -2.9
13892 	 -2.851
13894 	 -2.686
13896 	 -2.622
13898 	 -2.612
13910 	 -2.598
13912 	 -2.579
13926 	 -2.545
13932 	 -2.784
13942 	 -2.775
13946 	 -2.768
13958 	 -2.658
13984 	 -2.89
13996 	 -2.871
14000 	 -2.814
14010 	 -2.736
14012 	 -3.02
14016 	 -2.982
14018 	 -2.917
14030 	 -2.911
14034 	 -2.852
14036 	 -2.814
14054 	 -2.764
14056 	 -2.72
14058 	 -2.394
14060 	 -2.387
14074 	 -2.177
14078 	 -2.169
14082 	 -2.123
14088 	 -2.323
14092 	 -2.155
14106 	 -2.194
14116 	 -2.233
14122 	 -2.201
14140 	 -2.2
14146 	 -2.469
14152 	 -2.574
14162 	 -2.894
14166 	 -2.864
14178 	 -2.834
14188 	 -2.701
14194 	 -2.469
14198 	 -2.603
14202 	 -2.601
14206 	 -2.571
14216 	 -2.64
14228 	 -2.723
14230 	 -2.684
14234 	 -2.357
14236 	 -2.355
14252 	 -2.01
14254 	 -2.086
14260 	 -2.133
14276 	 -2.253
14280 	 -2.28
14286 	 -2.684
14306 	 -2.683
14310 	 -2.681
14314 	 -1.74
14320 	 -1.833
14324 	 -1.841
14332 	 -1.815
14338 	 -1.73
14354 	 -1.675
14356 	 -1.632
14364 	 -1.609
14372 	 -1.601
14374 	 -0.814
14378 	 -1.087
14388 	 -0.971
14390 	 -0.9
14392 	 -0.808
14408 	 -0.68
14418 	 -0.675
14426 	 -0.542
14434 	 -0.537
14440 	 -0.524
14442 	 -0.409
14508 	 -0.277
14510 	 -0.226
14544 	 -0.218
14598 	 -0.209
14682 	 -0.198
14700 	 -0.182
14706 	 -0.179
14722 	 -0.171
15000 	 -1.407
15024 	 -1.547
15050 	 -2.324
15078 	 -2.908
15112 	 -3.346
15158 	 -3.377
15162 	 -3.439
15174 	 -3.367
15186 	 -2.699
15216 	 -3.307
15232 	 -3.131
15238 	 -3.324
15262 	 -2.333
15268 	 -2.074
15282 	 -1.678
15298 	 -1.157
15308 	 -1.174
15310 	 -1.195
15334 	 -1.343
15336 	 -1.492
15346 	 -1.414
15350 	 -1.413
15352 	 -1.412
15354 	 -1.503
15356 	 -1.588
15374 	 -1.183
15400 	 -0.723
15422 	 -0.555
15456 	 -0.424
15460 	 -0.278
15470 	 -0.273
15486 	 -0.178
15492 	 -0.107
15558 	 -0.072
15568 	 -0.066
15574 	 -0.038
15660 	 -0.029
15864 	 -0.025
15882 	 -0.022
15904 	 -0.014
15916 	 -0.013
15954 	 -0.012
16254 	 -0.011
16400 	 -0.01
16476 	 -0.009
18000 	 -2.128
18020 	 -2.245
18042 	 -2.757
18064 	 -2.894
18088 	 -2.339
18120 	 -1.764
18154 	 -2.864
18180 	 -2.6
18190 	 -3.253
18234 	 -4.518
18252 	 -4.494
18262 	 -4.308
18270 	 -3.339
18278 	 -3.276
18286 	 -3.135
18296 	 -3.669
18316 	 -3.714
18328 	 -3.958
18336 	 -3.607
18342 	 -3.616
18348 	 -3.025
18360 	 -2.268
18368 	 -1.962
18384 	 -1.976
18402 	 -1.39
18420 	 -0.756
18426 	 -0.668
18434 	 -0.55
18448 	 -0.21
18472 	 -0.18
18552 	 -0.02
18864 	 -0.012
19002 	 0
21000 	 -1.44
21001 	 -1.44
