0 	 0
3000 	 -1.376
3024 	 -1.496
3050 	 -1.88
3062 	 -2.472
3078 	 -3.176
3112 	 -3.62
3158 	 -3.808
3164 	 -3.728
3186 	 -2.828
3198 	 -2.688
3216 	 -1.912
3232 	 -1.736
3238 	 -1.364
3262 	 -0.608
3296 	 -0.264
3400 	 -0.024
3636 	 -0.008
3904 	 0
6000 	 -2.478
6020 	 -2.638
6042 	 -3.286
6064 	 -3.582
6088 	 -3.11
6120 	 -2.686
6138 	 -2.872
6154 	 -3.312
6180 	 -3.048
6190 	 -3.516
6198 	 -3.5
6234 	 -3.9
6284 	 -4.203
6296 	 -4.179
6346 	 -4.159
6360 	 -2.871
6374 	 -2.271
6376 	 -1.719
6424 	 -1.319
6444 	 -0.761
6504 	 -0.637
6506 	 -0.613
6552 	 -0.501
6634 	 -0.359
6704 	 -0.331
6710 	 -0.307
6726 	 -0.295
6728 	 -0.267
6782 	 -0.263
6894 	 -0.165
6990 	 -0.145
6994 	 -0.125
7002 	 -0.093
7272 	 -0.089
7278 	 -0.085
7290 	 -0.073
7324 	 -0.025
9000 	 -1.433
9024 	 -1.537
9050 	 -2.497
9078 	 -3.177
9112 	 -3.761
9158 	 -3.713
9162 	 -3.797
9174 	 -3.705
9186 	 -2.857
9216 	 -3.589
9232 	 -3.413
9238 	 -3.801
9262 	 -1.973
9268 	 -1.305
9298 	 -0.417
9304 	 -0.413
9306 	 -0.409
9334 	 -0.277
9400 	 -0.025
9660 	 -0.009
9904 	 -0.001
12000 	 -2.54
12002 	 -2.421
12004 	 -2.663
12006 	 -3.129
12008 	 -3.973
12010 	 -4.912
12012 	 -5.34
12016 	 -5.6
12018 	 -5.646
12020 	 -5.979
12030 	 -6.047
12032 	 -6.013
12034 	 -6.072
12040 	 -6.178
12042 	 -6.654
12062 	 -6.872
12064 	 -6.948
12070 	 -7.131
12072 	 -7.173
12088 	 -6.561
12090 	 -6.651
12100 	 -6.781
12120 	 -6.161
12130 	 -6.115
12148 	 -6.43
12154 	 -7.466
12156 	 -7.5
12166 	 -7.584
12176 	 -7.635
12178 	 -8.015
12180 	 -7.751
12182 	 -8.281
12186 	 -8.468
12190 	 -8.784
12200 	 -9.011
12206 	 -9.001
12208 	 -9.179
12210 	 -9.312
12212 	 -10.356
12218 	 -10.448
12222 	 -10.341
12226 	 -11.231
12230 	 -11.341
12234 	 -12.689
12236 	 -12.901
12244 	 -13.135
12252 	 -12.419
12254 	 -12.318
12256 	 -12.336
12260 	 -12.019
12264 	 -12.276
12266 	 -12.702
12274 	 -11.45
12280 	 -11.267
12282 	 -11.11
12286 	 -11.405
12290 	 -11.133
12292 	 -11.077
12296 	 -11.174
12300 	 -11.318
12304 	 -11.192
12308 	 -11.177
12312 	 -11.208
12322 	 -10.864
12324 	 -10.318
12330 	 -10.296
12332 	 -10.343
12334 	 -10.345
12338 	 -10.093
12340 	 -10.032
12344 	 -9.236
12348 	 -9.115
12350 	 -9.119
12354 	 -9.1
12358 	 -8.5
12360 	 -7.548
12362 	 -7.48
12368 	 -7.449
12372 	 -7.126
12380 	 -6.974
12382 	 -6.869
12386 	 -6.399
12392 	 -6.353
12394 	 -6.203
12398 	 -6.323
12400 	 -6.211
12404 	 -5.939
12406 	 -5.909
12410 	 -5.896
12412 	 -5.585
12420 	 -5.49
12426 	 -5.466
12430 	 -5.399
12432 	 -5.543
12437 	 -5.763
12438 	 -5.338
12448 	 -5.231
12456 	 -5.112
12466 	 -5.142
12470 	 -5.141
12476 	 -5.372
12480 	 -5.206
12492 	 -5.178
12502 	 -5.17
12508 	 -5.161
12510 	 -5.119
12516 	 -5.218
12540 	 -5.575
12542 	 -5.531
12552 	 -5.404
12562 	 -5.683
12564 	 -5.677
12574 	 -6.984
12576 	 -6.964
12578 	 -6.931
12580 	 -6.678
12588 	 -6.677
12592 	 -6.498
12594 	 -6.67
12598 	 -6.648
12604 	 -6.638
12606 	 -6.588
12618 	 -6.984
12622 	 -6.827
12632 	 -6.845
12636 	 -7.076
12638 	 -6.965
12640 	 -6.908
12648 	 -6.938
12662 	 -6.918
12664 	 -6.798
12670 	 -6.851
12672 	 -6.918
12680 	 -7.201
12688 	 -7.208
12712 	 -6.754
12722 	 -6.725
12730 	 -6.484
12732 	 -6.478
12734 	 -6.446
12740 	 -6.445
12742 	 -6.313
12748 	 -6.296
12752 	 -6.226
12754 	 -6.521
12766 	 -6.48
12768 	 -6.646
12770 	 -6.667
12774 	 -6.753
12776 	 -6.698
12782 	 -6.61
12794 	 -6.639
12802 	 -6.752
12806 	 -6.749
12816 	 -6.965
12828 	 -6.93
12834 	 -6.922
12840 	 -6.864
12860 	 -6.794
12868 	 -6.771
12874 	 -6.834
12882 	 -7.162
12894 	 -7.094
12896 	 -7.091
12900 	 -7.024
12904 	 -7.187
12916 	 -7.113
12924 	 -7.207
12934 	 -7.202
12942 	 -7.078
12944 	 -7.348
12964 	 -7.464
12966 	 -7.629
12968 	 -7.468
12970 	 -7.428
12982 	 -7.348
12984 	 -7.324
12988 	 -7.38
12990 	 -7.463
12994 	 -7.361
12996 	 -7.345
13000 	 -7.82
13002 	 -7.811
13010 	 -7.826
13012 	 -7.808
13016 	 -7.92
13020 	 -7.791
13024 	 -7.84
13036 	 -7.839
13040 	 -7.917
13042 	 -7.704
13052 	 -7.668
13062 	 -7.579
13066 	 -7.388
13082 	 -7.216
13096 	 -7.079
13098 	 -6.946
13102 	 -6.918
13104 	 -6.931
13106 	 -6.886
13108 	 -6.875
13114 	 -6.849
13150 	 -6.335
13164 	 -6.344
13166 	 -6.359
13168 	 -6.289
13176 	 -6.802
13182 	 -6.83
13186 	 -6.939
13188 	 -7.132
13192 	 -7.131
13196 	 -7.303
13202 	 -7.16
13216 	 -7.27
13220 	 -7.261
13224 	 -7.241
13234 	 -7.239
13242 	 -7.191
13250 	 -5.225
13254 	 -5.556
13256 	 -5.593
13266 	 -5.521
13270 	 -5.573
13282 	 -5.456
13284 	 -5.337
13288 	 -5.361
13290 	 -5.348
13292 	 -5.221
13296 	 -5.276
13302 	 -5.241
13304 	 -5.152
13306 	 -5.036
13308 	 -5.461
13316 	 -5.294
13318 	 -5.274
13326 	 -5.265
13328 	 -5.077
13332 	 -5.05
13346 	 -5.045
13352 	 -5.028
13360 	 -4.983
13374 	 -4.736
13396 	 -4.901
13416 	 -5.109
13418 	 -5.081
13424 	 -4.508
13452 	 -4.497
13456 	 -4.543
13468 	 -5.042
13472 	 -5.028
13474 	 -5.074
13498 	 -5.104
13508 	 -4.483
13518 	 -4.477
13522 	 -4.457
13528 	 -4.416
13532 	 -4.386
13538 	 -4.383
13540 	 -3.479
13550 	 -3.439
13560 	 -3.443
13564 	 -3.468
13570 	 -4.368
13576 	 -4.659
13580 	 -4.926
13582 	 -4.867
13586 	 -4.791
13588 	 -4.926
13590 	 -5.045
13594 	 -5.291
13596 	 -5.359
13600 	 -5.324
13606 	 -5.555
13618 	 -4.929
13626 	 -5.084
13630 	 -5.038
13632 	 -5.09
13634 	 -5.089
13638 	 -4.969
13644 	 -5.092
13648 	 -4.623
13650 	 -4.461
13656 	 -4.398
13658 	 -4.323
13664 	 -4.344
13674 	 -4.121
13676 	 -4.139
13680 	 -3.906
13688 	 -3.633
13690 	 -3.589
13692 	 -3.576
13694 	 -3.61
13696 	 -3.627
13716 	 -4.115
13718 	 -4.189
13738 	 -4.086
13740 	 -4.272
13752 	 -3.943
13756 	 -3.87
13760 	 -3.85
13766 	 -4.027
13772 	 -4.226
13780 	 -4.067
13782 	 -4.053
13796 	 -3.821
13798 	 -3.855
13806 	 -3.459
13812 	 -3.857
13822 	 -3.181
13824 	 -3.606
13828 	 -3.416
13842 	 -3.229
13848 	 -3.228
13850 	 -3.171
13852 	 -3.29
13854 	 -3.172
13860 	 -3.126
13862 	 -2.944
13864 	 -2.909
13874 	 -2.812
13878 	 -2.739
13890 	 -2.649
13898 	 -2.586
13902 	 -2.476
13906 	 -2.384
13910 	 -2.176
13918 	 -2.247
13932 	 -2.132
13938 	 -2.127
13942 	 -1.986
13950 	 -1.984
13954 	 -1.965
13968 	 -1.522
13978 	 -1.521
13986 	 -1.515
14004 	 -1.626
14010 	 -1.499
14016 	 -1.392
14022 	 -1.363
14030 	 -1.333
14042 	 -1.396
14058 	 -1.391
14064 	 -1.343
14068 	 -1.34
14078 	 -1.337
14084 	 -1.28
14086 	 -1.228
14088 	 -1.32
14106 	 -1.35
14124 	 -1.255
14126 	 -1.254
14130 	 -1.252
14144 	 -1.168
14146 	 -1.058
14148 	 -1.039
14154 	 -1.029
14164 	 -0.921
14170 	 -0.902
14192 	 -0.851
14196 	 -0.811
14200 	 -0.58
14218 	 -0.574
14224 	 -0.553
14236 	 -0.551
14246 	 -0.537
14266 	 -0.411
14280 	 -0.393
14290 	 -0.362
14298 	 -0.352
14302 	 -0.285
14346 	 -0.284
14350 	 -0.237
14384 	 -0.236
14390 	 -0.231
14400 	 -0.226
14426 	 -0.216
14464 	 -0.181
14480 	 -0.173
14534 	 -0.166
14546 	 -0.163
14548 	 -0.159
14720 	 -0.156
15000 	 -1.409
15024 	 -1.547
15050 	 -2.188
15078 	 -2.64
15112 	 -2.872
15158 	 -2.877
15162 	 -2.919
15174 	 -2.872
15186 	 -2.38
15216 	 -2.518
15232 	 -2.342
15238 	 -2.505
15246 	 -2.499
15262 	 -1.87
15268 	 -1.698
15282 	 -1.433
15298 	 -1.087
15310 	 -1.128
15336 	 -1.427
15346 	 -1.375
15352 	 -1.374
15356 	 -1.544
15374 	 -1.159
15400 	 -0.724
15422 	 -0.565
15456 	 -0.301
15470 	 -0.296
15486 	 -0.107
15558 	 -0.04
15568 	 -0.038
15660 	 -0.032
15708 	 -0.026
15778 	 -0.025
15812 	 -0.024
15864 	 -0.019
15888 	 -0.018
15904 	 -0.01
16398 	 -0.009
18000 	 -2.128
18020 	 -2.236
18042 	 -2.716
18064 	 -2.81
18088 	 -2.232
18120 	 -1.658
18154 	 -2.416
18180 	 -2.152
18190 	 -2.608
18234 	 -3.44
18252 	 -3.424
18262 	 -3.238
18270 	 -2.592
18278 	 -2.55
18286 	 -2.456
18296 	 -3.002
18316 	 -3.032
18328 	 -3.276
18336 	 -3.042
18342 	 -3.068
18348 	 -2.674
18360 	 -2.166
18368 	 -1.86
18384 	 -1.874
18402 	 -1.364
18420 	 -0.73
18426 	 -0.642
18434 	 -0.524
18448 	 -0.184
18472 	 -0.154
18552 	 -0.016
18864 	 -0.008
19002 	 0
21000 	 -1.44
21001 	 -1.44
