0 	 0
3000 	 -1.376
3024 	 -1.496
3050 	 -1.88
3062 	 -2.472
3078 	 -3.176
3112 	 -3.62
3158 	 -3.808
3164 	 -3.728
3186 	 -2.828
3198 	 -2.688
3216 	 -1.912
3232 	 -1.736
3238 	 -1.364
3262 	 -0.608
3296 	 -0.264
3400 	 -0.024
3636 	 -0.008
3904 	 0
6000 	 -2.478
6020 	 -2.638
6042 	 -3.286
6064 	 -3.582
6088 	 -3.11
6120 	 -2.686
6138 	 -2.872
6154 	 -3.312
6180 	 -3.048
6190 	 -3.516
6198 	 -3.5
6234 	 -3.9
6284 	 -4.203
6296 	 -4.179
6346 	 -4.159
6360 	 -2.871
6374 	 -2.271
6376 	 -1.719
6424 	 -1.319
6444 	 -0.761
6504 	 -0.637
6506 	 -0.613
6552 	 -0.501
6634 	 -0.359
6704 	 -0.331
6710 	 -0.307
6726 	 -0.295
6728 	 -0.267
6782 	 -0.263
6894 	 -0.165
6990 	 -0.145
6994 	 -0.125
7002 	 -0.093
7272 	 -0.089
7278 	 -0.085
7290 	 -0.073
7324 	 -0.025
9000 	 -1.433
9024 	 -1.537
9050 	 -2.497
9078 	 -3.177
9112 	 -3.761
9158 	 -3.713
9162 	 -3.797
9174 	 -3.705
9186 	 -2.857
9216 	 -3.589
9232 	 -3.413
9238 	 -3.801
9262 	 -1.973
9268 	 -1.305
9298 	 -0.417
9304 	 -0.413
9306 	 -0.409
9334 	 -0.277
9400 	 -0.025
9660 	 -0.009
9904 	 -0.001
12000 	 -2.54
12002 	 -2.421
12004 	 -2.743
12006 	 -3.209
12008 	 -4.881
12010 	 -5.82
12012 	 -6.674
12016 	 -6.934
12018 	 -6.98
12020 	 -7.533
12030 	 -7.601
12032 	 -7.567
12034 	 -7.619
12040 	 -7.841
12042 	 -8.317
12062 	 -8.509
12064 	 -8.585
12070 	 -8.959
12072 	 -9.001
12086 	 -9.226
12088 	 -8.614
12090 	 -8.656
12100 	 -8.769
12120 	 -8.235
12130 	 -8.208
12132 	 -8.498
12148 	 -8.813
12152 	 -8.95
12154 	 -9.986
12156 	 -10.04
12166 	 -9.997
12176 	 -9.949
12178 	 -10.197
12180 	 -9.817
12182 	 -10.225
12184 	 -10.179
12186 	 -10.248
12188 	 -10.391
12190 	 -10.707
12200 	 -10.571
12206 	 -10.596
12210 	 -10.676
12212 	 -11.72
12222 	 -11.613
12226 	 -12.51
12228 	 -12.636
12230 	 -12.681
12234 	 -14.029
12236 	 -13.835
12242 	 -14.045
12250 	 -14.041
12252 	 -13.325
12254 	 -13.123
12256 	 -13.141
12260 	 -12.824
12264 	 -13.137
12266 	 -13.434
12272 	 -13.477
12274 	 -12.225
12278 	 -12.26
12282 	 -12.074
12286 	 -12.039
12288 	 -11.955
12290 	 -11.722
12296 	 -11.819
12300 	 -12.014
12304 	 -11.784
12308 	 -11.769
12310 	 -11.352
12312 	 -11.609
12320 	 -11.611
12324 	 -10.897
12328 	 -10.894
12330 	 -10.884
12332 	 -10.916
12338 	 -10.722
12340 	 -10.629
12344 	 -9.833
12350 	 -9.731
12354 	 -9.548
12358 	 -9.049
12360 	 -8.097
12366 	 -8.053
12372 	 -7.86
12376 	 -7.842
12382 	 -7.845
12386 	 -7.427
12394 	 -7.112
12400 	 -7
12404 	 -6.728
12412 	 -6.417
12420 	 -6.322
12426 	 -6.298
12430 	 -6.231
12432 	 -6.063
12438 	 -5.567
12448 	 -5.46
12456 	 -5.123
12464 	 -5.066
12466 	 -4.97
12470 	 -4.969
12476 	 -5.099
12480 	 -4.933
12492 	 -4.905
12498 	 -4.679
12502 	 -4.867
12508 	 -4.858
12510 	 -4.754
12514 	 -5.119
12516 	 -4.995
12526 	 -5.282
12536 	 -5.278
12552 	 -5.158
12562 	 -5.017
12564 	 -5.011
12570 	 -5.066
12574 	 -6.26
12576 	 -6.24
12578 	 -6.121
12582 	 -5.925
12590 	 -5.895
12592 	 -5.716
12598 	 -5.697
12602 	 -5.479
12604 	 -5.464
12606 	 -5.393
12614 	 -5.302
12618 	 -5.257
12632 	 -5.275
12638 	 -5.164
12640 	 -5.107
12652 	 -5.135
12672 	 -5.054
12674 	 -5.182
12684 	 -5.047
12688 	 -5.054
12712 	 -4.634
12720 	 -4.711
12722 	 -4.729
12732 	 -4.723
12748 	 -4.706
12750 	 -4.72
12756 	 -4.796
12767 	 -5.22
12768 	 -5.331
12770 	 -5.392
12780 	 -5.337
12786 	 -5.84
12794 	 -6.037
12798 	 -6.376
12802 	 -6.327
12820 	 -6.391
12826 	 -6.383
12828 	 -6.348
12834 	 -6.475
12838 	 -6.187
12848 	 -6.651
12852 	 -6.523
12856 	 -6.605
12862 	 -6.518
12868 	 -6.495
12870 	 -6.359
12872 	 -6.247
12874 	 -5.782
12878 	 -5.934
12888 	 -5.95
12894 	 -5.907
12896 	 -5.904
12898 	 -5.888
12908 	 -6.105
12910 	 -5.953
12912 	 -5.441
12916 	 -5.367
12918 	 -5.472
12922 	 -5.406
12932 	 -5.353
12936 	 -5.52
12942 	 -5.396
12944 	 -5.425
12952 	 -5.27
12954 	 -5.264
12962 	 -5.178
12964 	 -5.171
12966 	 -5.28
12970 	 -5.051
12972 	 -4.958
12974 	 -5.045
12980 	 -5.058
12982 	 -4.977
12984 	 -5.22
12990 	 -5.214
12996 	 -5.185
12998 	 -5.192
13002 	 -5.183
13004 	 -5.298
13006 	 -5.461
13010 	 -5.476
13012 	 -5.458
13016 	 -5.374
13018 	 -5.513
13034 	 -5.367
13036 	 -5.531
13040 	 -5.504
13042 	 -5.464
13048 	 -5.87
13052 	 -6.404
13062 	 -6.403
13064 	 -6.711
13070 	 -6.614
13080 	 -6.608
13082 	 -6.967
13088 	 -7.015
13090 	 -6.959
13096 	 -6.779
13102 	 -6.753
13104 	 -6.67
13108 	 -6.708
13112 	 -6.483
13114 	 -6.455
13124 	 -6.35
13126 	 -6.303
13128 	 -6.327
13138 	 -6.494
13146 	 -6.333
13150 	 -6.119
13154 	 -6.085
13156 	 -5.898
13158 	 -5.893
13164 	 -6.112
13166 	 -6.111
13168 	 -5.819
13170 	 -5.806
13174 	 -5.795
13178 	 -5.673
13186 	 -5.719
13188 	 -5.244
13192 	 -5.112
13194 	 -5.273
13198 	 -5.094
13202 	 -5.081
13204 	 -4.755
13206 	 -4.805
13210 	 -4.907
13212 	 -4.82
13214 	 -4.801
13220 	 -4.792
13226 	 -4.839
13234 	 -4.837
13246 	 -4.761
13250 	 -3.805
13258 	 -3.968
13262 	 -4.141
13294 	 -4.199
13296 	 -4.265
13298 	 -4.527
13306 	 -4.5
13310 	 -4.561
13312 	 -4.623
13318 	 -4.594
13328 	 -4.56
13330 	 -4.593
13338 	 -4.634
13342 	 -4.624
13346 	 -4.619
13352 	 -4.662
13362 	 -4.709
13374 	 -5.289
13378 	 -5.316
13382 	 -5.275
13396 	 -5.154
13412 	 -5.238
13418 	 -5.133
13420 	 -4.889
13424 	 -4.423
13432 	 -4.409
13438 	 -4.425
13440 	 -4.451
13446 	 -4.577
13448 	 -4.593
13454 	 -4.22
13456 	 -4.2
13460 	 -4.194
13470 	 -4.149
13474 	 -4.136
13476 	 -4.115
13482 	 -4.175
13484 	 -4.169
13502 	 -4.06
13508 	 -3.769
13514 	 -3.839
13516 	 -3.872
13524 	 -4.036
13526 	 -4.009
13536 	 -4.038
13542 	 -4.5
13546 	 -4.486
13550 	 -4.516
13556 	 -4.474
13560 	 -4.473
13578 	 -4.539
13580 	 -4.625
13582 	 -4.576
13586 	 -4.697
13594 	 -4.784
13614 	 -4.733
13634 	 -4.732
13638 	 -4.621
13648 	 -3.497
13650 	 -3.494
13668 	 -3.459
13670 	 -3.433
13672 	 -3.498
13674 	 -3.564
13676 	 -3.417
13678 	 -3.397
13686 	 -3.432
13690 	 -3.425
13692 	 -3.416
13708 	 -3.553
13710 	 -3.639
13712 	 -3.666
13714 	 -3.752
13718 	 -3.61
13726 	 -3.609
13728 	 -3.581
13732 	 -3.53
13740 	 -3.47
13746 	 -3.495
13748 	 -3.457
13752 	 -3.535
13758 	 -3.514
13760 	 -3.481
13762 	 -3.501
13768 	 -3.489
13770 	 -3.528
13776 	 -3.664
13778 	 -3.684
13780 	 -3.525
13786 	 -3.609
13790 	 -3.686
13796 	 -3.677
13802 	 -3.678
13804 	 -3.858
13806 	 -3.84
13816 	 -3.852
13820 	 -3.99
13824 	 -4.084
13832 	 -3.95
13842 	 -3.99
13846 	 -4.047
13848 	 -4.046
13852 	 -4.003
13854 	 -3.643
13862 	 -3.64
13864 	 -3.605
13866 	 -3.636
13870 	 -3.637
13874 	 -3.281
13876 	 -3.27
13890 	 -3.05
13892 	 -3.031
13902 	 -3.027
13904 	 -2.853
13908 	 -2.797
13910 	 -2.51
13912 	 -2.466
13914 	 -2.431
13920 	 -2.268
13924 	 -2.262
13934 	 -2.36
13938 	 -2.329
13942 	 -2.134
13946 	 -2.094
13952 	 -2.072
13956 	 -1.917
13960 	 -1.912
13966 	 -1.895
13970 	 -1.89
13972 	 -1.645
13974 	 -1.442
13978 	 -1.424
13986 	 -1.414
13988 	 -1.391
13990 	 -1.308
13994 	 -1.292
13996 	 -1.287
14002 	 -1.275
14006 	 -1.108
14008 	 -1.074
14010 	 -1.045
14014 	 -0.99
14022 	 -0.968
14024 	 -0.953
14026 	 -0.952
14028 	 -0.892
14038 	 -0.888
14040 	 -0.667
14042 	 -0.642
14044 	 -0.641
14056 	 -0.631
14058 	 -0.609
14060 	 -0.604
14068 	 -0.568
14072 	 -0.561
14074 	 -0.56
14082 	 -0.552
14084 	 -0.515
14114 	 -0.496
14120 	 -0.472
14126 	 -0.461
14132 	 -0.447
14138 	 -0.444
14146 	 -0.334
14152 	 -0.282
14178 	 -0.239
14206 	 -0.231
14218 	 -0.221
14222 	 -0.216
14236 	 -0.214
14246 	 -0.207
14252 	 -0.205
14256 	 -0.19
14280 	 -0.186
14302 	 -0.177
14356 	 -0.167
14448 	 -0.166
14450 	 -0.164
14500 	 -0.152
14510 	 -0.15
14554 	 -0.148
15000 	 -1.402
15024 	 -1.542
15050 	 -2.467
15078 	 -3.171
15112 	 -3.797
15158 	 -3.714
15162 	 -3.796
15174 	 -3.7
15186 	 -2.727
15216 	 -3.743
15232 	 -3.567
15238 	 -3.823
15262 	 -1.965
15268 	 -1.621
15282 	 -1.093
15298 	 -0.399
15346 	 -0.295
15352 	 -0.294
15400 	 -0.042
15470 	 -0.036
15568 	 -0.034
15660 	 -0.022
15904 	 -0.014
16124 	 -0.013
16500 	 -0.012
18000 	 -2.128
18020 	 -2.236
18042 	 -2.716
18064 	 -2.816
18088 	 -2.204
18120 	 -1.536
18154 	 -2.816
18180 	 -2.552
18190 	 -3.132
18234 	 -4.632
18252 	 -4.6
18270 	 -3.308
18278 	 -3.224
18286 	 -3.036
18296 	 -2.844
18316 	 -2.904
18336 	 -2.436
18342 	 -2.368
18348 	 -1.58
18360 	 -0.44
18402 	 -0.136
18552 	 -0.016
19002 	 0
21000 	 -1.44
21001 	 -1.44
