0 	 0
3000 	 -1.376
3024 	 -1.496
3050 	 -1.88
3062 	 -2.472
3078 	 -3.176
3112 	 -3.62
3158 	 -3.808
3164 	 -3.728
3186 	 -2.828
3198 	 -2.688
3216 	 -1.912
3232 	 -1.736
3238 	 -1.364
3262 	 -0.608
3296 	 -0.264
3400 	 -0.024
3636 	 -0.008
3904 	 0
6000 	 -2.478
6020 	 -2.638
6042 	 -3.286
6064 	 -3.582
6088 	 -3.11
6120 	 -2.686
6138 	 -2.872
6154 	 -3.312
6180 	 -3.048
6190 	 -3.516
6198 	 -3.5
6234 	 -3.9
6284 	 -4.203
6296 	 -4.179
6346 	 -4.159
6360 	 -2.871
6374 	 -2.271
6376 	 -1.719
6424 	 -1.319
6444 	 -0.761
6504 	 -0.637
6506 	 -0.613
6552 	 -0.501
6634 	 -0.359
6704 	 -0.331
6710 	 -0.307
6726 	 -0.295
6728 	 -0.267
6782 	 -0.263
6894 	 -0.165
6990 	 -0.145
6994 	 -0.125
7002 	 -0.093
7272 	 -0.089
7278 	 -0.085
7290 	 -0.073
7324 	 -0.025
9000 	 -1.433
9024 	 -1.537
9050 	 -2.497
9078 	 -3.177
9112 	 -3.761
9158 	 -3.713
9162 	 -3.797
9174 	 -3.705
9186 	 -2.857
9216 	 -3.589
9232 	 -3.413
9238 	 -3.801
9262 	 -1.973
9268 	 -1.305
9298 	 -0.417
9304 	 -0.413
9306 	 -0.409
9334 	 -0.277
9400 	 -0.025
9660 	 -0.009
9904 	 -0.001
12000 	 -2.554
12002 	 -2.49
12004 	 -3.132
12006 	 -3.809
12008 	 -4.747
12010 	 -5.254
12012 	 -5.673
12016 	 -5.801
12020 	 -6.134
12030 	 -6.202
12032 	 -6.01
12040 	 -6.097
12042 	 -6.573
12048 	 -6.37
12064 	 -6.47
12070 	 -6.441
12072 	 -6.483
12088 	 -5.871
12100 	 -5.932
12102 	 -5.827
12108 	 -5.881
12120 	 -5.353
12130 	 -5.142
12148 	 -5.457
12154 	 -6.493
12160 	 -6.58
12162 	 -6.553
12168 	 -6.868
12178 	 -7.176
12180 	 -6.912
12182 	 -7.442
12190 	 -7.758
12198 	 -7.706
12200 	 -7.739
12208 	 -7.917
12212 	 -8.961
12226 	 -9.851
12230 	 -10.1
12234 	 -11.448
12248 	 -11.796
12252 	 -11.08
12254 	 -10.979
12260 	 -10.749
12266 	 -11.175
12274 	 -9.923
12282 	 -9.766
12286 	 -9.885
12290 	 -9.613
12292 	 -9.32
12296 	 -9.417
12300 	 -9.561
12304 	 -9.517
12322 	 -9.588
12324 	 -8.984
12332 	 -9.016
12334 	 -9.172
12338 	 -8.92
12344 	 -8.124
12354 	 -8.057
12358 	 -7.477
12360 	 -6.525
12364 	 -6.522
12378 	 -6.642
12380 	 -6.575
12382 	 -6.567
12386 	 -6.34
12388 	 -6.336
12398 	 -6.449
12400 	 -6.337
12402 	 -6.303
12404 	 -6.031
12406 	 -6.001
12410 	 -5.896
12412 	 -5.585
12418 	 -5.582
12420 	 -5.487
12426 	 -5.463
12430 	 -5.396
12437 	 -5.616
12438 	 -5.315
12448 	 -5.208
12452 	 -5.335
12466 	 -5.404
12470 	 -5.547
12476 	 -5.78
12480 	 -5.614
12488 	 -5.58
12490 	 -5.752
12492 	 -5.724
12504 	 -5.653
12508 	 -5.644
12516 	 -5.743
12526 	 -5.704
12540 	 -6.164
12550 	 -6.11
12552 	 -5.99
12562 	 -6.105
12570 	 -6.099
12574 	 -7.408
12578 	 -7.391
12586 	 -7.06
12592 	 -6.881
12594 	 -7.039
12598 	 -7.02
12602 	 -6.965
12604 	 -6.955
12606 	 -6.884
12618 	 -6.795
12632 	 -6.813
12636 	 -7.099
12638 	 -6.988
12640 	 -6.931
12642 	 -6.838
12648 	 -6.836
12656 	 -6.978
12660 	 -7.124
12664 	 -7.14
12672 	 -7.058
12680 	 -7.013
12688 	 -7.02
12692 	 -7.006
12694 	 -6.994
12704 	 -6.428
12712 	 -5.926
12732 	 -5.92
12736 	 -6.058
12742 	 -6.054
12748 	 -6.037
12756 	 -6.021
12764 	 -5.994
12768 	 -6.813
12770 	 -6.845
12772 	 -6.833
12776 	 -6.823
12782 	 -6.731
12786 	 -7.101
12802 	 -7.094
12804 	 -7.046
12816 	 -7.248
12822 	 -7.026
12828 	 -6.991
12832 	 -6.985
12834 	 -6.839
12838 	 -6.865
12840 	 -6.906
12868 	 -6.872
12874 	 -6.841
12896 	 -6.043
12904 	 -6.202
12916 	 -6.306
12918 	 -6.302
12924 	 -6.331
12926 	 -6.237
12928 	 -6.18
12942 	 -6.056
12946 	 -5.958
12964 	 -5.909
12966 	 -6.091
12982 	 -5.887
12984 	 -5.804
12990 	 -5.78
12996 	 -5.764
13000 	 -5.622
13002 	 -5.608
13006 	 -5.617
13008 	 -5.58
13010 	 -5.654
13012 	 -5.636
13016 	 -5.51
13028 	 -5.452
13034 	 -6.282
13036 	 -6.281
13042 	 -6.233
13044 	 -6.551
13052 	 -6.515
13058 	 -6.852
13060 	 -6.828
13066 	 -6.667
13068 	 -6.693
13072 	 -6.658
13076 	 -6.754
13084 	 -6.638
13086 	 -6.603
13088 	 -6.864
13096 	 -6.445
13100 	 -6.468
13104 	 -6.416
13108 	 -6.409
13110 	 -6.791
13114 	 -6.765
13116 	 -6.836
13128 	 -6.662
13132 	 -6.678
13134 	 -6.783
13138 	 -6.561
13150 	 -6.485
13152 	 -6.453
13158 	 -6.426
13162 	 -6.339
13168 	 -6.269
13174 	 -6.346
13190 	 -5.662
13208 	 -5.616
13212 	 -5.726
13220 	 -5.717
13230 	 -5.651
13234 	 -5.649
13238 	 -5.631
13246 	 -5.653
13250 	 -4.781
13262 	 -4.484
13270 	 -4.343
13272 	 -4.351
13282 	 -4.203
13286 	 -4.454
13294 	 -4.416
13302 	 -4.364
13304 	 -4.346
13306 	 -4.962
13318 	 -4.948
13324 	 -5.105
13328 	 -4.922
13330 	 -4.944
13340 	 -4.697
13342 	 -4.679
13346 	 -4.674
13348 	 -4.603
13352 	 -4.578
13356 	 -4.637
13360 	 -4.592
13368 	 -4.324
13370 	 -4.459
13376 	 -4.43
13378 	 -4.329
13386 	 -4.392
13394 	 -4.367
13396 	 -4.436
13398 	 -4.189
13410 	 -3.961
13418 	 -3.93
13424 	 -3.081
13426 	 -3.006
13436 	 -3.002
13448 	 -2.875
13450 	 -2.9
13454 	 -2.899
13456 	 -3.002
13462 	 -2.808
13464 	 -2.961
13466 	 -2.859
13476 	 -2.94
13480 	 -2.868
13490 	 -2.861
13492 	 -2.91
13496 	 -2.985
13502 	 -2.789
13508 	 -2.701
13526 	 -2.663
13530 	 -2.732
13532 	 -2.678
13556 	 -2.591
13558 	 -2.581
13570 	 -2.621
13578 	 -2.507
13580 	 -2.487
13592 	 -2.217
13602 	 -2.263
13618 	 -2.322
13628 	 -2.379
13634 	 -2.378
13636 	 -2.44
13638 	 -2.317
13648 	 -2.283
13650 	 -2.278
13652 	 -2.311
13666 	 -1.797
13676 	 -1.764
13678 	 -1.909
13682 	 -1.883
13690 	 -1.912
13700 	 -1.847
13708 	 -1.844
13710 	 -1.816
13712 	 -1.797
13716 	 -1.791
13720 	 -1.723
13740 	 -1.869
13746 	 -1.851
13754 	 -1.722
13760 	 -1.702
13762 	 -1.533
13780 	 -1.374
13814 	 -1.36
13822 	 -1.252
13834 	 -1.23
13836 	 -1.212
13854 	 -1.094
13858 	 -1.031
13864 	 -0.996
13866 	 -0.781
13886 	 -0.764
13908 	 -0.72
13918 	 -0.533
13942 	 -0.467
13948 	 -0.466
13956 	 -0.459
13978 	 -0.458
13982 	 -0.433
13994 	 -0.412
14000 	 -0.405
14002 	 -0.348
14018 	 -0.342
14026 	 -0.315
14028 	 -0.309
14030 	 -0.302
14034 	 -0.296
14040 	 -0.289
14058 	 -0.284
14074 	 -0.283
14082 	 -0.278
14146 	 -0.168
14152 	 -0.166
14216 	 -0.158
14236 	 -0.155
14254 	 -0.139
14260 	 -0.137
14266 	 -0.135
14316 	 -0.134
14358 	 -0.132
14372 	 -0.131
14430 	 -0.128
15000 	 -1.397
15024 	 -1.528
15050 	 -2.038
15078 	 -2.361
15112 	 -2.397
15158 	 -2.373
15162 	 -2.393
15174 	 -2.369
15186 	 -1.977
15216 	 -1.789
15232 	 -1.613
15238 	 -1.677
15262 	 -1.417
15268 	 -1.331
15282 	 -1.199
15298 	 -1.025
15310 	 -1.065
15336 	 -1.365
15346 	 -1.339
15352 	 -1.338
15356 	 -1.505
15374 	 -1.126
15400 	 -0.719
15422 	 -0.559
15456 	 -0.297
15470 	 -0.292
15486 	 -0.102
15558 	 -0.032
15568 	 -0.029
15614 	 -0.028
15660 	 -0.025
15864 	 -0.017
15904 	 -0.009
15990 	 -0.008
16052 	 -0.007
18000 	 -2.128
18020 	 -2.227
18042 	 -2.675
18064 	 -2.726
18088 	 -2.125
18120 	 -1.552
18154 	 -1.968
18180 	 -1.704
18190 	 -1.963
18234 	 -2.362
18252 	 -2.354
18262 	 -2.168
18270 	 -1.845
18278 	 -1.824
18286 	 -1.777
18296 	 -2.335
18316 	 -2.35
18328 	 -2.594
18336 	 -2.477
18342 	 -2.52
18348 	 -2.323
18360 	 -2.064
18368 	 -1.758
18384 	 -1.772
18402 	 -1.338
18420 	 -0.704
18426 	 -0.616
18434 	 -0.498
18448 	 -0.158
18472 	 -0.128
18552 	 -0.012
18864 	 -0.004
19002 	 0
21000 	 -1.44
21001 	 -1.44
