0 	 0
3000 	 -1.376
3024 	 -1.496
3050 	 -1.88
3062 	 -2.472
3078 	 -3.176
3112 	 -3.62
3158 	 -3.808
3164 	 -3.728
3186 	 -2.828
3198 	 -2.688
3216 	 -1.912
3232 	 -1.736
3238 	 -1.364
3262 	 -0.608
3296 	 -0.264
3400 	 -0.024
3636 	 -0.008
3904 	 0
6000 	 -2.478
6020 	 -2.638
6042 	 -3.286
6064 	 -3.582
6088 	 -3.11
6120 	 -2.686
6138 	 -2.872
6154 	 -3.312
6180 	 -3.048
6190 	 -3.516
6198 	 -3.5
6234 	 -3.9
6284 	 -4.203
6296 	 -4.179
6346 	 -4.159
6360 	 -2.871
6374 	 -2.271
6376 	 -1.719
6424 	 -1.319
6444 	 -0.761
6504 	 -0.637
6506 	 -0.613
6552 	 -0.501
6634 	 -0.359
6704 	 -0.331
6710 	 -0.307
6726 	 -0.295
6728 	 -0.267
6782 	 -0.263
6894 	 -0.165
6990 	 -0.145
6994 	 -0.125
7002 	 -0.093
7272 	 -0.089
7278 	 -0.085
7290 	 -0.073
7324 	 -0.025
9000 	 -1.433
9024 	 -1.537
9050 	 -2.497
9078 	 -3.177
9112 	 -3.761
9158 	 -3.713
9162 	 -3.797
9174 	 -3.705
9186 	 -2.857
9216 	 -3.589
9232 	 -3.413
9238 	 -3.801
9262 	 -1.973
9268 	 -1.305
9298 	 -0.417
9304 	 -0.413
9306 	 -0.409
9334 	 -0.277
9400 	 -0.025
9660 	 -0.009
9904 	 -0.001
12000 	 -2.54
12002 	 -2.421
12004 	 -2.703
12006 	 -3.169
12008 	 -4.424
12010 	 -5.363
12012 	 -6.006
12016 	 -6.266
12018 	 -6.312
12020 	 -6.758
12030 	 -6.826
12032 	 -6.792
12034 	 -6.851
12040 	 -7.045
12042 	 -7.521
12062 	 -7.739
12064 	 -7.815
12070 	 -8.174
12072 	 -8.216
12088 	 -7.604
12090 	 -7.694
12100 	 -7.751
12114 	 -7.892
12120 	 -7.272
12130 	 -7.033
12148 	 -7.348
12154 	 -8.384
12156 	 -8.507
12166 	 -8.591
12176 	 -8.642
12178 	 -8.863
12180 	 -8.599
12182 	 -9.129
12184 	 -8.981
12186 	 -9.173
12190 	 -9.489
12192 	 -9.432
12200 	 -9.386
12208 	 -9.564
12210 	 -9.765
12212 	 -10.809
12222 	 -10.702
12226 	 -12.072
12230 	 -11.923
12234 	 -13.271
12236 	 -13.378
12242 	 -13.307
12244 	 -13.571
12248 	 -13.523
12252 	 -12.768
12254 	 -12.566
12260 	 -12.403
12264 	 -12.16
12266 	 -12.548
12274 	 -11.296
12276 	 -11.403
12280 	 -11.22
12282 	 -10.923
12286 	 -11.042
12290 	 -10.77
12296 	 -10.867
12300 	 -11.011
12304 	 -10.583
12308 	 -10.568
12320 	 -10.57
12322 	 -10.401
12324 	 -9.797
12330 	 -9.901
12332 	 -9.787
12334 	 -9.785
12338 	 -9.533
12340 	 -9.567
12344 	 -8.771
12346 	 -8.76
12356 	 -8.708
12358 	 -7.965
12360 	 -7.013
12362 	 -6.948
12374 	 -7.033
12380 	 -6.733
12382 	 -6.725
12386 	 -6.309
12392 	 -6.324
12396 	 -6.228
12400 	 -6.116
12404 	 -5.844
12406 	 -5.814
12412 	 -5.503
12420 	 -5.408
12426 	 -5.384
12430 	 -5.317
12432 	 -5.138
12437 	 -5.358
12438 	 -5.147
12448 	 -5.04
12456 	 -4.945
12466 	 -4.979
12470 	 -4.978
12476 	 -5.149
12480 	 -4.983
12492 	 -4.955
12496 	 -4.706
12508 	 -4.697
12510 	 -4.703
12516 	 -4.802
12532 	 -4.793
12540 	 -4.937
12550 	 -4.829
12552 	 -4.685
12558 	 -4.632
12562 	 -4.758
12574 	 -5.755
12576 	 -5.674
12578 	 -5.655
12586 	 -5.479
12588 	 -5.478
12592 	 -5.333
12594 	 -5.586
12598 	 -5.567
12604 	 -5.488
12606 	 -5.417
12618 	 -5.444
12622 	 -5.429
12630 	 -5.389
12632 	 -5.407
12638 	 -5.774
12640 	 -5.728
12648 	 -5.858
12650 	 -6.101
12656 	 -6.093
12664 	 -5.973
12666 	 -5.9
12672 	 -5.872
12688 	 -5.879
12692 	 -5.651
12712 	 -5.133
12732 	 -5.127
12738 	 -4.963
12748 	 -4.946
12768 	 -5.031
12770 	 -5.092
12782 	 -5.189
12790 	 -5.358
12802 	 -5.47
12814 	 -5.468
12826 	 -5.795
12828 	 -5.767
12840 	 -5.8
12868 	 -5.766
12874 	 -5.837
12882 	 -5.821
12892 	 -6.31
12896 	 -6.487
12902 	 -6.552
12906 	 -7.573
12908 	 -7.557
12916 	 -7.483
12920 	 -7.447
12924 	 -7.581
12934 	 -7.868
12942 	 -7.744
12944 	 -7.551
12952 	 -7.965
12956 	 -8.21
12964 	 -8.102
12966 	 -8.211
12968 	 -8.176
12976 	 -7.796
12982 	 -7.71
12984 	 -7.444
12990 	 -7.438
12992 	 -7.593
12994 	 -7.69
12996 	 -7.674
13000 	 -7.511
13002 	 -7.582
13004 	 -7.701
13006 	 -7.785
13008 	 -7.58
13010 	 -7.595
13012 	 -7.577
13016 	 -7.476
13026 	 -7.335
13030 	 -6.555
13032 	 -6.573
13034 	 -6.897
13036 	 -6.858
13042 	 -6.807
13044 	 -6.942
13046 	 -6.873
13052 	 -6.728
13054 	 -6.881
13058 	 -6.858
13062 	 -6.857
13068 	 -6.768
13070 	 -6.81
13076 	 -6.64
13082 	 -6.638
13084 	 -6.636
13090 	 -6.516
13092 	 -6.537
13096 	 -6.4
13100 	 -6.676
13102 	 -6.564
13104 	 -6.492
13106 	 -6.502
13114 	 -6.476
13124 	 -6.512
13128 	 -6.519
13136 	 -7.005
13140 	 -6.937
13142 	 -7.02
13148 	 -7.308
13150 	 -7.221
13158 	 -7.089
13160 	 -7.259
13162 	 -7.363
13168 	 -7.293
13172 	 -7.304
13180 	 -7.315
13186 	 -7.3
13192 	 -7.249
13194 	 -6.909
13198 	 -6.965
13200 	 -7.117
13204 	 -7.125
13208 	 -7.249
13212 	 -7.229
13220 	 -7.257
13230 	 -7.287
13234 	 -7.102
13240 	 -7.032
13250 	 -5.985
13254 	 -5.943
13258 	 -5.841
13260 	 -5.713
13268 	 -5.656
13278 	 -5.668
13280 	 -5.605
13282 	 -4.703
13288 	 -4.699
13290 	 -4.73
13304 	 -4.76
13308 	 -4.676
13314 	 -4.631
13316 	 -4.761
13318 	 -4.676
13322 	 -4.615
13328 	 -4.588
13334 	 -4.609
13340 	 -4.647
13344 	 -4.646
13346 	 -4.637
13348 	 -4.579
13352 	 -4.743
13358 	 -4.707
13360 	 -4.662
13374 	 -4.643
13384 	 -4.527
13392 	 -4.579
13396 	 -4.573
13398 	 -4.447
13402 	 -4.435
13404 	 -4.406
13408 	 -4.457
13414 	 -4.456
13420 	 -4.451
13422 	 -4.414
13424 	 -3.948
13434 	 -3.781
13442 	 -3.829
13444 	 -3.836
13448 	 -3.821
13458 	 -3.947
13462 	 -3.8
13466 	 -3.769
13470 	 -3.429
13480 	 -3.358
13486 	 -3.331
13492 	 -3.355
13494 	 -3.448
13506 	 -3.263
13508 	 -3.241
13526 	 -3.21
13528 	 -3.239
13532 	 -3.285
13542 	 -3.323
13544 	 -3.339
13550 	 -3.281
13562 	 -3.247
13566 	 -3.27
13572 	 -3.297
13584 	 -3.124
13592 	 -3.114
13602 	 -3.293
13612 	 -3.115
13616 	 -3.174
13618 	 -2.873
13622 	 -2.852
13628 	 -2.835
13634 	 -2.834
13638 	 -2.51
13642 	 -2.59
13648 	 -2.552
13650 	 -2.547
13652 	 -2.526
13654 	 -2.524
13658 	 -2.447
13662 	 -2.446
13670 	 -2.379
13682 	 -2.298
13686 	 -2.231
13698 	 -2.23
13704 	 -2.237
13706 	 -2.166
13712 	 -2.153
13718 	 -2.15
13724 	 -2.114
13736 	 -2.074
13738 	 -2.094
13744 	 -2.092
13760 	 -2.076
13762 	 -2.067
13776 	 -2.057
13780 	 -1.898
13786 	 -1.864
13788 	 -2.02
13792 	 -2.173
13794 	 -2.166
13812 	 -2.05
13813 	 -2.304
13818 	 -2.303
13820 	 -2.078
13822 	 -2.064
13834 	 -2.026
13838 	 -2.03
13854 	 -2.363
13858 	 -2.361
13864 	 -2.326
13866 	 -2.324
13878 	 -2.439
13884 	 -2.245
13890 	 -2.218
13916 	 -2.188
13922 	 -2.416
13934 	 -2.412
13938 	 -2.403
13942 	 -2.394
13946 	 -2.532
13948 	 -2.49
13956 	 -2.383
13960 	 -2.316
13968 	 -2.186
13978 	 -2.185
13988 	 -2.176
13992 	 -1.807
14002 	 -1.796
14004 	 -1.693
14012 	 -1.66
14018 	 -1.53
14030 	 -1.426
14032 	 -1.325
14034 	 -1.589
14038 	 -1.613
14040 	 -1.522
14046 	 -1.518
14054 	 -1.516
14058 	 -1.512
14062 	 -1.78
14072 	 -1.933
14086 	 -2.111
14090 	 -2.29
14094 	 -2.517
14098 	 -2.515
14100 	 -2.404
14106 	 -2.526
14110 	 -2.422
14120 	 -2.652
14130 	 -2.65
14146 	 -2.144
14152 	 -2.197
14154 	 -2.196
14170 	 -2.108
14172 	 -2.114
14176 	 -2.1
14194 	 -1.781
14200 	 -1.764
14210 	 -1.588
14226 	 -1.5
14228 	 -1.489
14236 	 -1.468
14246 	 -1.301
14250 	 -1.335
14258 	 -1.259
14274 	 -1.166
14278 	 -1.061
14288 	 -1.016
14290 	 -1.059
14306 	 -1.062
14322 	 -0.946
14326 	 -1
14348 	 -0.755
14354 	 -0.817
14376 	 -0.804
14384 	 -0.636
14394 	 -0.601
14398 	 -0.6
14400 	 -0.576
14404 	 -0.44
14406 	 -0.396
14426 	 -0.365
14442 	 -0.287
14450 	 -0.286
14464 	 -0.285
14466 	 -0.242
14474 	 -0.226
14546 	 -0.214
14554 	 -0.198
14564 	 -0.196
14570 	 -0.19
14608 	 -0.179
14636 	 -0.166
14730 	 -0.163
15000 	 -1.408
15024 	 -1.538
15050 	 -2.192
15078 	 -2.639
15112 	 -2.878
15158 	 -2.956
15162 	 -2.997
15174 	 -2.95
15186 	 -2.505
15216 	 -2.709
15232 	 -2.533
15238 	 -2.663
15252 	 -2.659
15262 	 -2.28
15268 	 -2.107
15282 	 -1.843
15298 	 -1.497
15308 	 -1.515
15310 	 -1.556
15334 	 -1.705
15336 	 -2.003
15346 	 -1.951
15352 	 -1.949
15354 	 -2.033
15356 	 -2.203
15372 	 -2.005
15374 	 -1.625
15400 	 -1.059
15422 	 -0.811
15456 	 -0.549
15460 	 -0.402
15470 	 -0.398
15486 	 -0.208
15492 	 -0.138
15558 	 -0.068
15568 	 -0.065
15574 	 -0.036
15660 	 -0.03
15864 	 -0.022
15904 	 -0.014
15916 	 -0.011
16338 	 -0.01
18000 	 -2.128
18020 	 -2.245
18042 	 -2.757
18064 	 -2.891
18088 	 -2.353
18120 	 -1.825
18154 	 -2.664
18180 	 -2.4
18190 	 -2.991
18234 	 -3.922
18252 	 -3.906
18262 	 -3.626
18270 	 -2.98
18278 	 -2.938
18286 	 -2.844
18296 	 -3.748
18316 	 -3.778
18328 	 -4.144
18336 	 -3.91
18342 	 -3.966
18348 	 -3.572
18360 	 -3.131
18368 	 -2.672
18384 	 -2.693
18402 	 -2.004
18420 	 -1.053
18426 	 -0.921
18434 	 -0.744
18448 	 -0.234
18472 	 -0.189
18552 	 -0.02
18864 	 -0.008
19002 	 0
21000 	 -1.44
21001 	 -1.44
