0 	 0
3000 	 -1.376
3024 	 -1.496
3050 	 -1.88
3062 	 -2.472
3078 	 -3.176
3112 	 -3.62
3158 	 -3.808
3164 	 -3.728
3186 	 -2.828
3198 	 -2.688
3216 	 -1.912
3232 	 -1.736
3238 	 -1.364
3262 	 -0.608
3296 	 -0.264
3400 	 -0.024
3636 	 -0.008
3904 	 0
6000 	 -2.478
6020 	 -2.638
6042 	 -3.286
6064 	 -3.582
6088 	 -3.11
6120 	 -2.686
6138 	 -2.872
6154 	 -3.312
6180 	 -3.048
6190 	 -3.516
6198 	 -3.5
6234 	 -3.9
6284 	 -4.203
6296 	 -4.179
6346 	 -4.159
6360 	 -2.871
6374 	 -2.271
6376 	 -1.719
6424 	 -1.319
6444 	 -0.761
6504 	 -0.637
6506 	 -0.613
6552 	 -0.501
6634 	 -0.359
6704 	 -0.331
6710 	 -0.307
6726 	 -0.295
6728 	 -0.267
6782 	 -0.263
6894 	 -0.165
6990 	 -0.145
6994 	 -0.125
7002 	 -0.093
7272 	 -0.089
7278 	 -0.085
7290 	 -0.073
7324 	 -0.025
9000 	 -1.433
9024 	 -1.537
9050 	 -2.497
9078 	 -3.177
9112 	 -3.761
9158 	 -3.713
9162 	 -3.797
9174 	 -3.705
9186 	 -2.857
9216 	 -3.589
9232 	 -3.413
9238 	 -3.801
9262 	 -1.973
9268 	 -1.305
9298 	 -0.417
9304 	 -0.413
9306 	 -0.409
9334 	 -0.277
9400 	 -0.025
9660 	 -0.009
9904 	 -0.001
12000 	 -2.554
12002 	 -2.49
12004 	 -3.132
12006 	 -3.809
12008 	 -4.747
12010 	 -5.254
12012 	 -5.673
12016 	 -5.801
12020 	 -6.134
12030 	 -6.202
12032 	 -6.009
12040 	 -6.115
12042 	 -6.591
12048 	 -6.356
12064 	 -6.456
12070 	 -6.435
12072 	 -6.477
12088 	 -5.865
12100 	 -5.995
12102 	 -5.87
12120 	 -5.342
12130 	 -5.296
12148 	 -5.611
12154 	 -6.647
12162 	 -6.62
12178 	 -7.048
12180 	 -6.784
12182 	 -7.314
12186 	 -7.366
12190 	 -7.682
12198 	 -7.652
12200 	 -7.696
12206 	 -7.686
12208 	 -7.864
12212 	 -8.908
12226 	 -9.798
12230 	 -9.908
12234 	 -11.256
12252 	 -10.54
12254 	 -10.439
12256 	 -10.587
12260 	 -10.27
12264 	 -10.643
12266 	 -11.069
12274 	 -9.817
12282 	 -9.66
12286 	 -9.882
12290 	 -9.61
12296 	 -9.707
12300 	 -9.851
12304 	 -9.621
12312 	 -9.652
12322 	 -9.723
12324 	 -9.12
12332 	 -9.167
12334 	 -9.269
12338 	 -9.017
12344 	 -8.221
12350 	 -8.225
12354 	 -8.184
12358 	 -7.604
12360 	 -6.652
12364 	 -6.72
12368 	 -6.689
12372 	 -6.674
12382 	 -6.569
12386 	 -6.287
12394 	 -6.221
12400 	 -6.109
12404 	 -5.837
12406 	 -5.807
12410 	 -5.794
12412 	 -5.483
12420 	 -5.388
12426 	 -5.364
12430 	 -5.297
12437 	 -5.517
12438 	 -5.761
12448 	 -5.654
12452 	 -5.52
12464 	 -5.458
12466 	 -5.469
12470 	 -5.468
12476 	 -5.646
12480 	 -5.45
12482 	 -5.402
12492 	 -5.412
12502 	 -5.404
12508 	 -5.395
12516 	 -5.494
12528 	 -5.388
12540 	 -5.521
12542 	 -5.427
12548 	 -5.395
12552 	 -5.275
12562 	 -5.414
12564 	 -5.408
12566 	 -5.375
12574 	 -6.697
12576 	 -6.677
12578 	 -6.663
12584 	 -6.643
12592 	 -6.558
12594 	 -6.717
12596 	 -7.024
12598 	 -7.005
12604 	 -6.995
12606 	 -6.924
12610 	 -6.863
12618 	 -6.795
12632 	 -6.729
12638 	 -6.618
12640 	 -6.561
12648 	 -6.706
12662 	 -6.88
12664 	 -6.76
12666 	 -6.62
12672 	 -6.578
12678 	 -6.636
12682 	 -6.515
12688 	 -6.522
12712 	 -5.938
12732 	 -5.932
12736 	 -6.021
12742 	 -6.017
12748 	 -6.132
12758 	 -6.478
12760 	 -6.464
12768 	 -6.851
12770 	 -6.986
12782 	 -6.872
12790 	 -6.958
12802 	 -7.011
12806 	 -7.008
12810 	 -6.789
12816 	 -7.013
12822 	 -6.894
12828 	 -6.859
12840 	 -6.932
12844 	 -6.881
12846 	 -6.695
12868 	 -6.661
12874 	 -6.663
12894 	 -5.842
12896 	 -5.839
12902 	 -6.022
12912 	 -6.18
12916 	 -6.106
12922 	 -6.012
12924 	 -6.033
12926 	 -5.951
12932 	 -5.946
12936 	 -5.933
12942 	 -5.809
12948 	 -5.744
12950 	 -5.737
12964 	 -5.674
12966 	 -5.846
12982 	 -5.707
12984 	 -5.684
12988 	 -5.625
12990 	 -5.63
12996 	 -5.614
12998 	 -5.657
13000 	 -5.635
13002 	 -5.621
13010 	 -5.636
13012 	 -5.51
13016 	 -5.478
13026 	 -5.474
13032 	 -6.276
13034 	 -6.249
13036 	 -6.272
13040 	 -6.081
13042 	 -5.974
13046 	 -6.592
13052 	 -6.556
13058 	 -6.922
13062 	 -6.896
13070 	 -6.888
13084 	 -6.859
13088 	 -6.625
13090 	 -6.463
13094 	 -6.453
13096 	 -6.212
13098 	 -6.484
13100 	 -6.555
13104 	 -6.845
13108 	 -6.61
13114 	 -6.834
13118 	 -6.887
13124 	 -6.678
13126 	 -6.788
13150 	 -6.228
13158 	 -6.21
13168 	 -5.782
13174 	 -5.706
13178 	 -5.674
13196 	 -5.83
13200 	 -5.724
13206 	 -5.635
13214 	 -5.263
13220 	 -5.254
13224 	 -5.317
13228 	 -5.323
13234 	 -5.321
13242 	 -5.137
13250 	 -4.121
13268 	 -3.973
13272 	 -3.952
13274 	 -4.437
13282 	 -4.534
13288 	 -4.507
13296 	 -4.851
13304 	 -5.215
13314 	 -5.206
13318 	 -5.192
13322 	 -5.206
13324 	 -5.322
13328 	 -5.288
13330 	 -5.356
13342 	 -5.398
13346 	 -5.393
13352 	 -5.429
13358 	 -5.46
13360 	 -5.415
13374 	 -4.199
13378 	 -4.653
13382 	 -4.568
13390 	 -4.424
13398 	 -4.337
13408 	 -4.196
13422 	 -3.914
13424 	 -4.18
13428 	 -4.142
13436 	 -4.015
13438 	 -3.941
13446 	 -4.043
13448 	 -4.186
13452 	 -4.225
13458 	 -4.296
13462 	 -4.277
13482 	 -4.17
13486 	 -4.194
13492 	 -4.159
13508 	 -4.172
13524 	 -3.814
13530 	 -4.195
13538 	 -4.24
13542 	 -4.285
13544 	 -4.351
13548 	 -4.391
13560 	 -4.436
13568 	 -4.485
13576 	 -4.229
13580 	 -4.161
13584 	 -4.261
13586 	 -4.244
13588 	 -4.282
13592 	 -4.314
13598 	 -4.353
13602 	 -4.448
13626 	 -4.503
13628 	 -4.475
13634 	 -4.474
13638 	 -4.193
13640 	 -4.114
13642 	 -3.989
13646 	 -3.939
13648 	 -3.905
13650 	 -3.9
13662 	 -3.882
13664 	 -3.837
13666 	 -3.633
13668 	 -3.671
13670 	 -3.872
13682 	 -3.856
13688 	 -3.836
13694 	 -3.986
13700 	 -4.135
13706 	 -4.11
13714 	 -4.148
13722 	 -4.229
13732 	 -4.174
13746 	 -4.173
13752 	 -4.171
13760 	 -4.151
13764 	 -4.143
13768 	 -4.142
13772 	 -4.119
13780 	 -3.96
13798 	 -4.13
13822 	 -3.75
13842 	 -3.73
13848 	 -3.729
13850 	 -3.704
13852 	 -3.702
13854 	 -3.584
13864 	 -3.549
13884 	 -3.419
13888 	 -3.239
13890 	 -2.977
13894 	 -3.074
13908 	 -3.033
13910 	 -2.973
13914 	 -3.065
13916 	 -3.195
13938 	 -3.229
13942 	 -3.22
13948 	 -3.045
13954 	 -3.101
13964 	 -2.991
13972 	 -2.994
13974 	 -2.971
13976 	 -2.954
13978 	 -2.953
13982 	 -2.87
13984 	 -2.814
13992 	 -2.836
13996 	 -2.847
14008 	 -2.636
14010 	 -2.456
14026 	 -2.414
14032 	 -2.347
14044 	 -2.338
14046 	 -2.272
14050 	 -2.437
14056 	 -2.554
14058 	 -2.549
14060 	 -2.703
14062 	 -2.498
14078 	 -2.249
14088 	 -2.136
14090 	 -2.114
14094 	 -2.111
14098 	 -2.097
14100 	 -2.094
14110 	 -1.947
14112 	 -1.941
14118 	 -1.803
14124 	 -1.757
14128 	 -1.756
14130 	 -1.744
14134 	 -1.726
14140 	 -1.543
14142 	 -1.492
14144 	 -1.363
14146 	 -1.253
14150 	 -1.174
14156 	 -1.142
14164 	 -1.124
14166 	 -1.077
14170 	 -1.071
14172 	 -1.014
14188 	 -0.699
14194 	 -0.648
14204 	 -0.644
14206 	 -0.495
14210 	 -0.476
14218 	 -0.428
14236 	 -0.425
14238 	 -0.409
14240 	 -0.399
14246 	 -0.382
14264 	 -0.371
14278 	 -0.34
14280 	 -0.322
14324 	 -0.318
14346 	 -0.274
14362 	 -0.244
14368 	 -0.243
14388 	 -0.241
14390 	 -0.211
14418 	 -0.206
14456 	 -0.203
14460 	 -0.197
14484 	 -0.191
14494 	 -0.189
14556 	 -0.187
14570 	 -0.175
15000 	 -1.41
15024 	 -1.568
15050 	 -2.318
15078 	 -2.906
15112 	 -3.334
15158 	 -3.231
15162 	 -3.271
15164 	 -3.261
15174 	 -3.215
15186 	 -2.441
15216 	 -2.916
15232 	 -2.74
15238 	 -3.007
15262 	 -1.526
15268 	 -1.259
15282 	 -0.862
15298 	 -0.342
15344 	 -0.314
15346 	 -0.262
15352 	 -0.261
15400 	 -0.042
15470 	 -0.037
15568 	 -0.034
15658 	 -0.031
15660 	 -0.025
15800 	 -0.024
15904 	 -0.016
16290 	 -0.015
16428 	 -0.014
16464 	 -0.013
18000 	 -2.128
18020 	 -2.227
18042 	 -2.675
18064 	 -2.732
18088 	 -2.097
18120 	 -1.43
18154 	 -2.368
18180 	 -2.104
18190 	 -2.487
18234 	 -3.554
18252 	 -3.53
18270 	 -2.561
18278 	 -2.498
18286 	 -2.357
18296 	 -2.177
18316 	 -2.222
18336 	 -1.871
18342 	 -1.82
18348 	 -1.229
18360 	 -0.338
18402 	 -0.11
18552 	 -0.012
19002 	 0
21000 	 -1.44
21001 	 -1.44
