0 	 0
3000 	 -1.376
3024 	 -1.496
3050 	 -1.88
3062 	 -2.472
3078 	 -3.176
3112 	 -3.62
3158 	 -3.808
3164 	 -3.728
3186 	 -2.828
3198 	 -2.688
3216 	 -1.912
3232 	 -1.736
3238 	 -1.364
3262 	 -0.608
3296 	 -0.264
3400 	 -0.024
3636 	 -0.008
3904 	 0
6000 	 -2.478
6020 	 -2.638
6042 	 -3.286
6064 	 -3.582
6088 	 -3.11
6120 	 -2.686
6138 	 -2.872
6154 	 -3.312
6180 	 -3.048
6190 	 -3.516
6198 	 -3.5
6234 	 -3.9
6284 	 -4.203
6296 	 -4.179
6346 	 -4.159
6360 	 -2.871
6374 	 -2.271
6376 	 -1.719
6424 	 -1.319
6444 	 -0.761
6504 	 -0.637
6506 	 -0.613
6552 	 -0.501
6634 	 -0.359
6704 	 -0.331
6710 	 -0.307
6726 	 -0.295
6728 	 -0.267
6782 	 -0.263
6894 	 -0.165
6990 	 -0.145
6994 	 -0.125
7002 	 -0.093
7272 	 -0.089
7278 	 -0.085
7290 	 -0.073
7324 	 -0.025
9000 	 -1.433
9024 	 -1.537
9050 	 -2.497
9078 	 -3.177
9112 	 -3.761
9158 	 -3.713
9162 	 -3.797
9174 	 -3.705
9186 	 -2.857
9216 	 -3.589
9232 	 -3.413
9238 	 -3.801
9262 	 -1.973
9268 	 -1.305
9298 	 -0.417
9304 	 -0.413
9306 	 -0.409
9334 	 -0.277
9400 	 -0.025
9660 	 -0.009
9904 	 -0.001
12000 	 -2.54
12002 	 -2.421
12004 	 -2.703
12006 	 -3.169
12008 	 -4.424
12010 	 -5.363
12012 	 -6.006
12016 	 -6.266
12018 	 -6.312
12020 	 -6.758
12030 	 -6.826
12032 	 -6.792
12034 	 -6.844
12040 	 -7.048
12042 	 -7.524
12062 	 -7.716
12064 	 -7.792
12070 	 -8.167
12072 	 -8.209
12088 	 -7.597
12090 	 -7.639
12100 	 -7.731
12120 	 -7.197
12130 	 -7.01
12148 	 -7.325
12154 	 -8.361
12156 	 -8.373
12160 	 -8.731
12166 	 -8.688
12176 	 -8.64
12178 	 -8.863
12180 	 -8.599
12182 	 -9.129
12184 	 -9.083
12188 	 -9.09
12190 	 -9.406
12198 	 -9.384
12200 	 -9.28
12208 	 -9.458
12210 	 -9.496
12212 	 -10.54
12222 	 -10.433
12226 	 -11.323
12228 	 -11.477
12230 	 -11.464
12234 	 -12.812
12236 	 -12.744
12246 	 -13.173
12250 	 -13.137
12252 	 -12.421
12254 	 -12.219
12256 	 -12.117
12260 	 -11.8
12262 	 -11.911
12264 	 -11.881
12266 	 -12.125
12274 	 -10.873
12276 	 -10.677
12278 	 -10.79
12282 	 -10.604
12284 	 -10.737
12286 	 -10.926
12288 	 -10.842
12290 	 -10.57
12296 	 -10.667
12300 	 -10.811
12304 	 -10.767
12308 	 -10.752
12310 	 -10.57
12314 	 -10.595
12320 	 -10.597
12324 	 -9.993
12330 	 -9.983
12332 	 -10.015
12334 	 -10.052
12338 	 -9.766
12342 	 -9.682
12344 	 -8.886
12350 	 -8.833
12358 	 -8.308
12360 	 -7.356
12376 	 -7.255
12380 	 -7.107
12382 	 -7.099
12386 	 -6.742
12392 	 -6.747
12400 	 -6.635
12404 	 -6.143
12406 	 -6.113
12412 	 -5.802
12420 	 -5.707
12426 	 -5.686
12430 	 -5.623
12432 	 -5.539
12437 	 -5.759
12438 	 -5.399
12448 	 -5.292
12456 	 -4.875
12466 	 -4.85
12470 	 -4.849
12476 	 -5.096
12480 	 -4.93
12492 	 -4.901
12504 	 -4.692
12508 	 -4.683
12510 	 -4.638
12516 	 -4.739
12540 	 -4.805
12550 	 -4.527
12552 	 -4.407
12562 	 -4.538
12574 	 -5.625
12576 	 -5.531
12592 	 -5.386
12594 	 -5.644
12598 	 -5.458
12604 	 -5.448
12606 	 -5.377
12618 	 -5.388
12624 	 -5.375
12628 	 -5.448
12632 	 -5.466
12638 	 -5.355
12640 	 -5.309
12644 	 -5.602
12648 	 -5.718
12656 	 -6.014
12664 	 -5.894
12672 	 -5.825
12688 	 -5.832
12694 	 -5.75
12712 	 -5.136
12728 	 -5
12732 	 -4.994
12748 	 -4.935
12768 	 -5.159
12770 	 -5.22
12776 	 -5.21
12782 	 -5.363
12784 	 -5.467
12788 	 -5.339
12794 	 -5.466
12802 	 -5.427
12818 	 -5.318
12824 	 -5.391
12826 	 -5.447
12828 	 -5.419
12832 	 -5.402
12840 	 -5.302
12852 	 -5.289
12868 	 -5.271
12874 	 -5.105
12892 	 -5.11
12894 	 -5.109
12896 	 -5.106
12900 	 -5.114
12902 	 -5.13
12910 	 -5.123
12916 	 -5.049
12920 	 -5.762
12924 	 -5.686
12926 	 -6.459
12930 	 -6.323
12940 	 -6.301
12942 	 -6.177
12948 	 -5.972
12950 	 -6.066
12956 	 -6.168
12960 	 -6.162
12962 	 -6.225
12964 	 -6.117
12966 	 -6.226
12974 	 -5.901
12982 	 -6.126
12984 	 -6.117
12986 	 -6.137
12990 	 -6.639
12992 	 -6.677
12994 	 -6.462
12996 	 -6.446
12998 	 -6.869
13002 	 -6.855
13010 	 -6.886
13012 	 -6.868
13014 	 -6.661
13016 	 -6.56
13020 	 -6.729
13024 	 -6.531
13030 	 -6.521
13034 	 -6.344
13036 	 -6.343
13038 	 -6.208
13040 	 -6.317
13042 	 -6.266
13044 	 -6.076
13046 	 -6.095
13052 	 -6.059
13056 	 -6.119
13058 	 -6.096
13062 	 -6.095
13064 	 -5.947
13072 	 -5.797
13078 	 -5.84
13094 	 -5.678
13096 	 -5.521
13102 	 -5.562
13104 	 -5.472
13106 	 -5.473
13114 	 -5.447
13116 	 -5.416
13124 	 -5.454
13126 	 -5.487
13142 	 -5.437
13150 	 -5.457
13158 	 -5.452
13160 	 -5.282
13162 	 -5.736
13168 	 -5.666
13172 	 -5.954
13176 	 -5.859
13180 	 -5.84
13182 	 -5.839
13192 	 -6.08
13196 	 -6.052
13204 	 -6.026
13206 	 -6.067
13210 	 -5.897
13218 	 -6.488
13220 	 -6.479
13222 	 -6.219
13234 	 -6.217
13236 	 -6.264
13242 	 -6.211
13244 	 -5.983
13250 	 -5.287
13260 	 -5.143
13264 	 -5.16
13280 	 -4.933
13286 	 -4.885
13290 	 -5.016
13304 	 -4.887
13308 	 -4.305
13310 	 -4.425
13314 	 -4.337
13318 	 -4.278
13324 	 -4.642
13328 	 -4.615
13342 	 -4.478
13346 	 -4.473
13348 	 -4.506
13350 	 -4.58
13352 	 -4.555
13356 	 -4.459
13360 	 -4.414
13374 	 -4.456
13384 	 -4.53
13388 	 -4.349
13394 	 -4.481
13396 	 -4.348
13398 	 -4.332
13418 	 -4.435
13420 	 -4.529
13424 	 -4.063
13432 	 -3.775
13434 	 -3.832
13438 	 -3.832
13444 	 -4.026
13454 	 -4.025
13460 	 -4.07
13464 	 -4.11
13466 	 -4.156
13468 	 -4.229
13480 	 -4.225
13486 	 -4.148
13492 	 -4.266
13500 	 -4.359
13508 	 -4.336
13514 	 -4.364
13520 	 -4.383
13528 	 -4.112
13546 	 -3.935
13554 	 -3.842
13566 	 -3.874
13574 	 -3.764
13618 	 -3.762
13624 	 -3.761
13626 	 -3.698
13634 	 -3.644
13638 	 -3.52
13648 	 -3.688
13650 	 -3.683
13676 	 -3.657
13700 	 -3.505
13702 	 -3.602
13708 	 -3.676
13718 	 -3.788
13724 	 -3.588
13728 	 -3.56
13752 	 -3.634
13756 	 -3.62
13760 	 -3.433
13762 	 -3.292
13770 	 -3.119
13774 	 -3.095
13780 	 -2.925
13782 	 -2.915
13788 	 -2.939
13792 	 -2.939
13796 	 -2.916
13798 	 -2.907
13810 	 -2.888
13812 	 -2.837
13816 	 -2.826
13822 	 -2.805
13826 	 -2.641
13832 	 -2.64
13834 	 -2.524
13836 	 -2.345
13838 	 -2.325
13846 	 -2.274
13852 	 -2.196
13854 	 -2.077
13862 	 -2.239
13864 	 -2.204
13866 	 -2.155
13868 	 -2.148
13874 	 -2.262
13876 	 -2.253
13878 	 -1.969
13886 	 -1.962
13892 	 -1.926
13894 	 -1.897
13902 	 -1.964
13906 	 -1.859
13920 	 -1.748
13926 	 -1.735
13932 	 -1.686
13934 	 -1.681
13936 	 -1.653
13938 	 -1.714
13942 	 -1.705
13944 	 -1.712
13952 	 -1.705
13960 	 -1.572
13962 	 -1.562
13972 	 -1.53
13978 	 -1.54
13992 	 -1.492
14002 	 -1.4
14022 	 -1.317
14026 	 -1.281
14028 	 -1.265
14030 	 -1.438
14044 	 -1.437
14048 	 -1.412
14052 	 -1.372
14058 	 -1.24
14064 	 -1.23
14080 	 -1.185
14086 	 -1.182
14090 	 -1.174
14096 	 -1.159
14104 	 -1.083
14112 	 -0.904
14122 	 -0.873
14130 	 -0.868
14132 	 -0.818
14140 	 -0.816
14146 	 -0.706
14164 	 -0.676
14168 	 -0.603
14176 	 -0.602
14200 	 -0.598
14208 	 -0.594
14212 	 -0.565
14226 	 -0.563
14236 	 -0.374
14248 	 -0.373
14298 	 -0.369
14340 	 -0.238
14380 	 -0.23
14412 	 -0.221
14416 	 -0.219
14418 	 -0.192
14452 	 -0.191
14472 	 -0.188
14512 	 -0.182
14608 	 -0.18
14612 	 -0.166
14754 	 -0.165
15000 	 -1.41
15024 	 -1.572
15050 	 -2.462
15078 	 -3.175
15112 	 -3.799
15158 	 -3.879
15162 	 -3.96
15174 	 -3.866
15186 	 -3.134
15216 	 -3.994
15232 	 -3.818
15238 	 -4.146
15262 	 -2.786
15268 	 -2.441
15282 	 -1.912
15298 	 -1.218
15310 	 -1.258
15336 	 -1.556
15346 	 -1.452
15352 	 -1.451
15356 	 -1.621
15374 	 -1.241
15400 	 -0.735
15422 	 -0.575
15456 	 -0.313
15470 	 -0.309
15486 	 -0.119
15558 	 -0.049
15568 	 -0.043
15660 	 -0.031
15864 	 -0.023
15904 	 -0.015
16164 	 -0.014
18000 	 -2.128
18020 	 -2.254
18042 	 -2.798
18064 	 -2.978
18088 	 -2.446
18120 	 -1.87
18154 	 -3.312
18180 	 -3.048
18190 	 -3.898
18234 	 -5.596
18252 	 -5.564
18262 	 -5.378
18270 	 -4.086
18278 	 -4.002
18286 	 -3.814
18296 	 -4.336
18316 	 -4.396
18328 	 -4.64
18336 	 -4.172
18342 	 -4.164
18348 	 -3.376
18360 	 -2.37
18368 	 -2.064
18384 	 -2.078
18402 	 -1.416
18420 	 -0.782
18426 	 -0.694
18434 	 -0.576
18448 	 -0.236
18472 	 -0.206
18552 	 -0.024
18864 	 -0.016
19002 	 0
21000 	 -1.44
21001 	 -1.44
