0 	 0
3000 	 -1.376
3024 	 -1.496
3050 	 -1.88
3062 	 -2.472
3078 	 -3.176
3112 	 -3.62
3158 	 -3.808
3164 	 -3.728
3186 	 -2.828
3198 	 -2.688
3216 	 -1.912
3232 	 -1.736
3238 	 -1.364
3262 	 -0.608
3296 	 -0.264
3400 	 -0.024
3636 	 -0.008
3904 	 0
6000 	 -2.478
6020 	 -2.638
6042 	 -3.286
6064 	 -3.582
6088 	 -3.11
6120 	 -2.686
6138 	 -2.872
6154 	 -3.312
6180 	 -3.048
6190 	 -3.516
6198 	 -3.5
6234 	 -3.9
6284 	 -4.203
6296 	 -4.179
6346 	 -4.159
6360 	 -2.871
6374 	 -2.271
6376 	 -1.719
6424 	 -1.319
6444 	 -0.761
6504 	 -0.637
6506 	 -0.613
6552 	 -0.501
6634 	 -0.359
6704 	 -0.331
6710 	 -0.307
6726 	 -0.295
6728 	 -0.267
6782 	 -0.263
6894 	 -0.165
6990 	 -0.145
6994 	 -0.125
7002 	 -0.093
7272 	 -0.089
7278 	 -0.085
7290 	 -0.073
7324 	 -0.025
9000 	 -1.433
9024 	 -1.537
9050 	 -2.497
9078 	 -3.177
9112 	 -3.761
9158 	 -3.713
9162 	 -3.797
9174 	 -3.705
9186 	 -2.857
9216 	 -3.589
9232 	 -3.413
9238 	 -3.801
9262 	 -1.973
9268 	 -1.305
9298 	 -0.417
9304 	 -0.413
9306 	 -0.409
9334 	 -0.277
9400 	 -0.025
9660 	 -0.009
9904 	 -0.001
12000 	 -2.54
12002 	 -2.421
12004 	 -2.623
12006 	 -3.089
12008 	 -3.522
12010 	 -4.461
12012 	 -4.674
12016 	 -4.934
12018 	 -4.98
12020 	 -5.2
12030 	 -5.268
12032 	 -5.234
12034 	 -5.293
12040 	 -5.311
12042 	 -5.787
12062 	 -6.005
12064 	 -6.081
12072 	 -6.123
12088 	 -5.511
12090 	 -5.601
12100 	 -5.754
12120 	 -5.134
12148 	 -5.449
12154 	 -6.485
12156 	 -6.515
12166 	 -6.599
12176 	 -6.65
12178 	 -6.936
12180 	 -6.672
12182 	 -7.202
12186 	 -7.375
12190 	 -7.691
12200 	 -7.913
12208 	 -8.091
12212 	 -9.135
12222 	 -9.028
12226 	 -9.918
12234 	 -11.266
12236 	 -11.521
12244 	 -11.797
12252 	 -11.081
12260 	 -10.764
12264 	 -10.725
12266 	 -11.151
12274 	 -9.899
12280 	 -9.716
12282 	 -9.588
12286 	 -9.707
12290 	 -9.435
12296 	 -9.532
12300 	 -9.676
12304 	 -9.665
12308 	 -9.65
12322 	 -9.607
12324 	 -9.003
12332 	 -9.035
12334 	 -9.037
12338 	 -8.785
12340 	 -8.724
12344 	 -7.928
12356 	 -8.102
12358 	 -7.502
12360 	 -6.55
12362 	 -6.717
12380 	 -6.565
12382 	 -6.557
12386 	 -6.187
12392 	 -6.141
12394 	 -6.162
12400 	 -6.05
12404 	 -5.778
12406 	 -5.748
12412 	 -5.484
12420 	 -5.389
12426 	 -5.365
12430 	 -5.298
12432 	 -5.158
12437 	 -5.378
12448 	 -5.271
12462 	 -5.246
12466 	 -5.241
12470 	 -5.24
12472 	 -5.203
12476 	 -5.373
12480 	 -5.207
12488 	 -5.291
12492 	 -5.263
12494 	 -5.244
12500 	 -5.168
12508 	 -5.159
12516 	 -5.258
12540 	 -5.57
12548 	 -5.791
12552 	 -5.664
12554 	 -5.642
12562 	 -5.776
12574 	 -7.169
12578 	 -7.15
12588 	 -7.149
12592 	 -6.97
12594 	 -7.142
12598 	 -7.123
12604 	 -7.113
12606 	 -7.042
12614 	 -7.078
12616 	 -7.043
12618 	 -6.878
12622 	 -6.863
12632 	 -6.881
12634 	 -6.75
12638 	 -6.713
12640 	 -6.656
12648 	 -6.695
12660 	 -6.532
12664 	 -6.412
12668 	 -6.573
12672 	 -6.543
12678 	 -6.712
12686 	 -6.621
12688 	 -6.62
12712 	 -6.321
12724 	 -6.701
12732 	 -6.991
12748 	 -6.974
12768 	 -7.154
12770 	 -7.229
12776 	 -7.247
12782 	 -7.259
12786 	 -7.023
12790 	 -6.566
12794 	 -6.623
12798 	 -6.487
12802 	 -6.471
12824 	 -6.255
12828 	 -6.22
12840 	 -6.344
12860 	 -5.967
12868 	 -5.933
12874 	 -5.975
12886 	 -6.12
12896 	 -6.117
12916 	 -6.043
12922 	 -6.131
12924 	 -6.129
12934 	 -5.707
12942 	 -5.583
12964 	 -5.534
12966 	 -5.668
12982 	 -5.93
12984 	 -5.735
12990 	 -5.752
12996 	 -5.736
13002 	 -5.907
13006 	 -6.211
13010 	 -6.226
13012 	 -6.208
13016 	 -6.399
13020 	 -6.394
13028 	 -6.763
13032 	 -6.698
13034 	 -6.668
13036 	 -6.667
13040 	 -6.811
13042 	 -6.752
13044 	 -6.935
13046 	 -7.009
13048 	 -6.967
13052 	 -6.931
13058 	 -7.369
13062 	 -7.368
13066 	 -7.177
13068 	 -7.066
13074 	 -7.386
13076 	 -7.468
13078 	 -7.489
13088 	 -7.244
13096 	 -6.903
13104 	 -7.052
13114 	 -7.026
13126 	 -6.373
13136 	 -6.344
13150 	 -6.129
13156 	 -6.129
13160 	 -6.091
13168 	 -6.021
13174 	 -6.086
13178 	 -5.928
13182 	 -5.983
13184 	 -5.909
13192 	 -5.908
13194 	 -5.705
13204 	 -5.751
13206 	 -5.76
13220 	 -5.751
13222 	 -5.701
13228 	 -5.415
13230 	 -5.538
13234 	 -5.536
13248 	 -5.646
13250 	 -4.512
13256 	 -4.49
13260 	 -4.452
13264 	 -4.523
13268 	 -4.492
13274 	 -4.314
13280 	 -4.611
13284 	 -4.951
13290 	 -4.939
13292 	 -5.261
13300 	 -5.277
13302 	 -5.104
13304 	 -5.075
13310 	 -5.239
13316 	 -5.192
13320 	 -5.431
13326 	 -5.48
13328 	 -5.446
13334 	 -5.329
13340 	 -5.309
13342 	 -5.497
13346 	 -5.421
13352 	 -5.396
13360 	 -5.351
13362 	 -4.812
13370 	 -4.583
13372 	 -4.232
13374 	 -4.119
13390 	 -3.994
13394 	 -3.916
13398 	 -3.639
13406 	 -3.571
13410 	 -3.385
13422 	 -3.384
13424 	 -2.464
13426 	 -2.425
13428 	 -2.419
13440 	 -2.503
13448 	 -2.542
13456 	 -2.399
13464 	 -2.434
13478 	 -2.463
13494 	 -2.617
13508 	 -2.442
13530 	 -2.431
13534 	 -2.438
13546 	 -2.426
13558 	 -2.365
13562 	 -2.417
13574 	 -2.326
13586 	 -2.252
13598 	 -2.244
13608 	 -2.295
13612 	 -2.33
13626 	 -2.441
13630 	 -2.428
13634 	 -2.427
13636 	 -2.422
13638 	 -2.008
13648 	 -1.974
13650 	 -1.969
13654 	 -1.94
13658 	 -1.994
13662 	 -1.863
13670 	 -1.853
13676 	 -1.831
13686 	 -1.796
13690 	 -1.793
13694 	 -1.796
13696 	 -1.795
13708 	 -1.809
13742 	 -1.739
13756 	 -1.718
13760 	 -1.698
13780 	 -1.539
13822 	 -1.228
13844 	 -1.287
13854 	 -1.169
13864 	 -1.134
13866 	 -1.241
13868 	 -1.237
13878 	 -1.238
13916 	 -1.275
13918 	 -1.257
13920 	 -1.066
13942 	 -1.057
13944 	 -1.045
13948 	 -1.008
13966 	 -1.109
13974 	 -0.926
13978 	 -0.925
13980 	 -0.923
13996 	 -0.858
14016 	 -0.857
14022 	 -0.983
14046 	 -0.893
14048 	 -0.871
14058 	 -0.866
14076 	 -0.744
14104 	 -0.71
14136 	 -0.515
14146 	 -0.405
14156 	 -0.31
14200 	 -0.22
14236 	 -0.217
14274 	 -0.212
14308 	 -0.177
14372 	 -0.148
14380 	 -0.147
14398 	 -0.137
14564 	 -0.131
15000 	 -1.398
15024 	 -1.518
15050 	 -1.902
15078 	 -2.094
15112 	 -1.932
15158 	 -1.789
15186 	 -1.452
15216 	 -0.876
15232 	 -0.7
15262 	 -0.557
15310 	 -0.577
15336 	 -0.728
15352 	 -0.727
15356 	 -0.81
15374 	 -0.62
15400 	 -0.373
15422 	 -0.293
15456 	 -0.162
15470 	 -0.157
15486 	 -0.062
15558 	 -0.027
15568 	 -0.024
15642 	 -0.022
15864 	 -0.018
15904 	 -0.01
15982 	 -0.009
16308 	 -0.008
18000 	 -2.128
18020 	 -2.209
18042 	 -2.593
18064 	 -2.561
18088 	 -1.897
18120 	 -1.279
18154 	 -1.272
18180 	 -1.008
18190 	 -0.935
18234 	 -0.802
18262 	 -0.709
18296 	 -0.922
18328 	 -1.044
18342 	 -1.074
18360 	 -0.997
18368 	 -0.844
18384 	 -0.851
18402 	 -0.672
18420 	 -0.355
18426 	 -0.311
18434 	 -0.252
18448 	 -0.082
18472 	 -0.067
18552 	 -0.004
18864 	 0
21000 	 -1.44
21001 	 -1.44
