0 	 0
3000 	 -1.376
3024 	 -1.496
3050 	 -1.88
3062 	 -2.472
3078 	 -3.176
3112 	 -3.62
3158 	 -3.808
3164 	 -3.728
3186 	 -2.828
3198 	 -2.688
3216 	 -1.912
3232 	 -1.736
3238 	 -1.364
3262 	 -0.608
3296 	 -0.264
3400 	 -0.024
3636 	 -0.008
3904 	 0
6000 	 -2.478
6020 	 -2.638
6042 	 -3.286
6064 	 -3.582
6088 	 -3.11
6120 	 -2.686
6138 	 -2.872
6154 	 -3.312
6180 	 -3.048
6190 	 -3.516
6198 	 -3.5
6234 	 -3.9
6284 	 -4.203
6296 	 -4.179
6346 	 -4.159
6360 	 -2.871
6374 	 -2.271
6376 	 -1.719
6424 	 -1.319
6444 	 -0.761
6504 	 -0.637
6506 	 -0.613
6552 	 -0.501
6634 	 -0.359
6704 	 -0.331
6710 	 -0.307
6726 	 -0.295
6728 	 -0.267
6782 	 -0.263
6894 	 -0.165
6990 	 -0.145
6994 	 -0.125
7002 	 -0.093
7272 	 -0.089
7278 	 -0.085
7290 	 -0.073
7324 	 -0.025
9000 	 -1.433
9024 	 -1.537
9050 	 -2.497
9078 	 -3.177
9112 	 -3.761
9158 	 -3.713
9162 	 -3.797
9174 	 -3.705
9186 	 -2.857
9216 	 -3.589
9232 	 -3.413
9238 	 -3.801
9262 	 -1.973
9268 	 -1.305
9298 	 -0.417
9304 	 -0.413
9306 	 -0.409
9334 	 -0.277
9400 	 -0.025
9660 	 -0.009
9904 	 -0.001
12000 	 -2.54
12002 	 -2.421
12004 	 -2.663
12006 	 -3.129
12008 	 -3.979
12010 	 -4.918
12012 	 -5.342
12016 	 -5.602
12018 	 -5.648
12020 	 -5.975
12030 	 -6.043
12032 	 -6.009
12034 	 -6.068
12040 	 -6.104
12042 	 -6.58
12062 	 -6.798
12064 	 -6.874
12072 	 -6.916
12086 	 -7.141
12088 	 -6.529
12090 	 -6.619
12100 	 -6.799
12120 	 -6.179
12132 	 -6.515
12148 	 -6.83
12152 	 -6.967
12154 	 -8.003
12156 	 -8.033
12166 	 -8.117
12176 	 -8.168
12178 	 -8.454
12180 	 -8.044
12182 	 -8.448
12186 	 -8.678
12188 	 -8.765
12190 	 -9.081
12200 	 -9.303
12204 	 -9.365
12206 	 -9.4
12212 	 -10.444
12222 	 -10.337
12226 	 -11.235
12234 	 -12.583
12236 	 -12.657
12244 	 -12.995
12252 	 -12.279
12260 	 -11.962
12264 	 -11.923
12266 	 -12.324
12268 	 -12.326
12272 	 -12.325
12274 	 -11.131
12280 	 -10.948
12282 	 -10.82
12286 	 -10.939
12290 	 -10.667
12296 	 -10.764
12300 	 -10.908
12304 	 -11.007
12308 	 -10.992
12322 	 -10.884
12324 	 -10.28
12328 	 -10.663
12332 	 -10.695
12334 	 -10.697
12338 	 -10.445
12340 	 -10.384
12344 	 -9.588
12354 	 -9.576
12356 	 -9.861
12358 	 -9.281
12360 	 -8.329
12362 	 -8.266
12374 	 -8.281
12380 	 -8.129
12382 	 -8.121
12386 	 -7.699
12392 	 -7.653
12394 	 -7.718
12400 	 -7.606
12404 	 -7.334
12412 	 -7.023
12420 	 -6.928
12426 	 -6.904
12430 	 -6.837
12432 	 -6.512
12444 	 -6.564
12448 	 -6.457
12456 	 -6.452
12462 	 -6.44
12464 	 -6.541
12466 	 -6.445
12470 	 -6.444
12472 	 -6.209
12476 	 -6.348
12480 	 -6.182
12488 	 -6.096
12492 	 -6.068
12500 	 -6.088
12502 	 -6.069
12508 	 -6.06
12516 	 -5.936
12522 	 -5.915
12524 	 -5.9
12536 	 -6.097
12540 	 -6.035
12542 	 -5.958
12548 	 -6.423
12552 	 -6.296
12554 	 -6.286
12560 	 -6.142
12562 	 -6.229
12568 	 -6.149
12570 	 -6.204
12574 	 -7.799
12578 	 -7.753
12588 	 -7.752
12590 	 -7.722
12592 	 -7.614
12598 	 -7.595
12604 	 -7.58
12606 	 -7.509
12610 	 -7.11
12614 	 -6.987
12616 	 -6.973
12618 	 -6.905
12622 	 -6.89
12626 	 -6.942
12630 	 -6.93
12632 	 -6.79
12638 	 -6.679
12640 	 -6.622
12650 	 -6.603
12658 	 -6.75
12664 	 -6.592
12672 	 -6.67
12678 	 -6.666
12688 	 -6.669
12706 	 -6.575
12712 	 -6.057
12732 	 -6.057
12736 	 -6.278
12740 	 -6.259
12748 	 -6.242
12758 	 -6.126
12762 	 -6.146
12768 	 -6.146
12770 	 -6.13
12776 	 -6.14
12780 	 -6.085
12792 	 -6.081
12794 	 -6.146
12796 	 -6.138
12802 	 -5.901
12806 	 -5.753
12808 	 -6.213
12816 	 -6.186
12818 	 -6.71
12820 	 -6.986
12828 	 -6.951
12830 	 -7.132
12836 	 -7.192
12840 	 -7.256
12844 	 -7.341
12856 	 -7.283
12868 	 -7.249
12870 	 -7.106
12874 	 -6.149
12878 	 -6.38
12886 	 -6.17
12896 	 -6.167
12898 	 -6.129
12902 	 -6.605
12910 	 -6.292
12912 	 -6.293
12914 	 -6.591
12916 	 -6.517
12922 	 -6.435
12928 	 -6.446
12934 	 -6.504
12936 	 -6.576
12942 	 -6.452
12952 	 -6.165
12956 	 -6.292
12958 	 -6.113
12964 	 -6.106
12966 	 -6.172
12970 	 -6.336
12978 	 -6.17
12982 	 -6.089
12984 	 -5.449
12990 	 -5.549
12994 	 -5.711
12996 	 -5.69
13002 	 -5.676
13010 	 -5.549
13012 	 -5.531
13020 	 -5.526
13022 	 -5.619
13026 	 -5.572
13030 	 -5.52
13034 	 -5.512
13036 	 -5.511
13038 	 -5.56
13042 	 -5.52
13048 	 -5.646
13050 	 -6.001
13052 	 -5.965
13056 	 -6.38
13058 	 -6.352
13062 	 -6.326
13068 	 -6.316
13070 	 -6.434
13072 	 -6.305
13074 	 -6.47
13080 	 -6.464
13082 	 -6.556
13086 	 -6.522
13096 	 -6.499
13098 	 -6.405
13104 	 -6.324
13106 	 -6.367
13114 	 -6.339
13120 	 -6.122
13122 	 -5.991
13130 	 -5.776
13134 	 -5.715
13144 	 -5.717
13150 	 -5.651
13152 	 -5.632
13154 	 -5.678
13156 	 -5.633
13162 	 -5.442
13168 	 -5.372
13172 	 -5.35
13174 	 -5.339
13188 	 -5.407
13192 	 -4.351
13198 	 -4.344
13202 	 -4.482
13212 	 -4.455
13216 	 -4.494
13220 	 -4.474
13232 	 -4.398
13234 	 -4.396
13242 	 -4.438
13246 	 -4.415
13250 	 -3.318
13258 	 -3.316
13272 	 -3.274
13274 	 -3.434
13278 	 -3.447
13298 	 -3.47
13300 	 -3.422
13314 	 -3.517
13322 	 -3.477
13328 	 -3.443
13330 	 -3.433
13346 	 -3.428
13352 	 -3.447
13354 	 -3.533
13360 	 -3.515
13364 	 -3.53
13378 	 -3.559
13388 	 -3.607
13398 	 -3.595
13402 	 -3.775
13408 	 -3.774
13418 	 -3.623
13420 	 -3.623
13422 	 -3.621
13424 	 -3.144
13426 	 -3.254
13428 	 -3.078
13438 	 -3.058
13440 	 -2.936
13448 	 -2.921
13460 	 -2.918
13470 	 -2.897
13474 	 -2.873
13476 	 -2.719
13480 	 -2.654
13492 	 -2.671
13502 	 -2.615
13510 	 -2.583
13516 	 -2.551
13528 	 -2.181
13540 	 -2.009
13544 	 -2.014
13560 	 -1.898
13564 	 -2.012
13566 	 -2.001
13578 	 -1.948
13586 	 -1.811
13592 	 -1.763
13602 	 -1.711
13604 	 -1.692
13608 	 -1.676
13610 	 -1.665
13620 	 -1.658
13634 	 -1.657
13638 	 -1.537
13648 	 -1.493
13650 	 -1.488
13666 	 -1.164
13684 	 -1.162
13690 	 -1.149
13696 	 -1.148
13718 	 -1.013
13722 	 -1.003
13726 	 -1.002
13738 	 -0.929
13760 	 -0.909
13764 	 -0.86
13780 	 -0.701
13790 	 -0.594
13794 	 -0.589
13826 	 -0.577
13854 	 -0.459
13856 	 -0.457
13864 	 -0.422
13874 	 -0.418
13890 	 -0.414
13896 	 -0.391
13906 	 -0.371
13908 	 -0.304
13916 	 -0.299
13942 	 -0.29
13968 	 -0.287
14058 	 -0.282
14070 	 -0.281
14074 	 -0.28
14078 	 -0.276
14080 	 -0.274
14146 	 -0.164
14156 	 -0.159
14236 	 -0.156
14262 	 -0.143
14316 	 -0.136
14394 	 -0.135
15000 	 -1.402
15024 	 -1.543
15050 	 -2.176
15078 	 -2.633
15112 	 -2.874
15158 	 -2.955
15162 	 -2.997
15174 	 -2.949
15186 	 -2.501
15216 	 -2.705
15232 	 -2.529
15238 	 -2.659
15262 	 -2.279
15268 	 -2.107
15282 	 -1.842
15298 	 -1.496
15308 	 -1.513
15310 	 -1.555
15334 	 -1.704
15336 	 -2.002
15346 	 -1.95
15352 	 -1.949
15354 	 -2.034
15356 	 -2.204
15372 	 -2.008
15374 	 -1.628
15400 	 -1.063
15422 	 -0.817
15456 	 -0.555
15458 	 -0.421
15470 	 -0.416
15486 	 -0.226
15488 	 -0.141
15558 	 -0.071
15566 	 -0.04
15568 	 -0.037
15658 	 -0.034
15660 	 -0.031
15714 	 -0.03
15864 	 -0.022
15890 	 -0.019
15904 	 -0.011
18000 	 -2.128
18020 	 -2.245
18042 	 -2.757
18064 	 -2.891
18088 	 -2.353
18120 	 -1.825
18154 	 -2.664
18180 	 -2.4
18190 	 -2.991
18234 	 -3.922
18252 	 -3.906
18262 	 -3.626
18270 	 -2.98
18278 	 -2.938
18286 	 -2.844
18296 	 -3.748
18316 	 -3.778
18328 	 -4.144
18336 	 -3.91
18342 	 -3.966
18348 	 -3.572
18360 	 -3.131
18368 	 -2.672
18384 	 -2.693
18402 	 -2.004
18420 	 -1.053
18426 	 -0.921
18434 	 -0.744
18448 	 -0.234
18472 	 -0.189
18552 	 -0.02
18864 	 -0.008
19002 	 0
21000 	 -1.44
21001 	 -1.44
