0 	 0
3000 	 -1.376
3024 	 -1.496
3050 	 -1.88
3062 	 -2.472
3078 	 -3.176
3112 	 -3.62
3158 	 -3.808
3164 	 -3.728
3186 	 -2.828
3198 	 -2.688
3216 	 -1.912
3232 	 -1.736
3238 	 -1.364
3262 	 -0.608
3296 	 -0.264
3400 	 -0.024
3636 	 -0.008
3904 	 0
6000 	 -2.478
6020 	 -2.638
6042 	 -3.286
6064 	 -3.582
6088 	 -3.11
6120 	 -2.686
6138 	 -2.872
6154 	 -3.312
6180 	 -3.048
6190 	 -3.516
6198 	 -3.5
6234 	 -3.9
6284 	 -4.203
6296 	 -4.179
6346 	 -4.159
6360 	 -2.871
6374 	 -2.271
6376 	 -1.719
6424 	 -1.319
6444 	 -0.761
6504 	 -0.637
6506 	 -0.613
6552 	 -0.501
6634 	 -0.359
6704 	 -0.331
6710 	 -0.307
6726 	 -0.295
6728 	 -0.267
6782 	 -0.263
6894 	 -0.165
6990 	 -0.145
6994 	 -0.125
7002 	 -0.093
7272 	 -0.089
7278 	 -0.085
7290 	 -0.073
7324 	 -0.025
9000 	 -1.433
9024 	 -1.537
9050 	 -2.497
9078 	 -3.177
9112 	 -3.761
9158 	 -3.713
9162 	 -3.797
9174 	 -3.705
9186 	 -2.857
9216 	 -3.589
9232 	 -3.413
9238 	 -3.801
9262 	 -1.973
9268 	 -1.305
9298 	 -0.417
9304 	 -0.413
9306 	 -0.409
9334 	 -0.277
9400 	 -0.025
9660 	 -0.009
9904 	 -0.001
12000 	 -2.554
12002 	 -2.49
12004 	 -3.201
12006 	 -3.998
12008 	 -5.331
12010 	 -5.969
12012 	 -6.601
12016 	 -6.798
12020 	 -7.247
12028 	 -7.381
12032 	 -7.189
12040 	 -7.135
12042 	 -7.611
12048 	 -7.408
12054 	 -6.919
12064 	 -7.019
12070 	 -7.173
12074 	 -6.694
12086 	 -6.959
12088 	 -6.347
12100 	 -6.232
12102 	 -6.011
12108 	 -6.065
12120 	 -5.537
12130 	 -5.28
12132 	 -5.6
12140 	 -5.865
12154 	 -7.033
12160 	 -7.12
12162 	 -7.093
12164 	 -6.983
12168 	 -7.298
12178 	 -7.429
12180 	 -7.413
12186 	 -7.458
12190 	 -7.774
12198 	 -7.722
12200 	 -7.801
12206 	 -7.791
12212 	 -8.835
12228 	 -8.98
12230 	 -9.346
12234 	 -10.694
12236 	 -10.273
12248 	 -10.635
12252 	 -9.919
12254 	 -9.717
12256 	 -9.735
12260 	 -9.757
12264 	 -10.18
12272 	 -10.179
12274 	 -8.927
12276 	 -8.954
12282 	 -8.768
12286 	 -8.87
12290 	 -8.598
12292 	 -8.399
12296 	 -8.705
12302 	 -8.754
12304 	 -8.524
12310 	 -8.554
12312 	 -8.585
12324 	 -8.345
12328 	 -8.35
12332 	 -8.397
12334 	 -8.067
12338 	 -7.815
12344 	 -7.019
12350 	 -7.004
12354 	 -6.937
12358 	 -6.891
12360 	 -5.939
12364 	 -5.835
12368 	 -5.804
12372 	 -5.789
12380 	 -5.402
12382 	 -5.297
12386 	 -5.225
12388 	 -5.221
12394 	 -5.071
12404 	 -4.799
12406 	 -4.943
12410 	 -4.825
12412 	 -5.029
12420 	 -5.018
12422 	 -5.081
12436 	 -5.469
12438 	 -4.798
12444 	 -4.807
12452 	 -5.034
12454 	 -4.951
12460 	 -4.868
12462 	 -4.801
12464 	 -4.752
12466 	 -5.217
12468 	 -5.277
12480 	 -5.463
12488 	 -5.429
12490 	 -5.376
12494 	 -5.308
12496 	 -5.366
12498 	 -5.295
12500 	 -5.265
12502 	 -5.238
12504 	 -5.275
12506 	 -5.282
12516 	 -5.232
12520 	 -5.202
12522 	 -5.355
12524 	 -5.462
12532 	 -5.44
12536 	 -5.717
12550 	 -5.925
12552 	 -5.805
12562 	 -6.101
12564 	 -6.263
12570 	 -6.257
12576 	 -6.237
12578 	 -6.223
12582 	 -6.263
12590 	 -6.222
12604 	 -6.045
12610 	 -6.023
12612 	 -5.979
12614 	 -5.782
12626 	 -5.963
12630 	 -6.448
12632 	 -6.273
12638 	 -6.269
12640 	 -6.387
12642 	 -6.368
12650 	 -6.553
12662 	 -6.424
12664 	 -6.293
12666 	 -6.348
12670 	 -6.414
12672 	 -6.402
12694 	 -6.39
12700 	 -6.384
12702 	 -6.354
12706 	 -6.582
12710 	 -6.578
12714 	 -6.428
12718 	 -6.422
12720 	 -6.385
12724 	 -6.405
12728 	 -6.544
12736 	 -6.559
12742 	 -6.549
12750 	 -6.57
12752 	 -6.542
12758 	 -6.54
12768 	 -6.62
12770 	 -6.94
12772 	 -7.07
12776 	 -7.06
12786 	 -7.164
12790 	 -7.066
12794 	 -7.195
12796 	 -7.07
12802 	 -7.365
12804 	 -7.211
12806 	 -7.149
12816 	 -7.126
12818 	 -7.886
12820 	 -8.211
12824 	 -8.326
12828 	 -8.293
12830 	 -8.73
12842 	 -8.804
12858 	 -9.128
12860 	 -8.859
12872 	 -9.342
12874 	 -9.296
12886 	 -9.295
12888 	 -9.239
12894 	 -9.069
12896 	 -9.216
12908 	 -9.172
12920 	 -9.082
12924 	 -9.208
12930 	 -9.232
12932 	 -9.015
12942 	 -9.047
12948 	 -8.957
12950 	 -7.836
12952 	 -7.751
12954 	 -8.195
12956 	 -8.311
12962 	 -8.233
12966 	 -8.283
12968 	 -8.159
12970 	 -8.154
12972 	 -8.261
12978 	 -8.301
12984 	 -8.161
12990 	 -8.155
12992 	 -8.139
12994 	 -8.014
12996 	 -7.998
12998 	 -7.882
13004 	 -7.808
13008 	 -7.794
13014 	 -8.02
13020 	 -8.07
13028 	 -7.991
13036 	 -7.625
13042 	 -7.679
13044 	 -8.056
13054 	 -7.933
13058 	 -7.837
13060 	 -7.889
13068 	 -7.819
13070 	 -7.844
13076 	 -8.484
13078 	 -8.312
13080 	 -8.021
13084 	 -8.031
13086 	 -8.301
13090 	 -8.397
13092 	 -8.367
13094 	 -8.426
13102 	 -8.499
13114 	 -8.478
13116 	 -8.449
13118 	 -8.366
13126 	 -8.332
13130 	 -8.206
13132 	 -8.275
13140 	 -7.537
13142 	 -7.551
13144 	 -7.881
13156 	 -7.756
13162 	 -7.752
13164 	 -7.604
13168 	 -7.581
13170 	 -7.474
13186 	 -7.152
13188 	 -7.055
13204 	 -6.925
13206 	 -7.222
13214 	 -6.83
13226 	 -6.936
13248 	 -6.51
13258 	 -6.508
13266 	 -6.599
13270 	 -6.368
13274 	 -6.531
13290 	 -6.514
13304 	 -6.5
13306 	 -7.102
13308 	 -7.308
13318 	 -7.286
13338 	 -7.364
13340 	 -7.036
13346 	 -6.984
13372 	 -6.972
13374 	 -6.804
13382 	 -6.84
13388 	 -6.819
13394 	 -6.816
13408 	 -7.033
13414 	 -6.973
13416 	 -6.852
13432 	 -6.844
13436 	 -6.622
13440 	 -6.494
13442 	 -6.343
13454 	 -6.342
13462 	 -6.341
13470 	 -6.282
13480 	 -6.248
13486 	 -6.458
13488 	 -6.447
13490 	 -6.437
13500 	 -6.426
13504 	 -6.519
13510 	 -6.532
13514 	 -6.523
13516 	 -6.536
13542 	 -6.532
13546 	 -6.431
13548 	 -6.366
13556 	 -6.46
13564 	 -6.253
13566 	 -6.237
13568 	 -6.26
13588 	 -6.308
13592 	 -6.234
13594 	 -6.217
13596 	 -6.217
13598 	 -6.477
13600 	 -6.534
13604 	 -6.486
13606 	 -6.381
13610 	 -6.36
13612 	 -6.348
13616 	 -6.755
13618 	 -6.741
13628 	 -6.934
13630 	 -6.908
13632 	 -6.724
13658 	 -6.187
13662 	 -5.899
13668 	 -6.682
13672 	 -6.742
13674 	 -6.695
13684 	 -6.994
13688 	 -7.005
13690 	 -6.972
13700 	 -6.958
13704 	 -6.66
13712 	 -6.783
13714 	 -6.56
13722 	 -6.571
13726 	 -6.57
13728 	 -5.978
13730 	 -5.793
13742 	 -5.683
13744 	 -4.831
13750 	 -4.829
13754 	 -4.688
13756 	 -4.179
13764 	 -3.936
13766 	 -3.61
13778 	 -3.545
13782 	 -3.489
13786 	 -3.634
13788 	 -3.262
13798 	 -3.29
13800 	 -3.234
13810 	 -3.29
13814 	 -3.064
13816 	 -3.062
13822 	 -3.01
13824 	 -2.89
13826 	 -2.854
13832 	 -2.813
13834 	 -2.793
13844 	 -2.78
13848 	 -2.779
13854 	 -2.631
13856 	 -2.63
13860 	 -2.639
13866 	 -2.555
13876 	 -3.051
13882 	 -3.449
13896 	 -3.614
13900 	 -3.63
13902 	 -3.577
13904 	 -3.502
13912 	 -3.474
13918 	 -3.467
13924 	 -3.522
13928 	 -3.555
13930 	 -3.367
13950 	 -3.437
13952 	 -3.283
13954 	 -3.265
13962 	 -3.319
13984 	 -2.184
13992 	 -2.174
13998 	 -2.276
14004 	 -2.057
14006 	 -1.991
14010 	 -1.964
14012 	 -1.949
14014 	 -1.968
14016 	 -1.835
14020 	 -1.82
14032 	 -1.742
14054 	 -1.563
14072 	 -1.531
14080 	 -1.527
14084 	 -1.506
14092 	 -1.489
14094 	 -1.428
14108 	 -1.423
14112 	 -1.458
14114 	 -1.316
14124 	 -1.314
14134 	 -1.229
14140 	 -1.217
14146 	 -1.216
14148 	 -1.182
14150 	 -1.164
14152 	 -1.159
14158 	 -1.158
14160 	 -1.134
14178 	 -1.009
14184 	 -0.871
14192 	 -0.867
14200 	 -0.704
14214 	 -0.688
14238 	 -0.672
14246 	 -0.626
14266 	 -0.62
14280 	 -0.589
14294 	 -0.579
14296 	 -0.571
14308 	 -0.523
14310 	 -0.513
14314 	 -0.506
14318 	 -0.504
14326 	 -0.503
14338 	 -0.502
14350 	 -0.46
14352 	 -0.455
14416 	 -0.452
14426 	 -0.301
14434 	 -0.291
14440 	 -0.29
14450 	 -0.288
14458 	 -0.287
14512 	 -0.286
14520 	 -0.28
14534 	 -0.277
14566 	 -0.275
15000 	 -1.416
15024 	 -1.546
15050 	 -2.345
15078 	 -2.916
15112 	 -3.344
15158 	 -3.311
15162 	 -3.374
15174 	 -3.303
15186 	 -2.583
15216 	 -3.124
15232 	 -2.948
15238 	 -3.175
15250 	 -3.169
15262 	 -1.926
15268 	 -1.669
15282 	 -1.271
15298 	 -0.752
15310 	 -0.772
15336 	 -0.922
15342 	 -0.919
15346 	 -0.841
15356 	 -0.926
15360 	 -0.923
15374 	 -0.728
15400 	 -0.387
15422 	 -0.308
15456 	 -0.175
15486 	 -0.079
15558 	 -0.047
15660 	 -0.038
15708 	 -0.032
15864 	 -0.031
15904 	 -0.023
16000 	 -0.02
16334 	 -0.019
16388 	 -0.013
18000 	 -2.128
18020 	 -2.236
18042 	 -2.716
18064 	 -2.813
18088 	 -2.218
18120 	 -1.597
18154 	 -2.616
18180 	 -2.352
18190 	 -2.87
18234 	 -4.036
18252 	 -4.012
18262 	 -3.919
18270 	 -2.95
18278 	 -2.887
18286 	 -2.746
18296 	 -2.923
18316 	 -2.968
18328 	 -3.09
18336 	 -2.739
18342 	 -2.718
18348 	 -2.127
18360 	 -1.303
18368 	 -1.15
18384 	 -1.157
18402 	 -0.75
18420 	 -0.433
18426 	 -0.389
18434 	 -0.33
18448 	 -0.16
18472 	 -0.145
18552 	 -0.016
18864 	 -0.012
19002 	 0
21000 	 -1.44
21001 	 -1.44
