0 	 0
3000 	 -1.376
3024 	 -1.496
3050 	 -1.88
3062 	 -2.472
3078 	 -3.176
3112 	 -3.62
3158 	 -3.808
3164 	 -3.728
3186 	 -2.828
3198 	 -2.688
3216 	 -1.912
3232 	 -1.736
3238 	 -1.364
3262 	 -0.608
3296 	 -0.264
3400 	 -0.024
3636 	 -0.008
3904 	 0
6000 	 -2.478
6020 	 -2.638
6042 	 -3.286
6064 	 -3.582
6088 	 -3.11
6120 	 -2.686
6138 	 -2.872
6154 	 -3.312
6180 	 -3.048
6190 	 -3.516
6198 	 -3.5
6234 	 -3.9
6284 	 -4.203
6296 	 -4.179
6346 	 -4.159
6360 	 -2.871
6374 	 -2.271
6376 	 -1.719
6424 	 -1.319
6444 	 -0.761
6504 	 -0.637
6506 	 -0.613
6552 	 -0.501
6634 	 -0.359
6704 	 -0.331
6710 	 -0.307
6726 	 -0.295
6728 	 -0.267
6782 	 -0.263
6894 	 -0.165
6990 	 -0.145
6994 	 -0.125
7002 	 -0.093
7272 	 -0.089
7278 	 -0.085
7290 	 -0.073
7324 	 -0.025
9000 	 -1.433
9024 	 -1.537
9050 	 -2.497
9078 	 -3.177
9112 	 -3.761
9158 	 -3.713
9162 	 -3.797
9174 	 -3.705
9186 	 -2.857
9216 	 -3.589
9232 	 -3.413
9238 	 -3.801
9262 	 -1.973
9268 	 -1.305
9298 	 -0.417
9304 	 -0.413
9306 	 -0.409
9334 	 -0.277
9400 	 -0.025
9660 	 -0.009
9904 	 -0.001
12000 	 -2.554
12002 	 -2.49
12004 	 -3.241
12006 	 -4.038
12008 	 -5.782
12010 	 -6.42
12012 	 -7.267
12016 	 -7.464
12020 	 -8.026
12028 	 -8.16
12032 	 -7.968
12040 	 -8.002
12042 	 -8.478
12048 	 -8.275
12054 	 -7.786
12064 	 -7.886
12070 	 -8.216
12074 	 -7.737
12086 	 -8.002
12088 	 -7.39
12100 	 -7.202
12102 	 -6.981
12108 	 -7.035
12114 	 -7.176
12120 	 -6.648
12130 	 -6.224
12132 	 -6.54
12140 	 -6.805
12154 	 -7.973
12160 	 -8.06
12162 	 -8.033
12164 	 -7.923
12168 	 -8.238
12178 	 -8.401
12180 	 -8.354
12184 	 -8.206
12186 	 -8.217
12190 	 -8.533
12192 	 -8.476
12198 	 -8.424
12200 	 -8.227
12204 	 -8.194
12210 	 -8.251
12212 	 -9.295
12226 	 -9.816
12228 	 -9.961
12230 	 -9.921
12234 	 -11.269
12236 	 -10.949
12242 	 -10.853
12248 	 -11.178
12252 	 -10.423
12254 	 -10.12
12260 	 -10.042
12264 	 -9.977
12272 	 -9.976
12274 	 -8.724
12276 	 -8.818
12282 	 -8.524
12290 	 -8.252
12292 	 -8.066
12296 	 -8.372
12304 	 -8.084
12320 	 -8.086
12324 	 -7.482
12328 	 -7.618
12330 	 -7.773
12332 	 -7.805
12334 	 -7.392
12338 	 -7.14
12344 	 -6.344
12346 	 -6.403
12350 	 -6.384
12352 	 -6.328
12354 	 -6.301
12356 	 -6.249
12358 	 -6.23
12360 	 -5.278
12364 	 -5.33
12376 	 -5.299
12380 	 -5.424
12382 	 -5.416
12386 	 -5.367
12388 	 -5.24
12392 	 -5.447
12394 	 -5.42
12404 	 -5.148
12406 	 -5.222
12410 	 -4.952
12412 	 -4.989
12420 	 -4.978
12422 	 -4.88
12436 	 -5.19
12438 	 -4.473
12444 	 -4.422
12452 	 -4.649
12460 	 -4.566
12462 	 -4.491
12464 	 -4.425
12466 	 -4.89
12468 	 -4.77
12472 	 -4.688
12476 	 -4.66
12480 	 -4.846
12488 	 -4.812
12494 	 -4.773
12496 	 -4.739
12500 	 -4.861
12502 	 -5.016
12506 	 -4.891
12512 	 -5.288
12516 	 -5.238
12520 	 -5.208
12524 	 -5.648
12532 	 -5.639
12538 	 -5.619
12550 	 -5.515
12552 	 -5.395
12564 	 -5.563
12568 	 -5.326
12570 	 -5.32
12582 	 -5.176
12590 	 -5.135
12598 	 -5.405
12604 	 -5.4
12606 	 -5.337
12614 	 -5.287
12618 	 -5.768
12626 	 -5.949
12630 	 -6.572
12632 	 -6.565
12638 	 -6.561
12640 	 -6.379
12644 	 -6.482
12650 	 -6.437
12656 	 -6.429
12664 	 -6.589
12668 	 -6.135
12676 	 -6.063
12678 	 -5.962
12680 	 -5.955
12682 	 -5.932
12686 	 -5.976
12688 	 -6.031
12694 	 -6.046
12700 	 -5.856
12706 	 -6.084
12708 	 -6.137
12710 	 -6.133
12714 	 -5.957
12720 	 -5.965
12726 	 -5.956
12728 	 -5.993
12742 	 -5.989
12754 	 -6.081
12758 	 -6.012
12760 	 -6.023
12768 	 -6.065
12770 	 -6.298
12774 	 -6.695
12776 	 -6.685
12780 	 -7.336
12786 	 -7.236
12788 	 -7.172
12790 	 -7.269
12802 	 -7.247
12804 	 -7.098
12806 	 -7.333
12812 	 -7.282
12814 	 -7.28
12824 	 -7.351
12826 	 -7.375
12840 	 -7.727
12842 	 -7.475
12844 	 -7.506
12856 	 -7.225
12858 	 -7.486
12864 	 -7.59
12874 	 -7.544
12876 	 -7.7
12882 	 -7.653
12892 	 -7.632
12896 	 -7.537
12900 	 -7.02
12908 	 -6.57
12920 	 -6.48
12922 	 -6.309
12924 	 -6.274
12928 	 -6.08
12934 	 -6.223
12936 	 -6.204
12940 	 -6.206
12942 	 -6.161
12946 	 -6.142
12948 	 -6.043
12952 	 -5.959
12954 	 -5.89
12964 	 -5.936
12970 	 -5.978
12972 	 -5.931
12974 	 -5.779
12976 	 -5.77
12982 	 -5.768
12988 	 -5.76
12990 	 -5.751
12994 	 -5.782
12996 	 -5.775
13002 	 -5.788
13004 	 -5.714
13008 	 -5.475
13010 	 -5.214
13012 	 -5.182
13024 	 -5.303
13026 	 -6.156
13028 	 -6.115
13030 	 -5.942
13036 	 -6.033
13038 	 -6.11
13042 	 -6.192
13044 	 -6.561
13056 	 -6.473
13062 	 -6.511
13064 	 -6.455
13068 	 -6.336
13070 	 -6.304
13076 	 -6.314
13080 	 -6.045
13082 	 -5.92
13084 	 -5.918
13086 	 -5.651
13088 	 -5.701
13090 	 -5.694
13096 	 -5.631
13102 	 -5.631
13104 	 -5.675
13110 	 -5.71
13114 	 -5.689
13126 	 -5.512
13128 	 -5.477
13132 	 -5.308
13136 	 -5.214
13142 	 -5.02
13150 	 -5.069
13156 	 -4.952
13160 	 -4.733
13166 	 -4.476
13180 	 -4.544
13182 	 -4.45
13190 	 -4.568
13206 	 -4.461
13210 	 -4.425
13214 	 -4.387
13226 	 -4.547
13230 	 -4.554
13232 	 -4.719
13234 	 -4.716
13248 	 -4.114
13258 	 -4.112
13262 	 -4.115
13284 	 -3.992
13290 	 -3.975
13312 	 -4.006
13316 	 -4.055
13318 	 -4.039
13324 	 -3.989
13336 	 -4.036
13340 	 -3.642
13346 	 -3.752
13356 	 -3.737
13358 	 -3.94
13368 	 -3.888
13372 	 -3.876
13382 	 -3.657
13388 	 -3.517
13394 	 -3.515
13402 	 -3.486
13406 	 -3.24
13408 	 -3.22
13410 	 -3.082
13414 	 -2.815
13424 	 -2.783
13432 	 -2.745
13436 	 -2.709
13438 	 -2.708
13442 	 -2.415
13446 	 -2.404
13454 	 -2.403
13458 	 -2.336
13462 	 -2.335
13474 	 -2.334
13480 	 -2.274
13482 	 -2.258
13490 	 -2.248
13492 	 -2.227
13494 	 -2.16
13500 	 -2.141
13504 	 -2.052
13506 	 -2.019
13514 	 -2.01
13516 	 -1.983
13518 	 -1.96
13530 	 -1.908
13532 	 -1.903
13542 	 -1.899
13544 	 -1.888
13546 	 -1.584
13556 	 -1.581
13566 	 -1.56
13578 	 -1.556
13592 	 -1.487
13610 	 -1.447
13618 	 -1.433
13642 	 -1.421
13654 	 -1.419
13658 	 -1.34
13676 	 -1.332
13692 	 -1.313
13706 	 -1.312
13716 	 -1.289
13726 	 -1.285
13742 	 -1.274
13744 	 -0.832
13764 	 -0.827
13768 	 -0.823
13780 	 -0.818
13814 	 -0.776
13836 	 -0.775
13844 	 -0.762
13848 	 -0.741
13858 	 -0.739
13862 	 -0.737
13890 	 -0.732
13900 	 -0.724
13902 	 -0.671
13912 	 -0.665
13914 	 -0.664
13984 	 -0.568
14006 	 -0.563
14012 	 -0.548
14032 	 -0.47
14078 	 -0.455
14108 	 -0.45
14131 	 -0.449
14162 	 -0.447
14178 	 -0.442
14200 	 -0.386
14252 	 -0.384
14318 	 -0.382
14326 	 -0.381
14426 	 -0.23
14456 	 -0.229
15000 	 -1.413
15024 	 -1.543
15050 	 -2.196
15078 	 -2.646
15112 	 -2.888
15158 	 -3.053
15162 	 -3.095
15174 	 -3.047
15186 	 -2.684
15216 	 -2.877
15232 	 -2.701
15238 	 -2.828
15250 	 -2.822
15262 	 -2.693
15268 	 -2.521
15282 	 -2.257
15298 	 -1.91
15310 	 -1.99
15336 	 -2.587
15342 	 -2.584
15346 	 -2.532
15356 	 -2.872
15360 	 -2.869
15374 	 -2.1
15400 	 -1.416
15422 	 -1.097
15456 	 -0.57
15486 	 -0.19
15558 	 -0.056
15660 	 -0.05
15708 	 -0.038
15864 	 -0.028
15904 	 -0.02
16000 	 -0.017
16388 	 -0.011
18000 	 -2.128
18020 	 -2.254
18042 	 -2.798
18064 	 -2.972
18088 	 -2.474
18120 	 -1.992
18154 	 -2.912
18180 	 -2.648
18190 	 -3.374
18234 	 -4.404
18252 	 -4.388
18262 	 -4.016
18270 	 -3.37
18278 	 -3.328
18286 	 -3.234
18296 	 -4.494
18316 	 -4.524
18328 	 -5.012
18336 	 -4.778
18342 	 -4.864
18348 	 -4.47
18360 	 -4.096
18368 	 -3.484
18384 	 -3.512
18402 	 -2.644
18420 	 -1.376
18426 	 -1.2
18434 	 -0.964
18448 	 -0.284
18472 	 -0.224
18552 	 -0.024
18864 	 -0.008
19002 	 0
21000 	 -1.44
21001 	 -1.44
