0 	 0
3000 	 -1.376
3024 	 -1.496
3050 	 -1.88
3062 	 -2.472
3078 	 -3.176
3112 	 -3.62
3158 	 -3.808
3164 	 -3.728
3186 	 -2.828
3198 	 -2.688
3216 	 -1.912
3232 	 -1.736
3238 	 -1.364
3262 	 -0.608
3296 	 -0.264
3400 	 -0.024
3636 	 -0.008
3904 	 0
6000 	 -2.478
6020 	 -2.638
6042 	 -3.286
6064 	 -3.582
6088 	 -3.11
6120 	 -2.686
6138 	 -2.872
6154 	 -3.312
6180 	 -3.048
6190 	 -3.516
6198 	 -3.5
6234 	 -3.9
6284 	 -4.203
6296 	 -4.179
6346 	 -4.159
6360 	 -2.871
6374 	 -2.271
6376 	 -1.719
6424 	 -1.319
6444 	 -0.761
6504 	 -0.637
6506 	 -0.613
6552 	 -0.501
6634 	 -0.359
6704 	 -0.331
6710 	 -0.307
6726 	 -0.295
6728 	 -0.267
6782 	 -0.263
6894 	 -0.165
6990 	 -0.145
6994 	 -0.125
7002 	 -0.093
7272 	 -0.089
7278 	 -0.085
7290 	 -0.073
7324 	 -0.025
9000 	 -1.433
9024 	 -1.537
9050 	 -2.497
9078 	 -3.177
9112 	 -3.761
9158 	 -3.713
9162 	 -3.797
9174 	 -3.705
9186 	 -2.857
9216 	 -3.589
9232 	 -3.413
9238 	 -3.801
9262 	 -1.973
9268 	 -1.305
9298 	 -0.417
9304 	 -0.413
9306 	 -0.409
9334 	 -0.277
9400 	 -0.025
9660 	 -0.009
9904 	 -0.001
12000 	 -2.554
12002 	 -2.49
12004 	 -3.161
12006 	 -3.958
12008 	 -4.88
12010 	 -5.518
12012 	 -5.935
12016 	 -6.132
12020 	 -6.468
12028 	 -6.602
12032 	 -6.409
12040 	 -6.286
12042 	 -6.762
12048 	 -6.527
12054 	 -6.038
12064 	 -6.138
12070 	 -6.117
12074 	 -5.638
12086 	 -5.903
12088 	 -5.291
12100 	 -5.268
12102 	 -5.027
12120 	 -4.499
12130 	 -4.453
12132 	 -4.773
12140 	 -5.038
12154 	 -6.206
12162 	 -6.179
12164 	 -6.069
12178 	 -6.211
12180 	 -6.195
12186 	 -6.24
12190 	 -6.556
12198 	 -6.526
12200 	 -6.57
12206 	 -6.56
12212 	 -7.604
12228 	 -7.749
12230 	 -7.859
12234 	 -9.207
12236 	 -8.791
12252 	 -8.075
12254 	 -7.974
12256 	 -8.122
12260 	 -8.104
12264 	 -8.515
12272 	 -8.514
12274 	 -7.262
12282 	 -7.105
12286 	 -7.208
12290 	 -6.936
12294 	 -7.082
12296 	 -7.388
12304 	 -7.158
12312 	 -7.189
12324 	 -6.71
12328 	 -6.836
12332 	 -6.883
12334 	 -7.107
12338 	 -6.855
12344 	 -6.059
12350 	 -6.044
12354 	 -6.069
12360 	 -5.117
12364 	 -5.283
12368 	 -5.252
12372 	 -5.237
12382 	 -5.132
12386 	 -5.08
12394 	 -4.93
12404 	 -4.658
12406 	 -4.875
12410 	 -4.862
12412 	 -5.023
12420 	 -5.012
12422 	 -5.068
12436 	 -5.47
12438 	 -5.196
12444 	 -5.247
12452 	 -5.385
12460 	 -5.302
12462 	 -5.372
12464 	 -5.261
12466 	 -5.78
12480 	 -5.669
12482 	 -5.637
12494 	 -5.598
12496 	 -5.621
12500 	 -5.673
12502 	 -5.646
12516 	 -5.596
12520 	 -5.566
12528 	 -5.191
12542 	 -5.459
12552 	 -5.401
12564 	 -5.563
12572 	 -5.705
12576 	 -6.085
12578 	 -6.071
12584 	 -6.049
12588 	 -6
12590 	 -5.959
12592 	 -6.265
12604 	 -6.26
12608 	 -6.388
12610 	 -6.327
12614 	 -6.138
12626 	 -6.319
12628 	 -6.178
12630 	 -6.684
12638 	 -6.68
12640 	 -6.148
12644 	 -6.166
12650 	 -5.942
12666 	 -5.995
12672 	 -5.836
12692 	 -6.019
12700 	 -6.279
12706 	 -6.507
12708 	 -6.378
12710 	 -6.48
12714 	 -6.33
12724 	 -6.349
12730 	 -6.495
12732 	 -6.441
12742 	 -6.437
12758 	 -6.242
12760 	 -6.229
12768 	 -6.271
12770 	 -6.504
12782 	 -6.554
12786 	 -6.75
12796 	 -6.756
12802 	 -6.734
12804 	 -6.58
12806 	 -6.525
12816 	 -6.47
12818 	 -6.429
12826 	 -6.37
12834 	 -6.569
12844 	 -6.979
12850 	 -7.318
12866 	 -7.516
12874 	 -7.47
12890 	 -7.556
12894 	 -7.511
12896 	 -7.386
12902 	 -7.377
12908 	 -7.231
12920 	 -7.101
12924 	 -7.204
12930 	 -7.794
12936 	 -7.69
12942 	 -7.851
12944 	 -7.557
12950 	 -7.67
12952 	 -7.419
12954 	 -7.35
12970 	 -7.665
12972 	 -7.618
12974 	 -7.602
12980 	 -7.702
12984 	 -7.569
12990 	 -7.566
12994 	 -7.32
12996 	 -7.304
13004 	 -7.23
13006 	 -7.205
13008 	 -7.191
13012 	 -7.365
13022 	 -7.384
13026 	 -7.38
13028 	 -7.339
13032 	 -7.174
13034 	 -7.199
13044 	 -7.563
13064 	 -7.526
13068 	 -7.407
13074 	 -7.342
13076 	 -7.232
13078 	 -7.237
13080 	 -6.917
13092 	 -6.817
13102 	 -7.013
13112 	 -6.876
13114 	 -6.929
13134 	 -6.898
13140 	 -6.928
13142 	 -6.527
13146 	 -6.479
13148 	 -6.415
13150 	 -6.352
13170 	 -6.41
13172 	 -6.382
13174 	 -6.518
13194 	 -6.498
13206 	 -5.697
13214 	 -5.452
13224 	 -5.325
13230 	 -5.827
13238 	 -5.463
13248 	 -4.915
13258 	 -4.913
13272 	 -5.001
13284 	 -4.971
13288 	 -4.95
13290 	 -4.933
13294 	 -4.651
13298 	 -4.463
13304 	 -4.399
13308 	 -4.458
13316 	 -4.446
13334 	 -4.173
13340 	 -3.779
13346 	 -3.811
13350 	 -3.795
13354 	 -3.782
13372 	 -3.77
13374 	 -3.347
13388 	 -3.341
13392 	 -3.42
13394 	 -3.417
13408 	 -3.309
13414 	 -3.111
13428 	 -3.076
13442 	 -2.899
13448 	 -2.886
13450 	 -3.023
13458 	 -2.973
13466 	 -3.209
13486 	 -3.205
13490 	 -3.195
13492 	 -3.052
13500 	 -3.667
13508 	 -3.67
13510 	 -3.606
13514 	 -3.597
13524 	 -3.548
13534 	 -3.583
13542 	 -3.524
13546 	 -3.274
13554 	 -3.28
13558 	 -3.076
13562 	 -3.07
13568 	 -2.894
13572 	 -2.873
13574 	 -2.743
13580 	 -2.772
13592 	 -2.703
13600 	 -2.466
13604 	 -2.121
13614 	 -2.103
13618 	 -2.089
13646 	 -2.088
13658 	 -1.787
13674 	 -1.724
13682 	 -1.761
13688 	 -1.831
13714 	 -1.96
13716 	 -1.943
13726 	 -1.942
13744 	 -1.515
13746 	 -1.514
13764 	 -1.648
13768 	 -1.647
13772 	 -1.646
13804 	 -1.589
13814 	 -1.547
13816 	 -1.526
13824 	 -1.547
13826 	 -1.596
13842 	 -1.483
13844 	 -1.47
13846 	 -1.482
13848 	 -1.481
13864 	 -1.207
13888 	 -1.061
13900 	 -1.053
13902 	 -1
13912 	 -0.994
13924 	 -0.777
13970 	 -0.747
13984 	 -0.641
13986 	 -0.612
14012 	 -0.597
14032 	 -0.513
14074 	 -0.505
14076 	 -0.492
14090 	 -0.484
14108 	 -0.479
14160 	 -0.475
14200 	 -0.419
14242 	 -0.415
14284 	 -0.386
14318 	 -0.384
14326 	 -0.383
14408 	 -0.382
14426 	 -0.231
15000 	 -1.415
15024 	 -1.536
15050 	 -2.063
15078 	 -2.379
15112 	 -2.419
15158 	 -2.465
15162 	 -2.486
15174 	 -2.462
15186 	 -2.154
15216 	 -1.962
15232 	 -1.786
15238 	 -1.85
15250 	 -1.844
15262 	 -1.833
15268 	 -1.747
15282 	 -1.615
15298 	 -1.442
15308 	 -1.459
15310 	 -1.5
15334 	 -1.649
15336 	 -1.947
15342 	 -1.944
15346 	 -1.918
15354 	 -2.008
15356 	 -2.179
15360 	 -2.176
15374 	 -1.577
15400 	 -1.061
15422 	 -0.814
15456 	 -0.55
15460 	 -0.405
15486 	 -0.214
15492 	 -0.142
15558 	 -0.075
15574 	 -0.046
15660 	 -0.043
15708 	 -0.037
15864 	 -0.032
15904 	 -0.024
15916 	 -0.021
16000 	 -0.018
16308 	 -0.017
16388 	 -0.011
18000 	 -2.128
18020 	 -2.236
18042 	 -2.716
18064 	 -2.807
18088 	 -2.246
18120 	 -1.719
18154 	 -2.216
18180 	 -1.952
18190 	 -2.346
18234 	 -2.844
18252 	 -2.836
18262 	 -2.556
18270 	 -2.233
18278 	 -2.212
18286 	 -2.165
18296 	 -3.081
18316 	 -3.096
18328 	 -3.462
18336 	 -3.345
18342 	 -3.418
18348 	 -3.221
18360 	 -3.029
18368 	 -2.57
18384 	 -2.591
18402 	 -1.978
18420 	 -1.027
18426 	 -0.895
18434 	 -0.718
18448 	 -0.208
18472 	 -0.163
18552 	 -0.016
18864 	 -0.004
19002 	 0
21000 	 -1.44
21001 	 -1.44
