0 	 0
3000 	 -1.376
3024 	 -1.496
3050 	 -1.88
3062 	 -2.472
3078 	 -3.176
3112 	 -3.62
3158 	 -3.808
3164 	 -3.728
3186 	 -2.828
3198 	 -2.688
3216 	 -1.912
3232 	 -1.736
3238 	 -1.364
3262 	 -0.608
3296 	 -0.264
3400 	 -0.024
3636 	 -0.008
3904 	 0
6000 	 -2.478
6020 	 -2.638
6042 	 -3.286
6064 	 -3.582
6088 	 -3.11
6120 	 -2.686
6138 	 -2.872
6154 	 -3.312
6180 	 -3.048
6190 	 -3.516
6198 	 -3.5
6234 	 -3.9
6284 	 -4.203
6296 	 -4.179
6346 	 -4.159
6360 	 -2.871
6374 	 -2.271
6376 	 -1.719
6424 	 -1.319
6444 	 -0.761
6504 	 -0.637
6506 	 -0.613
6552 	 -0.501
6634 	 -0.359
6704 	 -0.331
6710 	 -0.307
6726 	 -0.295
6728 	 -0.267
6782 	 -0.263
6894 	 -0.165
6990 	 -0.145
6994 	 -0.125
7002 	 -0.093
7272 	 -0.089
7278 	 -0.085
7290 	 -0.073
7324 	 -0.025
9000 	 -1.433
9024 	 -1.537
9050 	 -2.497
9078 	 -3.177
9112 	 -3.761
9158 	 -3.713
9162 	 -3.797
9174 	 -3.705
9186 	 -2.857
9216 	 -3.589
9232 	 -3.413
9238 	 -3.801
9262 	 -1.973
9268 	 -1.305
9298 	 -0.417
9304 	 -0.413
9306 	 -0.409
9334 	 -0.277
9400 	 -0.025
9660 	 -0.009
9904 	 -0.001
12000 	 -2.54
12002 	 -2.421
12004 	 -2.612
12006 	 -3.198
12010 	 -4.268
12016 	 -4.597
12018 	 -4.643
12020 	 -4.759
12028 	 -4.893
12032 	 -4.859
12034 	 -4.918
12040 	 -4.689
12042 	 -5.165
12054 	 -4.676
12062 	 -4.894
12064 	 -4.97
12074 	 -4.491
12088 	 -3.879
12090 	 -3.969
12102 	 -3.853
12120 	 -3.233
12140 	 -3.498
12154 	 -4.534
12156 	 -4.564
12164 	 -4.454
12166 	 -4.538
12176 	 -4.589
12180 	 -4.556
12186 	 -4.729
12190 	 -5.045
12200 	 -5.267
12212 	 -6.311
12222 	 -6.204
12228 	 -6.349
12234 	 -7.697
12236 	 -7.952
12244 	 -8.228
12252 	 -7.512
12264 	 -7.473
12274 	 -6.221
12280 	 -6.038
12282 	 -5.91
12290 	 -5.638
12296 	 -5.944
12304 	 -5.933
12308 	 -5.918
12322 	 -5.835
12324 	 -5.231
12332 	 -5.263
12334 	 -5.265
12338 	 -5.013
12340 	 -4.952
12344 	 -4.156
12350 	 -4.137
12356 	 -4.311
12358 	 -4.291
12360 	 -3.339
12362 	 -3.408
12380 	 -3.256
12382 	 -3.248
12392 	 -3.202
12394 	 -3.223
12404 	 -2.951
12412 	 -2.998
12420 	 -2.987
12432 	 -2.676
12436 	 -3.04
12452 	 -3.267
12460 	 -3.184
12462 	 -3.159
12466 	 -3.624
12472 	 -3.467
12480 	 -3.653
12494 	 -3.595
12500 	 -3.55
12520 	 -3.52
12530 	 -3.609
12540 	 -3.547
12546 	 -3.943
12548 	 -4.06
12552 	 -3.933
12554 	 -3.911
12564 	 -4.079
12578 	 -4.06
12582 	 -3.856
12588 	 -3.855
12590 	 -3.844
12602 	 -3.701
12614 	 -3.77
12616 	 -3.735
12622 	 -3.72
12626 	 -3.901
12630 	 -4.258
12638 	 -4.254
12660 	 -4.362
12662 	 -4.286
12668 	 -4.298
12688 	 -4.29
12692 	 -4.402
12704 	 -4.372
12706 	 -4.634
12708 	 -4.895
12710 	 -4.891
12732 	 -4.628
12758 	 -4.626
12768 	 -4.668
12770 	 -5.182
12776 	 -5.169
12794 	 -5.589
12806 	 -5.899
12826 	 -6.02
12846 	 -5.854
12864 	 -5.604
12886 	 -5.924
12908 	 -5.769
12920 	 -5.679
12924 	 -5.904
12934 	 -5.845
12942 	 -5.877
12954 	 -5.941
12966 	 -5.917
12972 	 -5.946
12974 	 -6.098
12996 	 -6.082
13004 	 -6.008
13008 	 -5.994
13012 	 -5.819
13020 	 -5.809
13028 	 -5.768
13038 	 -5.779
13042 	 -5.806
13044 	 -6.232
13062 	 -6.231
13064 	 -6.862
13066 	 -6.828
13068 	 -6.68
13076 	 -6.536
13080 	 -6.222
13096 	 -6.189
13098 	 -6.29
13102 	 -6.285
13114 	 -6.264
13116 	 -6.333
13120 	 -6.396
13122 	 -6.349
13124 	 -6.391
13136 	 -6.412
13148 	 -6.597
13150 	 -7.155
13156 	 -7.218
13158 	 -7.191
13164 	 -6.961
13174 	 -7.048
13182 	 -6.87
13186 	 -6.946
13192 	 -6.945
13196 	 -6.817
13206 	 -6.917
13212 	 -7.013
13222 	 -6.812
13248 	 -6.817
13250 	 -6.811
13268 	 -6.864
13286 	 -6.741
13290 	 -6.724
13302 	 -6.977
13306 	 -6.845
13312 	 -6.799
13318 	 -6.908
13322 	 -6.983
13324 	 -6.729
13332 	 -6.73
13340 	 -6.336
13342 	 -6.655
13346 	 -6.687
13348 	 -6.663
13358 	 -6.565
13360 	 -6.365
13370 	 -6.283
13372 	 -6.271
13378 	 -6.278
13382 	 -6.374
13388 	 -6.368
13394 	 -6.378
13396 	 -6.346
13408 	 -6.323
13414 	 -6.188
13422 	 -6.185
13430 	 -6.196
13432 	 -6.199
13434 	 -6.23
13436 	 -6.285
13440 	 -6.259
13442 	 -6.082
13446 	 -6.29
13448 	 -6.201
13454 	 -6.151
13458 	 -6.303
13460 	 -6.409
13462 	 -6.399
13470 	 -6.38
13488 	 -6.517
13490 	 -6.507
13498 	 -6.454
13504 	 -6.504
13514 	 -6.495
13516 	 -6.459
13518 	 -6.457
13522 	 -6.415
13534 	 -6.357
13536 	 -6.345
13542 	 -6.341
13544 	 -6.192
13546 	 -5.472
13548 	 -5.451
13556 	 -5.704
13562 	 -5.646
13570 	 -5.638
13580 	 -6.237
13584 	 -6.235
13588 	 -6.469
13592 	 -6.4
13596 	 -6.44
13602 	 -6.487
13606 	 -6.604
13610 	 -6.558
13614 	 -7.005
13618 	 -6.991
13620 	 -6.961
13624 	 -6.721
13632 	 -6.616
13634 	 -6.863
13636 	 -6.668
13640 	 -6.656
13646 	 -7.218
13658 	 -6.399
13660 	 -6.409
13672 	 -6.301
13674 	 -6.37
13682 	 -6.095
13684 	 -6.042
13696 	 -6.041
13700 	 -5.848
13702 	 -5.609
13706 	 -5.573
13714 	 -5.384
13732 	 -4.955
13736 	 -4.975
13744 	 -3.955
13746 	 -3.862
13758 	 -3.82
13772 	 -3.604
13774 	 -3.604
13780 	 -3.447
13786 	 -3.532
13796 	 -3.684
13798 	 -3.646
13800 	 -3.487
13806 	 -3.425
13808 	 -3.457
13810 	 -3.399
13814 	 -3.265
13822 	 -3.228
13826 	 -3.119
13834 	 -3.189
13836 	 -3.157
13842 	 -3.129
13844 	 -3.116
13848 	 -3.065
13856 	 -3.036
13858 	 -2.977
13876 	 -3.083
13878 	 -3.026
13888 	 -3.444
13892 	 -3.653
13894 	 -3.619
13898 	 -3.481
13900 	 -3.473
13902 	 -3.42
13906 	 -3.337
13910 	 -3.567
13912 	 -3.561
13924 	 -3.503
13930 	 -3.429
13936 	 -3.446
13940 	 -3.428
13948 	 -3.324
13958 	 -3.062
13964 	 -3.152
13968 	 -3.127
13976 	 -2.96
13982 	 -2.953
13984 	 -2.283
13994 	 -2.225
14002 	 -2.21
14010 	 -2.117
14012 	 -2.102
14014 	 -1.832
14016 	 -1.808
14018 	 -1.62
14032 	 -1.542
14036 	 -1.527
14038 	 -1.345
14060 	 -1.454
14064 	 -1.446
14068 	 -1.228
14090 	 -1.18
14092 	 -1.154
14096 	 -1.122
14108 	 -1.086
14128 	 -1.057
14134 	 -1.173
14142 	 -1.111
14148 	 -1.061
14168 	 -1.054
14180 	 -1.09
14190 	 -1.021
14192 	 -1.019
14200 	 -0.963
14206 	 -0.955
14208 	 -1.01
14216 	 -1.003
14224 	 -0.977
14234 	 -0.976
14238 	 -0.974
14256 	 -0.824
14268 	 -0.813
14280 	 -0.833
14282 	 -0.705
14288 	 -0.643
14308 	 -0.625
14312 	 -0.596
14318 	 -0.591
14326 	 -0.59
14334 	 -0.511
14378 	 -0.49
14384 	 -0.472
14404 	 -0.45
14426 	 -0.299
14458 	 -0.297
14490 	 -0.294
14502 	 -0.285
14580 	 -0.278
14600 	 -0.273
14608 	 -0.274
14614 	 -0.267
15000 	 -1.422
15024 	 -1.571
15050 	 -2.337
15078 	 -2.92
15112 	 -3.357
15158 	 -3.312
15162 	 -3.374
15174 	 -3.303
15186 	 -2.581
15216 	 -3.128
15232 	 -2.952
15238 	 -3.18
15250 	 -3.174
15262 	 -1.933
15268 	 -1.674
15282 	 -1.277
15286 	 -1.273
15298 	 -0.754
15308 	 -0.771
15334 	 -0.919
15342 	 -0.916
15346 	 -0.838
15354 	 -0.929
15360 	 -0.926
15374 	 -0.711
15400 	 -0.378
15422 	 -0.29
15460 	 -0.144
15486 	 -0.142
15492 	 -0.071
15574 	 -0.042
15660 	 -0.033
15904 	 -0.025
15916 	 -0.022
16000 	 -0.019
16144 	 -0.018
16388 	 -0.012
18000 	 -2.128
18020 	 -2.236
18042 	 -2.716
18064 	 -2.813
18088 	 -2.218
18120 	 -1.597
18154 	 -2.616
18180 	 -2.352
18190 	 -2.87
18234 	 -4.036
18252 	 -4.012
18262 	 -3.918
18270 	 -2.949
18278 	 -2.886
18286 	 -2.745
18296 	 -2.923
18316 	 -2.968
18328 	 -3.09
18336 	 -2.739
18342 	 -2.718
18348 	 -2.127
18360 	 -1.303
18368 	 -1.15
18384 	 -1.157
18402 	 -0.75
18420 	 -0.433
18426 	 -0.389
18434 	 -0.33
18448 	 -0.16
18472 	 -0.145
18552 	 -0.016
18864 	 -0.012
19002 	 0
21000 	 -1.44
21001 	 -1.44
