0 	 0
3000 	 -1.376
3024 	 -1.496
3050 	 -1.88
3062 	 -2.472
3078 	 -3.176
3112 	 -3.62
3158 	 -3.808
3164 	 -3.728
3186 	 -2.828
3198 	 -2.688
3216 	 -1.912
3232 	 -1.736
3238 	 -1.364
3262 	 -0.608
3296 	 -0.264
3400 	 -0.024
3636 	 -0.008
3904 	 0
6000 	 -2.478
6020 	 -2.638
6042 	 -3.286
6064 	 -3.582
6088 	 -3.11
6120 	 -2.686
6138 	 -2.872
6154 	 -3.312
6180 	 -3.048
6190 	 -3.516
6198 	 -3.5
6234 	 -3.9
6284 	 -4.203
6296 	 -4.179
6346 	 -4.159
6360 	 -2.871
6374 	 -2.271
6376 	 -1.719
6424 	 -1.319
6444 	 -0.761
6504 	 -0.637
6506 	 -0.613
6552 	 -0.501
6634 	 -0.359
6704 	 -0.331
6710 	 -0.307
6726 	 -0.295
6728 	 -0.267
6782 	 -0.263
6894 	 -0.165
6990 	 -0.145
6994 	 -0.125
7002 	 -0.093
7272 	 -0.089
7278 	 -0.085
7290 	 -0.073
7324 	 -0.025
9000 	 -1.433
9024 	 -1.537
9050 	 -2.497
9078 	 -3.177
9112 	 -3.761
9158 	 -3.713
9162 	 -3.797
9174 	 -3.705
9186 	 -2.857
9216 	 -3.589
9232 	 -3.413
9238 	 -3.801
9262 	 -1.973
9268 	 -1.305
9298 	 -0.417
9304 	 -0.413
9306 	 -0.409
9334 	 -0.277
9400 	 -0.025
9660 	 -0.009
9904 	 -0.001
12000 	 -2.554
12002 	 -2.49
12004 	 -3.161
12006 	 -3.958
12008 	 -4.874
12010 	 -5.512
12012 	 -5.933
12016 	 -6.13
12020 	 -6.472
12028 	 -6.606
12032 	 -6.413
12040 	 -6.36
12042 	 -6.836
12048 	 -6.601
12054 	 -6.112
12064 	 -6.212
12070 	 -6.367
12074 	 -5.888
12088 	 -5.276
12100 	 -5.18
12102 	 -4.939
12114 	 -5.08
12120 	 -4.552
12130 	 -4.339
12140 	 -4.604
12154 	 -5.64
12162 	 -5.613
12164 	 -5.503
12178 	 -5.553
12180 	 -5.52
12184 	 -5.372
12186 	 -5.372
12190 	 -5.688
12192 	 -5.631
12198 	 -5.601
12200 	 -5.389
12210 	 -5.495
12212 	 -6.539
12226 	 -6.998
12228 	 -7.143
12230 	 -6.994
12234 	 -8.342
12242 	 -8.345
12248 	 -8.357
12252 	 -7.602
12254 	 -7.4
12264 	 -7.335
12274 	 -6.083
12276 	 -6.122
12282 	 -5.825
12290 	 -5.553
12296 	 -5.859
12302 	 -5.971
12304 	 -5.895
12320 	 -5.897
12324 	 -5.293
12330 	 -5.375
12332 	 -5.407
12334 	 -5.376
12338 	 -5.124
12344 	 -4.328
12350 	 -4.309
12356 	 -4.231
12358 	 -4.212
12360 	 -3.26
12368 	 -3.446
12374 	 -3.187
12382 	 -3.179
12400 	 -3.21
12402 	 -3.046
12404 	 -2.774
12420 	 -2.763
12436 	 -3.101
12438 	 -2.754
12444 	 -2.776
12452 	 -3.003
12460 	 -2.92
12462 	 -2.97
12466 	 -3.294
12474 	 -3.624
12476 	 -3.581
12480 	 -3.767
12494 	 -3.728
12498 	 -3.707
12500 	 -3.769
12502 	 -3.939
12520 	 -3.909
12526 	 -4.044
12532 	 -4.035
12550 	 -3.852
12552 	 -3.732
12564 	 -3.9
12568 	 -3.907
12570 	 -3.863
12572 	 -3.824
12590 	 -3.813
12602 	 -3.97
12626 	 -4.151
12630 	 -4.622
12638 	 -4.668
12650 	 -4.494
12656 	 -4.482
12664 	 -4.341
12666 	 -4.6
12672 	 -4.673
12682 	 -5.188
12684 	 -5.023
12690 	 -5.029
12706 	 -5.257
12708 	 -5.279
12710 	 -5.275
12716 	 -5.521
12726 	 -5.585
12742 	 -5.75
12748 	 -5.744
12752 	 -5.744
12758 	 -5.711
12760 	 -5.736
12762 	 -5.941
12768 	 -5.876
12770 	 -6.032
12780 	 -5.833
12784 	 -5.837
12794 	 -5.71
12796 	 -5.62
12814 	 -5.618
12826 	 -5.507
12840 	 -5.402
12852 	 -5.384
12854 	 -5.364
12870 	 -5.508
12894 	 -5.487
12908 	 -5.364
12920 	 -5.274
12924 	 -5.318
12942 	 -5.341
12950 	 -5.33
12954 	 -5.261
12972 	 -5.574
12986 	 -5.895
12990 	 -5.889
12996 	 -5.873
13000 	 -5.817
13004 	 -5.743
13008 	 -5.729
13026 	 -6.056
13028 	 -6.015
13038 	 -6.061
13044 	 -6.478
13066 	 -6.057
13068 	 -5.938
13074 	 -6.013
13080 	 -5.699
13082 	 -5.393
13084 	 -5.35
13092 	 -5.152
13098 	 -5.15
13102 	 -5.145
13104 	 -5.152
13106 	 -4.978
13108 	 -5.04
13114 	 -5.019
13124 	 -4.961
13130 	 -4.929
13144 	 -5.03
13148 	 -5.133
13172 	 -5.297
13206 	 -5.657
13222 	 -5.693
13226 	 -5.709
13248 	 -5.064
13254 	 -5.077
13264 	 -5.044
13274 	 -4.974
13290 	 -4.957
13306 	 -5.712
13340 	 -5.318
13344 	 -5.289
13346 	 -5.445
13356 	 -5.514
13372 	 -5.55
13388 	 -5.544
13390 	 -5.707
13394 	 -5.704
13408 	 -6.043
13414 	 -5.785
13430 	 -5.745
13432 	 -5.682
13442 	 -5.571
13446 	 -5.538
13450 	 -5.675
13454 	 -5.69
13458 	 -5.576
13468 	 -5.617
13472 	 -5.563
13476 	 -5.564
13482 	 -5.622
13490 	 -5.612
13498 	 -5.665
13500 	 -5.533
13504 	 -5.376
13514 	 -5.367
13516 	 -5.353
13518 	 -5.386
13534 	 -5.267
13540 	 -5.426
13542 	 -5.422
13546 	 -5.273
13550 	 -5.124
13556 	 -5.074
13560 	 -5.052
13578 	 -4.799
13592 	 -4.463
13610 	 -4.348
13616 	 -4.3
13618 	 -4.286
13632 	 -4.227
13636 	 -4.132
13642 	 -4.128
13644 	 -4.149
13654 	 -4.147
13656 	 -4.146
13658 	 -5.089
13668 	 -4.994
13670 	 -4.853
13672 	 -5.106
13688 	 -4.882
13690 	 -5.122
13700 	 -5.296
13702 	 -5.294
13714 	 -5.127
13726 	 -4.96
13728 	 -4.991
13744 	 -4.663
13746 	 -4.371
13748 	 -4.371
13754 	 -4.163
13766 	 -4.21
13768 	 -4.065
13776 	 -3.828
13786 	 -3.753
13788 	 -3.91
13798 	 -3.937
13802 	 -3.588
13804 	 -3.515
13812 	 -3.424
13814 	 -3.382
13816 	 -3.329
13826 	 -3.493
13832 	 -3.372
13840 	 -3.289
13842 	 -3.285
13844 	 -3.272
13846 	 -3.264
13855 	 -3.598
13858 	 -3.595
13860 	 -3.558
13862 	 -3.574
13868 	 -3.583
13872 	 -3.505
13876 	 -3.483
13886 	 -3.361
13890 	 -3.422
13898 	 -3.464
13900 	 -3.362
13902 	 -3.231
13906 	 -3.297
13912 	 -3.291
13914 	 -3.654
13936 	 -3.633
13938 	 -3.707
13944 	 -3.704
13964 	 -4.28
13978 	 -4.279
13984 	 -2.772
13986 	 -3.488
13990 	 -3.691
14002 	 -3.542
14004 	 -3.94
14012 	 -3.925
14018 	 -3.924
14020 	 -4.195
14022 	 -3.907
14024 	 -3.936
14026 	 -4.044
14032 	 -4.012
14036 	 -3.864
14040 	 -3.953
14044 	 -3.927
14056 	 -3.787
14066 	 -3.363
14068 	 -3.348
14072 	 -3.347
14076 	 -3.289
14080 	 -3.404
14086 	 -3.475
14088 	 -3.393
14090 	 -3.312
14096 	 -3.268
14106 	 -3.118
14108 	 -3.113
14110 	 -2.998
14112 	 -2.984
14114 	 -2.977
14116 	 -2.957
14118 	 -2.858
14122 	 -2.671
14124 	 -2.554
14128 	 -2.533
14130 	 -2.421
14136 	 -2.289
14142 	 -2.352
14150 	 -2.237
14172 	 -2.38
14176 	 -2.299
14178 	 -2.193
14184 	 -2.161
14190 	 -2.207
14192 	 -2.193
14196 	 -2.821
14200 	 -2.752
14202 	 -2.841
14212 	 -2.943
14220 	 -3.065
14224 	 -3.063
14230 	 -3.06
14232 	 -2.976
14234 	 -2.946
14236 	 -2.941
14244 	 -2.848
14248 	 -2.905
14250 	 -2.867
14252 	 -2.916
14254 	 -2.907
14258 	 -2.908
14260 	 -2.905
14270 	 -2.675
14272 	 -2.74
14274 	 -2.726
14282 	 -2.612
14290 	 -2.507
14298 	 -2.512
14304 	 -2.454
14312 	 -2.302
14318 	 -2.092
14320 	 -2.09
14322 	 -1.867
14326 	 -1.866
14330 	 -1.861
14332 	 -1.821
14336 	 -1.794
14350 	 -1.565
14360 	 -1.451
14376 	 -1.37
14384 	 -1.195
14390 	 -1.176
14412 	 -1.253
14416 	 -1.25
14420 	 -1.241
14422 	 -1.224
14426 	 -1.073
14436 	 -1.066
14440 	 -1.043
14450 	 -0.971
14454 	 -0.869
14456 	 -0.868
14458 	 -0.853
14498 	 -0.724
14504 	 -0.693
14514 	 -0.624
14520 	 -0.553
14534 	 -0.499
14548 	 -0.491
14556 	 -0.388
14568 	 -0.387
14582 	 -0.378
14594 	 -0.374
14602 	 -0.365
14614 	 -0.34
14644 	 -0.339
14682 	 -0.327
14712 	 -0.296
14720 	 -0.292
14732 	 -0.288
15000 	 -1.421
15024 	 -1.561
15050 	 -2.342
15078 	 -2.919
15112 	 -3.354
15158 	 -3.38
15162 	 -3.44
15174 	 -3.368
15186 	 -2.752
15216 	 -3.318
15232 	 -3.142
15238 	 -3.337
15250 	 -3.331
15262 	 -2.293
15266 	 -2.264
15268 	 -2.092
15276 	 -1.938
15282 	 -1.674
15298 	 -1.327
15300 	 -1.157
15308 	 -1.174
15310 	 -1.194
15334 	 -1.342
15336 	 -1.491
15342 	 -1.488
15346 	 -1.436
15350 	 -1.414
15354 	 -1.505
15356 	 -1.591
15360 	 -1.588
15374 	 -1.178
15400 	 -0.725
15422 	 -0.558
15456 	 -0.425
15460 	 -0.279
15486 	 -0.183
15492 	 -0.112
15558 	 -0.08
15574 	 -0.051
15658 	 -0.048
15660 	 -0.042
15708 	 -0.036
15864 	 -0.033
15904 	 -0.025
15916 	 -0.022
15954 	 -0.021
16000 	 -0.018
16044 	 -0.017
16388 	 -0.011
18000 	 -2.128
18020 	 -2.245
18042 	 -2.757
18064 	 -2.894
18088 	 -2.339
18120 	 -1.764
18154 	 -2.864
18180 	 -2.6
18190 	 -3.253
18234 	 -4.518
18252 	 -4.494
18262 	 -4.307
18270 	 -3.338
18278 	 -3.275
18286 	 -3.134
18296 	 -3.669
18316 	 -3.714
18328 	 -3.958
18336 	 -3.607
18342 	 -3.616
18348 	 -3.025
18360 	 -2.268
18368 	 -1.962
18384 	 -1.976
18402 	 -1.39
18420 	 -0.756
18426 	 -0.668
18434 	 -0.55
18448 	 -0.21
18472 	 -0.18
18552 	 -0.02
18864 	 -0.012
19002 	 0
21000 	 -1.44
21001 	 -1.44
