0 	 0
3000 	 -1.376
3024 	 -1.496
3050 	 -1.88
3062 	 -2.472
3078 	 -3.176
3112 	 -3.62
3158 	 -3.808
3164 	 -3.728
3186 	 -2.828
3198 	 -2.688
3216 	 -1.912
3232 	 -1.736
3238 	 -1.364
3262 	 -0.608
3296 	 -0.264
3400 	 -0.024
3636 	 -0.008
3904 	 0
6000 	 -2.478
6020 	 -2.638
6042 	 -3.286
6064 	 -3.582
6088 	 -3.11
6120 	 -2.686
6138 	 -2.872
6154 	 -3.312
6180 	 -3.048
6190 	 -3.516
6198 	 -3.5
6234 	 -3.9
6284 	 -4.203
6296 	 -4.179
6346 	 -4.159
6360 	 -2.871
6374 	 -2.271
6376 	 -1.719
6424 	 -1.319
6444 	 -0.761
6504 	 -0.637
6506 	 -0.613
6552 	 -0.501
6634 	 -0.359
6704 	 -0.331
6710 	 -0.307
6726 	 -0.295
6728 	 -0.267
6782 	 -0.263
6894 	 -0.165
6990 	 -0.145
6994 	 -0.125
7002 	 -0.093
7272 	 -0.089
7278 	 -0.085
7290 	 -0.073
7324 	 -0.025
9000 	 -1.433
9024 	 -1.537
9050 	 -2.497
9078 	 -3.177
9112 	 -3.761
9158 	 -3.713
9162 	 -3.797
9174 	 -3.705
9186 	 -2.857
9216 	 -3.589
9232 	 -3.413
9238 	 -3.801
9262 	 -1.973
9268 	 -1.305
9298 	 -0.417
9304 	 -0.413
9306 	 -0.409
9334 	 -0.277
9400 	 -0.025
9660 	 -0.009
9904 	 -0.001
12000 	 -2.54
12002 	 -2.421
12004 	 -2.692
12006 	 -3.278
12008 	 -4.1
12010 	 -5.17
12012 	 -5.6
12016 	 -5.929
12018 	 -5.975
12020 	 -6.317
12028 	 -6.451
12032 	 -6.417
12034 	 -6.469
12040 	 -6.426
12042 	 -6.902
12054 	 -6.413
12062 	 -6.605
12064 	 -6.681
12070 	 -7.056
12074 	 -6.577
12088 	 -5.965
12090 	 -6.007
12100 	 -5.946
12102 	 -5.83
12120 	 -5.296
12130 	 -5.109
12140 	 -5.374
12154 	 -6.41
12156 	 -6.422
12160 	 -6.78
12164 	 -6.67
12166 	 -6.627
12176 	 -6.579
12178 	 -6.516
12180 	 -6.483
12184 	 -6.437
12186 	 -6.437
12188 	 -6.444
12190 	 -6.76
12198 	 -6.738
12200 	 -6.634
12210 	 -6.672
12212 	 -7.716
12222 	 -7.609
12228 	 -7.908
12230 	 -7.895
12234 	 -9.243
12236 	 -9.175
12246 	 -9.604
12250 	 -9.568
12252 	 -8.852
12254 	 -8.65
12256 	 -8.548
12262 	 -8.659
12264 	 -8.629
12266 	 -8.514
12274 	 -7.262
12276 	 -7.066
12278 	 -7.179
12282 	 -6.993
12284 	 -7.126
12286 	 -7.172
12288 	 -7.088
12290 	 -6.816
12296 	 -7.122
12304 	 -7.078
12308 	 -7.063
12310 	 -6.862
12314 	 -6.887
12320 	 -6.889
12324 	 -6.285
12330 	 -6.275
12332 	 -6.307
12334 	 -6.344
12338 	 -6.058
12342 	 -5.97
12344 	 -5.174
12350 	 -5.102
12358 	 -5.125
12360 	 -4.173
12376 	 -4.072
12380 	 -3.924
12382 	 -3.916
12392 	 -3.921
12404 	 -3.426
12420 	 -3.415
12432 	 -3.428
12436 	 -3.748
12438 	 -3.348
12444 	 -3.371
12452 	 -3.598
12456 	 -3.258
12460 	 -3.175
12462 	 -3.253
12466 	 -3.718
12480 	 -3.904
12494 	 -3.865
12504 	 -3.872
12510 	 -3.827
12520 	 -3.797
12550 	 -3.706
12552 	 -3.586
12558 	 -3.865
12564 	 -4.033
12576 	 -3.939
12578 	 -4.142
12580 	 -4.21
12586 	 -4.192
12590 	 -4.181
12608 	 -4.033
12624 	 -4.02
12626 	 -4.199
12630 	 -4.67
12636 	 -4.762
12638 	 -4.758
12672 	 -4.68
12676 	 -4.853
12682 	 -5.235
12686 	 -5.559
12698 	 -5.742
12702 	 -5.747
12706 	 -5.975
12708 	 -5.888
12710 	 -5.884
12714 	 -5.979
12716 	 -6.073
12730 	 -6.055
12734 	 -5.831
12744 	 -5.517
12746 	 -5.391
12758 	 -5.234
12760 	 -5.207
12762 	 -5.252
12766 	 -5.147
12768 	 -5.189
12770 	 -5.256
12776 	 -5.246
12786 	 -5.309
12788 	 -5.383
12794 	 -5.411
12816 	 -5.601
12828 	 -5.655
12830 	 -5.779
12848 	 -5.757
12850 	 -5.79
12852 	 -5.777
12858 	 -5.992
12860 	 -5.802
12864 	 -5.79
12880 	 -5.925
12890 	 -5.997
12892 	 -5.99
12906 	 -5.972
12908 	 -5.688
12910 	 -5.681
12912 	 -5.896
12920 	 -5.982
12922 	 -5.846
12924 	 -5.811
12942 	 -5.843
12946 	 -6.299
12952 	 -6.838
12954 	 -6.904
12960 	 -6.898
12966 	 -6.885
12968 	 -7.25
12970 	 -7.234
12972 	 -7.187
12976 	 -7.414
12990 	 -7.408
12992 	 -7.383
12996 	 -7.361
12998 	 -7.64
13004 	 -7.566
13008 	 -7.552
13010 	 -7.253
13020 	 -7.676
13022 	 -7.674
13026 	 -7.649
13028 	 -7.608
13034 	 -7.531
13038 	 -7.53
13040 	 -7.998
13044 	 -8.364
13050 	 -8.16
13054 	 -7.993
13062 	 -7.992
13066 	 -8.123
13068 	 -8.004
13072 	 -7.983
13080 	 -7.442
13082 	 -7.321
13092 	 -7.239
13094 	 -7.232
13098 	 -6.975
13100 	 -6.746
13102 	 -6.741
13110 	 -6.614
13114 	 -6.714
13116 	 -6.618
13118 	 -6.729
13128 	 -6.767
13138 	 -6.287
13142 	 -6.204
13150 	 -5.808
13158 	 -5.803
13170 	 -5.844
13172 	 -5.865
13174 	 -5.733
13180 	 -5.74
13182 	 -5.735
13190 	 -5.644
13194 	 -5.577
13204 	 -5.816
13206 	 -5.672
13218 	 -5.722
13220 	 -5.828
13222 	 -5.778
13226 	 -5.699
13246 	 -5.677
13248 	 -5.21
13252 	 -5.153
13260 	 -5.251
13266 	 -5.344
13270 	 -5.366
13284 	 -5.33
13290 	 -5.313
13306 	 -5.303
13308 	 -5.149
13312 	 -5.163
13334 	 -5.237
13340 	 -4.843
13346 	 -4.578
13350 	 -4.576
13352 	 -4.692
13368 	 -4.749
13370 	 -4.657
13372 	 -4.287
13374 	 -4.404
13384 	 -4.564
13388 	 -4.591
13394 	 -4.588
13398 	 -4.377
13402 	 -4.54
13414 	 -4.56
13420 	 -4.552
13430 	 -4.611
13440 	 -4.562
13442 	 -4.542
13446 	 -4.364
13454 	 -4.353
13460 	 -4.174
13466 	 -4.163
13468 	 -4.125
13474 	 -4.419
13484 	 -4.325
13486 	 -4.341
13488 	 -4.083
13490 	 -4.11
13498 	 -4.32
13508 	 -4.316
13510 	 -4.168
13512 	 -4.215
13514 	 -4.206
13528 	 -4.138
13534 	 -4.086
13542 	 -4.082
13544 	 -4.057
13546 	 -3.344
13550 	 -3.263
13552 	 -3.117
13560 	 -3.169
13564 	 -3.224
13568 	 -3.2
13572 	 -3.172
13582 	 -3.085
13590 	 -2.757
13592 	 -2.688
13608 	 -2.663
13616 	 -2.702
13618 	 -2.703
13624 	 -2.695
13636 	 -2.719
13650 	 -2.768
13656 	 -2.848
13658 	 -2.623
13666 	 -2.61
13672 	 -2.566
13684 	 -2.522
13694 	 -2.614
13714 	 -2.599
13732 	 -2.586
13744 	 -1.95
13748 	 -1.948
13756 	 -1.931
13760 	 -1.925
13770 	 -1.91
13778 	 -1.906
13804 	 -1.981
13806 	 -2.068
13814 	 -2.026
13838 	 -1.989
13840 	 -1.981
13844 	 -2.014
13862 	 -2.009
13876 	 -1.963
13880 	 -1.923
13894 	 -1.812
13900 	 -1.804
13902 	 -1.751
13912 	 -1.745
13918 	 -1.73
13920 	 -1.703
13932 	 -1.69
13942 	 -1.662
13946 	 -1.66
13958 	 -1.531
13976 	 -1.495
13980 	 -1.473
13982 	 -1.447
13984 	 -1.512
14008 	 -1.509
14012 	 -1.494
14028 	 -1.574
14032 	 -1.496
14036 	 -1.42
14056 	 -1.407
14080 	 -1.412
14086 	 -1.363
14088 	 -1.361
14102 	 -1.262
14108 	 -1.257
14134 	 -1.247
14140 	 -1.333
14170 	 -1.258
14200 	 -1.246
14210 	 -1.316
14222 	 -1.315
14244 	 -1.287
14248 	 -1.099
14254 	 -1.125
14260 	 -1.122
14266 	 -1.114
14292 	 -0.96
14314 	 -0.898
14316 	 -0.897
14318 	 -0.895
14322 	 -1.069
14326 	 -1.068
14332 	 -1.047
14350 	 -1.02
14358 	 -0.995
14370 	 -0.985
14372 	 -1.11
14374 	 -1.529
14382 	 -1.451
14388 	 -1.449
14402 	 -1.497
14426 	 -1.814
14432 	 -1.805
14460 	 -1.764
14478 	 -1.8
14486 	 -1.837
14500 	 -1.868
14502 	 -1.693
14520 	 -1.531
14524 	 -1.588
14538 	 -1.582
14548 	 -1.328
14568 	 -1.236
14575 	 -1.293
14628 	 -2.178
14634 	 -2.176
14636 	 -2.124
14640 	 -2.226
14646 	 -2.346
14660 	 -2.418
14670 	 -2.529
14684 	 -2.585
14688 	 -2.585
14708 	 -2.623
14712 	 -2.65
14724 	 -2.645
14730 	 -3.523
14734 	 -3.275
14740 	 -3.18
14742 	 -3.062
14744 	 -3.369
14752 	 -3.34
14764 	 -3.054
14768 	 -2.871
14780 	 -2.8
14786 	 -2.923
14792 	 -2.834
14808 	 -2.674
14812 	 -2.821
14816 	 -2.989
14852 	 -1.892
14864 	 -1.873
14870 	 -1.459
14872 	 -1.523
14892 	 -1.469
14894 	 -1.475
14902 	 -1.457
14920 	 -1.467
14924 	 -1.363
14942 	 -1.327
14952 	 -1.393
14962 	 -1.316
15000 	 -2.184
15024 	 -2.31
15028 	 -2.327
15048 	 -2.336
15050 	 -2.998
15056 	 -3.017
15068 	 -2.826
15072 	 -2.857
15078 	 -3.322
15092 	 -3.344
15094 	 -3.242
15112 	 -3.508
15120 	 -3.271
15136 	 -3.286
15154 	 -3.218
15158 	 -3.244
15162 	 -3.286
15170 	 -3.248
15174 	 -3.2
15186 	 -2.67
15208 	 -2.622
15216 	 -2.925
15228 	 -2.87
15232 	 -2.694
15238 	 -2.822
15250 	 -2.816
15262 	 -2.366
15268 	 -2.193
15282 	 -1.929
15294 	 -1.913
15298 	 -1.567
15300 	 -1.599
15306 	 -1.618
15308 	 -1.607
15310 	 -1.627
15324 	 -1.78
15332 	 -1.933
15336 	 -2.083
15342 	 -2.08
15344 	 -2.125
15346 	 -2.066
15352 	 -2.146
15356 	 -2.231
15360 	 -2.228
15364 	 -2.014
15372 	 -1.796
15374 	 -1.606
15380 	 -1.591
15398 	 -1.59
15400 	 -1.026
15422 	 -0.842
15434 	 -0.725
15456 	 -0.594
15462 	 -0.506
15466 	 -0.358
15486 	 -0.261
15490 	 -0.207
15498 	 -0.151
15552 	 -0.132
15558 	 -0.097
15598 	 -0.076
15658 	 -0.068
15660 	 -0.062
15666 	 -0.042
15744 	 -0.041
15864 	 -0.037
15904 	 -0.029
15966 	 -0.027
15994 	 -0.025
16000 	 -0.022
16116 	 -0.019
16200 	 -0.017
16388 	 -0.011
18000 	 -2.128
18020 	 -2.245
18042 	 -2.757
18064 	 -2.891
18088 	 -2.353
18120 	 -1.825
18154 	 -2.664
18180 	 -2.4
18190 	 -2.991
18234 	 -3.922
18252 	 -3.906
18262 	 -3.625
18270 	 -2.979
18278 	 -2.937
18286 	 -2.843
18296 	 -3.748
18316 	 -3.778
18328 	 -4.144
18336 	 -3.91
18342 	 -3.966
18348 	 -3.572
18360 	 -3.131
18368 	 -2.672
18384 	 -2.693
18402 	 -2.004
18420 	 -1.053
18426 	 -0.921
18434 	 -0.744
18448 	 -0.234
18472 	 -0.189
18552 	 -0.02
18864 	 -0.008
19002 	 0
21000 	 -1.44
21001 	 -1.44
