0 	 0
3000 	 -1.376
3024 	 -1.496
3050 	 -1.88
3062 	 -2.472
3078 	 -3.176
3112 	 -3.62
3158 	 -3.808
3164 	 -3.728
3186 	 -2.828
3198 	 -2.688
3216 	 -1.912
3232 	 -1.736
3238 	 -1.364
3262 	 -0.608
3296 	 -0.264
3400 	 -0.024
3636 	 -0.008
3904 	 0
6000 	 -2.478
6020 	 -2.638
6042 	 -3.286
6064 	 -3.582
6088 	 -3.11
6120 	 -2.686
6138 	 -2.872
6154 	 -3.312
6180 	 -3.048
6190 	 -3.516
6198 	 -3.5
6234 	 -3.9
6284 	 -4.203
6296 	 -4.179
6346 	 -4.159
6360 	 -2.871
6374 	 -2.271
6376 	 -1.719
6424 	 -1.319
6444 	 -0.761
6504 	 -0.637
6506 	 -0.613
6552 	 -0.501
6634 	 -0.359
6704 	 -0.331
6710 	 -0.307
6726 	 -0.295
6728 	 -0.267
6782 	 -0.263
6894 	 -0.165
6990 	 -0.145
6994 	 -0.125
7002 	 -0.093
7272 	 -0.089
7278 	 -0.085
7290 	 -0.073
7324 	 -0.025
9000 	 -1.433
9024 	 -1.537
9050 	 -2.497
9078 	 -3.177
9112 	 -3.761
9158 	 -3.713
9162 	 -3.797
9174 	 -3.705
9186 	 -2.857
9216 	 -3.589
9232 	 -3.413
9238 	 -3.801
9262 	 -1.973
9268 	 -1.305
9298 	 -0.417
9304 	 -0.413
9306 	 -0.409
9334 	 -0.277
9400 	 -0.025
9660 	 -0.009
9904 	 -0.001
12000 	 -2.554
12002 	 -2.49
12004 	 -3.163
12006 	 -3.96
12008 	 -4.898
12010 	 -5.536
12012 	 -5.955
12016 	 -6.152
12020 	 -6.485
12028 	 -6.619
12032 	 -6.426
12040 	 -6.303
12042 	 -6.779
12048 	 -6.544
12054 	 -6.055
12064 	 -6.155
12070 	 -6.134
12074 	 -5.655
12088 	 -5.043
12100 	 -5.157
12102 	 -4.916
12120 	 -4.388
12130 	 -4.342
12140 	 -4.607
12154 	 -5.643
12162 	 -5.616
12164 	 -5.506
12178 	 -5.648
12180 	 -5.615
12182 	 -6.081
12186 	 -6.127
12190 	 -6.443
12198 	 -6.413
12200 	 -6.457
12206 	 -6.447
12208 	 -6.839
12212 	 -7.883
12228 	 -8.028
12230 	 -8.138
12234 	 -9.486
12252 	 -8.77
12254 	 -8.669
12256 	 -8.817
12264 	 -9.19
12266 	 -9.607
12274 	 -8.355
12282 	 -8.198
12286 	 -8.301
12290 	 -8.029
12296 	 -8.192
12304 	 -7.962
12312 	 -7.993
12322 	 -7.984
12324 	 -7.381
12332 	 -7.428
12334 	 -7.53
12338 	 -7.278
12344 	 -6.482
12350 	 -6.467
12354 	 -6.426
12360 	 -5.474
12364 	 -5.542
12368 	 -5.511
12372 	 -5.496
12382 	 -5.391
12386 	 -5.117
12394 	 -5.051
12404 	 -4.779
12406 	 -4.749
12410 	 -4.736
12412 	 -4.68
12420 	 -4.669
12436 	 -5.01
12437 	 -5.23
12438 	 -5.429
12440 	 -5.571
12444 	 -5.599
12452 	 -5.692
12460 	 -5.609
12464 	 -5.547
12466 	 -6.119
12472 	 -6.046
12476 	 -6.221
12480 	 -6.233
12482 	 -6.185
12492 	 -6.223
12494 	 -6.184
12502 	 -6.176
12508 	 -6.167
12516 	 -6.34
12520 	 -6.31
12526 	 -6.232
12528 	 -6.124
12540 	 -6.257
12542 	 -6.163
12544 	 -6.102
12548 	 -6.07
12552 	 -5.95
12562 	 -6.067
12564 	 -6.229
12566 	 -6.186
12576 	 -6.166
12578 	 -6.152
12582 	 -6.325
12584 	 -6.305
12590 	 -6.184
12594 	 -6.343
12596 	 -6.652
12602 	 -6.705
12604 	 -6.695
12610 	 -6.634
12618 	 -6.468
12626 	 -6.649
12630 	 -7.528
12632 	 -7.444
12638 	 -7.44
12648 	 -7.532
12662 	 -7.261
12664 	 -7.141
12666 	 -7.132
12672 	 -7.12
12678 	 -7.128
12682 	 -6.948
12706 	 -7.176
12710 	 -7.172
12712 	 -6.837
12730 	 -6.859
12736 	 -7.609
12742 	 -7.605
12748 	 -7.588
12750 	 -7.938
12758 	 -7.936
12760 	 -7.922
12766 	 -8.13
12768 	 -8.148
12770 	 -8.381
12782 	 -8.473
12784 	 -8.508
12788 	 -8.479
12802 	 -8.844
12806 	 -8.841
12808 	 -8.628
12816 	 -8.852
12822 	 -8.639
12840 	 -9.083
12844 	 -9.225
12868 	 -9.431
12874 	 -9.625
12894 	 -9.391
12902 	 -9.612
12908 	 -9.631
12920 	 -9.541
12922 	 -9.544
12924 	 -10.198
12930 	 -10.192
12936 	 -10.179
12942 	 -10.144
12948 	 -9.919
12950 	 -9.88
12954 	 -9.811
12964 	 -9.826
12972 	 -9.779
12978 	 -9.798
12988 	 -9.487
12990 	 -9.484
12996 	 -9.468
12998 	 -9.431
13000 	 -9.349
13002 	 -9.729
13004 	 -9.655
13008 	 -9.641
13012 	 -9.3
13016 	 -9.111
13026 	 -9.107
13028 	 -9.066
13032 	 -9.201
13034 	 -9.174
13036 	 -9.093
13038 	 -8.99
13042 	 -8.954
13044 	 -9.382
13068 	 -9.263
13070 	 -9.33
13076 	 -9.714
13078 	 -9.712
13080 	 -9.398
13088 	 -9.274
13090 	 -9.256
13094 	 -9.357
13096 	 -9.253
13102 	 -9.248
13104 	 -8.968
13106 	 -8.939
13114 	 -8.878
13116 	 -8.917
13118 	 -9.058
13126 	 -8.898
13136 	 -8.454
13142 	 -8.453
13150 	 -7.918
13154 	 -7.991
13160 	 -7.901
13174 	 -7.909
13176 	 -7.97
13206 	 -7.834
13214 	 -7.523
13220 	 -7.514
13234 	 -7.512
13238 	 -7.575
13242 	 -7.825
13248 	 -7.247
13264 	 -7.111
13266 	 -7.046
13272 	 -7.025
13286 	 -6.898
13290 	 -6.912
13298 	 -7.17
13306 	 -7.951
13310 	 -7.931
13314 	 -7.922
13316 	 -7.967
13320 	 -7.879
13338 	 -7.86
13340 	 -7.466
13346 	 -7.477
13360 	 -7.432
13372 	 -7.42
13374 	 -6.569
13388 	 -6.563
13390 	 -6.524
13394 	 -6.522
13414 	 -6.538
13418 	 -6.492
13430 	 -6.444
13432 	 -6.396
13434 	 -6.941
13436 	 -6.88
13440 	 -7.082
13442 	 -6.933
13450 	 -6.861
13454 	 -6.971
13462 	 -7.191
13464 	 -7.197
13466 	 -7.161
13472 	 -7.14
13474 	 -7.16
13478 	 -7.315
13482 	 -7.299
13484 	 -7.95
13490 	 -7.94
13494 	 -8.016
13500 	 -8.108
13508 	 -7.476
13514 	 -7.467
13516 	 -7.458
13526 	 -7.262
13528 	 -7.059
13530 	 -7.072
13534 	 -6.562
13536 	 -6.548
13540 	 -6.314
13542 	 -6.324
13546 	 -6.039
13550 	 -5.573
13558 	 -5.518
13560 	 -5.338
13562 	 -5.728
13566 	 -5.438
13572 	 -5.452
13592 	 -5.171
13598 	 -5.278
13602 	 -5.115
13606 	 -5.154
13608 	 -5.145
13612 	 -5.091
13616 	 -5.018
13618 	 -5.004
13624 	 -4.909
13630 	 -5.099
13638 	 -5.24
13658 	 -4.466
13684 	 -4.471
13688 	 -4.38
13702 	 -4.318
13706 	 -4.277
13716 	 -4.356
13724 	 -4.349
13728 	 -4.798
13742 	 -4.839
13744 	 -3.66
13746 	 -3.659
13764 	 -4.164
13768 	 -4.163
13770 	 -4.004
13772 	 -3.981
13780 	 -3.94
13786 	 -3.676
13794 	 -3.606
13798 	 -3.518
13800 	 -3.496
13808 	 -3.483
13810 	 -3.482
13812 	 -3.513
13814 	 -3.474
13822 	 -3.272
13828 	 -3.057
13836 	 -3.083
13844 	 -3.07
13848 	 -3.069
13856 	 -2.92
13858 	 -2.596
13870 	 -2.627
13876 	 -2.62
13880 	 -2.589
13884 	 -2.581
13886 	 -2.414
13900 	 -2.284
13902 	 -2.231
13908 	 -2.316
13912 	 -2.31
13916 	 -2.227
13924 	 -2.132
13926 	 -2.294
13952 	 -2.318
13958 	 -2.306
13978 	 -2.305
13982 	 -2.406
13984 	 -1.838
13990 	 -1.778
13992 	 -1.777
14002 	 -1.743
14008 	 -1.717
14012 	 -1.5
14016 	 -1.449
14018 	 -1.484
14028 	 -1.474
14032 	 -1.396
14034 	 -1.352
14046 	 -1.418
14056 	 -1.083
14078 	 -1.039
14082 	 -1.032
14100 	 -0.88
14106 	 -0.865
14108 	 -0.86
14116 	 -0.838
14126 	 -0.73
14152 	 -0.712
14164 	 -0.699
14178 	 -0.608
14188 	 -0.564
14200 	 -0.505
14220 	 -0.491
14252 	 -0.466
14254 	 -0.461
14256 	 -0.458
14272 	 -0.449
14318 	 -0.447
14326 	 -0.446
14334 	 -0.443
14336 	 -0.433
14352 	 -0.43
14404 	 -0.429
14426 	 -0.278
14448 	 -0.271
14470 	 -0.266
14584 	 -0.263
15000 	 -1.413
15024 	 -1.544
15050 	 -2.055
15078 	 -2.377
15112 	 -2.404
15158 	 -2.389
15162 	 -2.409
15174 	 -2.386
15186 	 -1.986
15216 	 -1.805
15232 	 -1.629
15238 	 -1.693
15250 	 -1.689
15262 	 -1.423
15268 	 -1.337
15282 	 -1.205
15298 	 -1.032
15308 	 -1.068
15334 	 -1.36
15342 	 -1.357
15346 	 -1.331
15354 	 -1.522
15356 	 -1.521
15360 	 -1.518
15372 	 -1.341
15374 	 -1.126
15400 	 -0.715
15422 	 -0.541
15460 	 -0.256
15486 	 -0.254
15490 	 -0.167
15492 	 -0.096
15574 	 -0.038
15660 	 -0.035
15904 	 -0.027
15916 	 -0.021
16000 	 -0.019
16260 	 -0.018
16388 	 -0.012
16410 	 -0.011
18000 	 -2.128
18020 	 -2.227
18042 	 -2.675
18064 	 -2.726
18088 	 -2.125
18120 	 -1.552
18154 	 -1.968
18180 	 -1.704
18190 	 -1.963
18234 	 -2.362
18252 	 -2.354
18262 	 -2.166
18270 	 -1.843
18278 	 -1.822
18286 	 -1.775
18296 	 -2.335
18316 	 -2.35
18328 	 -2.594
18336 	 -2.477
18342 	 -2.52
18348 	 -2.323
18360 	 -2.064
18368 	 -1.758
18384 	 -1.772
18402 	 -1.338
18420 	 -0.704
18426 	 -0.616
18434 	 -0.498
18448 	 -0.158
18472 	 -0.128
18552 	 -0.012
18864 	 -0.004
19002 	 0
21000 	 -1.44
21001 	 -1.44
