0 	 0
3000 	 -1.376
3024 	 -1.496
3050 	 -1.88
3062 	 -2.472
3078 	 -3.176
3112 	 -3.62
3158 	 -3.808
3164 	 -3.728
3186 	 -2.828
3198 	 -2.688
3216 	 -1.912
3232 	 -1.736
3238 	 -1.364
3262 	 -0.608
3296 	 -0.264
3400 	 -0.024
3636 	 -0.008
3904 	 0
6000 	 -2.478
6020 	 -2.638
6042 	 -3.286
6064 	 -3.582
6088 	 -3.11
6120 	 -2.686
6138 	 -2.872
6154 	 -3.312
6180 	 -3.048
6190 	 -3.516
6198 	 -3.5
6234 	 -3.9
6284 	 -4.203
6296 	 -4.179
6346 	 -4.159
6360 	 -2.871
6374 	 -2.271
6376 	 -1.719
6424 	 -1.319
6444 	 -0.761
6504 	 -0.637
6506 	 -0.613
6552 	 -0.501
6634 	 -0.359
6704 	 -0.331
6710 	 -0.307
6726 	 -0.295
6728 	 -0.267
6782 	 -0.263
6894 	 -0.165
6990 	 -0.145
6994 	 -0.125
7002 	 -0.093
7272 	 -0.089
7278 	 -0.085
7290 	 -0.073
7324 	 -0.025
9000 	 -1.433
9024 	 -1.537
9050 	 -2.497
9078 	 -3.177
9112 	 -3.761
9158 	 -3.713
9162 	 -3.797
9174 	 -3.705
9186 	 -2.857
9216 	 -3.589
9232 	 -3.413
9238 	 -3.801
9262 	 -1.973
9268 	 -1.305
9298 	 -0.417
9304 	 -0.413
9306 	 -0.409
9334 	 -0.277
9400 	 -0.025
9660 	 -0.009
9904 	 -0.001
12000 	 -2.554
12002 	 -2.49
12004 	 -3.203
12006 	 -4
12008 	 -5.355
12010 	 -5.993
12012 	 -6.623
12016 	 -6.82
12020 	 -7.26
12028 	 -7.394
12032 	 -7.201
12040 	 -7.096
12042 	 -7.572
12048 	 -7.337
12054 	 -6.848
12064 	 -6.948
12070 	 -6.928
12074 	 -6.449
12086 	 -6.674
12088 	 -6.062
12100 	 -6.209
12102 	 -5.968
12120 	 -5.44
12130 	 -5.234
12132 	 -5.57
12140 	 -5.835
12152 	 -5.972
12154 	 -7.008
12160 	 -7.366
12162 	 -7.339
12164 	 -7.229
12178 	 -7.307
12180 	 -7.196
12182 	 -7.54
12186 	 -7.533
12188 	 -7.661
12190 	 -7.977
12198 	 -7.925
12200 	 -8.001
12206 	 -8.122
12208 	 -8.336
12212 	 -9.38
12228 	 -9.525
12230 	 -9.577
12234 	 -10.925
12236 	 -10.673
12246 	 -11.015
12252 	 -10.299
12254 	 -10.198
12256 	 -10.271
12266 	 -10.668
12272 	 -10.667
12274 	 -9.415
12276 	 -9.514
12282 	 -9.357
12290 	 -9.085
12296 	 -9.248
12304 	 -9.204
12310 	 -9.54
12314 	 -9.42
12322 	 -9.34
12324 	 -8.736
12328 	 -8.85
12332 	 -8.882
12334 	 -9.09
12338 	 -8.838
12344 	 -8.042
12350 	 -8.014
12352 	 -8.335
12354 	 -8.323
12358 	 -8.218
12360 	 -7.266
12376 	 -7.165
12380 	 -7.288
12382 	 -7.28
12386 	 -6.931
12392 	 -6.861
12404 	 -6.745
12410 	 -6.762
12412 	 -6.706
12420 	 -6.695
12436 	 -7.206
12438 	 -6.921
12440 	 -7.063
12444 	 -7.115
12452 	 -7.342
12456 	 -7.351
12460 	 -7.268
12464 	 -7.407
12466 	 -7.872
12470 	 -7.865
12472 	 -7.792
12476 	 -7.943
12480 	 -7.985
12488 	 -7.969
12494 	 -7.93
12502 	 -7.445
12506 	 -7.658
12508 	 -7.649
12516 	 -7.599
12520 	 -7.569
12526 	 -7.491
12536 	 -7.623
12544 	 -7.562
12550 	 -7.558
12552 	 -7.438
12556 	 -7.433
12562 	 -7.582
12564 	 -7.75
12566 	 -7.708
12568 	 -7.853
12570 	 -8.032
12576 	 -8.028
12578 	 -8.001
12586 	 -8.097
12590 	 -7.946
12604 	 -7.931
12608 	 -7.456
12614 	 -7.333
12618 	 -7.28
12624 	 -7.267
12626 	 -7.448
12630 	 -8.23
12632 	 -8.157
12638 	 -8.147
12648 	 -8.101
12652 	 -8.152
12660 	 -7.983
12666 	 -7.839
12680 	 -7.808
12696 	 -7.801
12706 	 -8.031
12710 	 -8.027
12712 	 -7.637
12724 	 -7.62
12730 	 -7.702
12738 	 -7.889
12740 	 -7.78
12742 	 -7.776
12748 	 -7.759
12752 	 -7.985
12758 	 -7.983
12768 	 -8.025
12770 	 -8.258
12772 	 -8.219
12776 	 -8.209
12780 	 -8.462
12782 	 -8.343
12784 	 -8.446
12792 	 -8.315
12794 	 -8.696
12802 	 -8.672
12812 	 -8.608
12824 	 -9.28
12830 	 -9.418
12848 	 -9.486
12850 	 -9.744
12856 	 -9.686
12868 	 -9.662
12870 	 -9.519
12874 	 -9.417
12876 	 -9.395
12878 	 -9.374
12882 	 -9.325
12888 	 -9.101
12890 	 -9.175
12908 	 -8.853
12920 	 -8.763
12924 	 -8.373
12932 	 -8.533
12938 	 -8.023
12942 	 -8.055
12944 	 -8.052
12954 	 -7.983
12956 	 -7.916
12962 	 -7.361
12964 	 -7.354
12970 	 -7.349
12972 	 -7.302
12980 	 -6.829
12984 	 -6.742
12990 	 -6.739
12996 	 -6.741
13000 	 -6.614
13004 	 -6.54
13006 	 -6.563
13008 	 -6.549
13024 	 -6.497
13028 	 -6.456
13044 	 -7.032
13048 	 -7.019
13050 	 -6.882
13054 	 -7.451
13056 	 -7.751
13058 	 -7.881
13060 	 -7.804
13066 	 -7.836
13068 	 -7.717
13070 	 -7.798
13074 	 -7.799
13076 	 -7.884
13078 	 -7.882
13080 	 -7.1
13088 	 -7.098
13100 	 -7.09
13102 	 -7.089
13106 	 -7.132
13110 	 -7.122
13112 	 -6.811
13114 	 -6.762
13122 	 -6.587
13128 	 -6.667
13132 	 -6.84
13134 	 -6.749
13136 	 -6.746
13140 	 -6.738
13150 	 -6.67
13158 	 -6.491
13160 	 -6.533
13164 	 -6.343
13174 	 -6.332
13178 	 -6.32
13182 	 -6.319
13188 	 -6.619
13196 	 -6.61
13202 	 -5.235
13206 	 -5.082
13218 	 -5.035
13220 	 -5.026
13222 	 -5.129
13224 	 -5.108
13226 	 -5.079
13234 	 -5.077
13248 	 -4.607
13250 	 -4.595
13254 	 -4.594
13258 	 -4.592
13268 	 -4.633
13290 	 -4.616
13294 	 -4.765
13300 	 -4.818
13306 	 -4.979
13316 	 -4.989
13330 	 -5.197
13340 	 -4.803
13346 	 -4.835
13350 	 -4.863
13360 	 -4.862
13368 	 -4.849
13372 	 -4.837
13374 	 -4.896
13388 	 -4.89
13394 	 -4.887
13398 	 -4.88
13408 	 -4.754
13412 	 -4.701
13414 	 -4.642
13426 	 -4.479
13434 	 -4.442
13438 	 -4.464
13442 	 -4.287
13444 	 -4.253
13446 	 -4.234
13454 	 -3.964
13462 	 -3.953
13474 	 -3.94
13476 	 -3.802
13478 	 -3.787
13480 	 -3.737
13484 	 -3.751
13490 	 -3.741
13494 	 -3.733
13502 	 -3.71
13506 	 -3.987
13514 	 -3.978
13518 	 -3.849
13520 	 -3.819
13532 	 -3.93
13542 	 -3.926
13544 	 -3.922
13546 	 -3.672
13556 	 -3.669
13558 	 -3.664
13562 	 -3.604
13570 	 -3.729
13586 	 -3.736
13592 	 -3.667
13608 	 -4.088
13610 	 -4.178
13614 	 -4.102
13618 	 -4.088
13624 	 -4.065
13632 	 -4.335
13646 	 -4.464
13648 	 -4.454
13658 	 -4.792
13666 	 -4.934
13676 	 -4.901
13678 	 -5.141
13686 	 -5.184
13696 	 -5.245
13702 	 -5.012
13714 	 -5.092
13720 	 -4.848
13726 	 -4.847
13728 	 -4.79
13734 	 -4.761
13744 	 -3.959
13762 	 -3.839
13766 	 -3.576
13772 	 -3.538
13774 	 -3.438
13786 	 -3.385
13790 	 -3.2
13792 	 -3.058
13796 	 -3.122
13814 	 -3.022
13828 	 -3.023
13832 	 -3.022
13844 	 -3.009
13846 	 -2.93
13850 	 -2.676
13858 	 -2.517
13860 	 -2.512
13866 	 -2.51
13868 	 -2.534
13874 	 -2.365
13882 	 -2.438
13884 	 -2.417
13892 	 -2.33
13898 	 -2.31
13900 	 -2.302
13902 	 -2.249
13908 	 -2.181
13912 	 -2.175
13914 	 -2.039
13920 	 -2.01
13942 	 -2.012
13960 	 -1.927
13984 	 -1.67
13998 	 -1.662
14012 	 -1.647
14018 	 -1.604
14032 	 -1.509
14038 	 -1.554
14050 	 -1.536
14070 	 -1.531
14074 	 -1.53
14108 	 -1.525
14112 	 -1.58
14120 	 -1.609
14146 	 -1.591
14158 	 -1.425
14178 	 -1.409
14200 	 -1.353
14204 	 -1.278
14212 	 -1.108
14224 	 -1.087
14238 	 -1.026
14244 	 -1.012
14258 	 -1.007
14262 	 -0.99
14268 	 -0.975
14286 	 -0.954
14296 	 -0.9
14314 	 -0.887
14318 	 -0.885
14322 	 -0.875
14326 	 -0.874
14336 	 -0.872
14362 	 -0.87
14364 	 -0.98
14426 	 -0.829
14438 	 -0.898
14448 	 -0.897
14484 	 -0.892
14524 	 -0.783
14548 	 -0.768
14556 	 -0.745
14614 	 -0.671
14644 	 -0.668
14678 	 -0.595
14684 	 -0.592
14754 	 -0.496
14822 	 -0.37
14888 	 -0.331
14938 	 -0.326
15000 	 -1.44
15024 	 -1.586
15050 	 -2.207
15078 	 -2.661
15112 	 -2.887
15158 	 -2.819
15162 	 -2.84
15164 	 -2.827
15174 	 -2.803
15186 	 -2.202
15216 	 -2.456
15232 	 -2.28
15238 	 -2.371
15250 	 -2.365
15262 	 -1.45
15266 	 -1.425
15268 	 -1.338
15276 	 -1.177
15282 	 -1.045
15298 	 -0.872
15300 	 -0.7
15310 	 -0.72
15336 	 -0.863
15342 	 -0.86
15346 	 -0.834
15350 	 -0.812
15356 	 -0.897
15360 	 -0.894
15374 	 -0.704
15400 	 -0.392
15422 	 -0.312
15456 	 -0.181
15486 	 -0.084
15558 	 -0.049
15632 	 -0.043
15660 	 -0.04
15666 	 -0.037
15864 	 -0.033
15904 	 -0.025
16000 	 -0.022
16344 	 -0.021
16388 	 -0.015
16428 	 -0.014
18000 	 -2.128
18020 	 -2.227
18042 	 -2.675
18064 	 -2.729
18088 	 -2.111
18120 	 -1.491
18154 	 -2.168
18180 	 -1.904
18190 	 -2.225
18234 	 -2.958
18252 	 -2.942
18262 	 -2.849
18270 	 -2.203
18278 	 -2.161
18286 	 -2.067
18296 	 -2.256
18316 	 -2.286
18328 	 -2.408
18336 	 -2.174
18342 	 -2.17
18348 	 -1.776
18360 	 -1.201
18368 	 -1.048
18384 	 -1.055
18402 	 -0.724
18420 	 -0.407
18426 	 -0.363
18434 	 -0.304
18448 	 -0.134
18472 	 -0.119
18552 	 -0.012
18864 	 -0.008
19002 	 0
21000 	 -1.44
21001 	 -1.44
