0 	 0
3000 	 -1.376
3024 	 -1.496
3050 	 -1.88
3062 	 -2.472
3078 	 -3.176
3112 	 -3.62
3158 	 -3.808
3164 	 -3.728
3186 	 -2.828
3198 	 -2.688
3216 	 -1.912
3232 	 -1.736
3238 	 -1.364
3262 	 -0.608
3296 	 -0.264
3400 	 -0.024
3636 	 -0.008
3904 	 0
6000 	 -2.478
6020 	 -2.638
6042 	 -3.286
6064 	 -3.582
6088 	 -3.11
6120 	 -2.686
6138 	 -2.872
6154 	 -3.312
6180 	 -3.048
6190 	 -3.516
6198 	 -3.5
6234 	 -3.9
6284 	 -4.203
6296 	 -4.179
6346 	 -4.159
6360 	 -2.871
6374 	 -2.271
6376 	 -1.719
6424 	 -1.319
6444 	 -0.761
6504 	 -0.637
6506 	 -0.613
6552 	 -0.501
6634 	 -0.359
6704 	 -0.331
6710 	 -0.307
6726 	 -0.295
6728 	 -0.267
6782 	 -0.263
6894 	 -0.165
6990 	 -0.145
6994 	 -0.125
7002 	 -0.093
7272 	 -0.089
7278 	 -0.085
7290 	 -0.073
7324 	 -0.025
9000 	 -1.433
9024 	 -1.537
9050 	 -2.497
9078 	 -3.177
9112 	 -3.761
9158 	 -3.713
9162 	 -3.797
9174 	 -3.705
9186 	 -2.857
9216 	 -3.589
9232 	 -3.413
9238 	 -3.801
9262 	 -1.973
9268 	 -1.305
9298 	 -0.417
9304 	 -0.413
9306 	 -0.409
9334 	 -0.277
9400 	 -0.025
9660 	 -0.009
9904 	 -0.001
12000 	 -2.554
12002 	 -2.49
12004 	 -3.243
12006 	 -4.04
12008 	 -5.806
12010 	 -6.444
12012 	 -7.289
12016 	 -7.486
12020 	 -8.039
12028 	 -8.173
12032 	 -7.981
12040 	 -7.945
12042 	 -8.421
12048 	 -8.218
12054 	 -7.729
12064 	 -7.829
12070 	 -7.984
12074 	 -7.505
12086 	 -7.73
12088 	 -7.118
12100 	 -7.173
12102 	 -6.952
12108 	 -7.006
12120 	 -6.478
12130 	 -6.061
12132 	 -6.397
12140 	 -6.662
12152 	 -6.799
12154 	 -7.835
12160 	 -8.28
12162 	 -8.253
12164 	 -8.143
12168 	 -8.458
12178 	 -8.543
12180 	 -8.432
12182 	 -8.776
12186 	 -8.769
12188 	 -8.897
12190 	 -9.213
12198 	 -9.139
12200 	 -9.249
12206 	 -9.37
12208 	 -9.584
12212 	 -10.628
12228 	 -10.773
12230 	 -11.039
12234 	 -12.387
12236 	 -12.142
12246 	 -12.469
12248 	 -12.701
12252 	 -11.985
12254 	 -11.847
12256 	 -11.745
12260 	 -11.804
12266 	 -12.186
12272 	 -12.351
12274 	 -11.099
12276 	 -11.176
12282 	 -10.99
12290 	 -10.837
12292 	 -10.703
12296 	 -10.866
12304 	 -10.822
12310 	 -10.994
12314 	 -10.814
12322 	 -10.734
12324 	 -10.13
12328 	 -10.228
12332 	 -10.26
12334 	 -10.052
12338 	 -9.8
12344 	 -9.004
12350 	 -8.976
12352 	 -9.101
12354 	 -9.022
12358 	 -8.917
12360 	 -7.965
12362 	 -7.894
12364 	 -7.891
12368 	 -7.794
12376 	 -7.693
12380 	 -7.629
12382 	 -7.871
12386 	 -6.875
12388 	 -6.871
12392 	 -6.801
12398 	 -7.097
12404 	 -6.747
12410 	 -6.642
12412 	 -6.586
12420 	 -6.575
12424 	 -6.621
12436 	 -7.27
12438 	 -6.328
12440 	 -6.47
12444 	 -6.426
12452 	 -6.653
12456 	 -6.639
12460 	 -6.556
12464 	 -6.507
12466 	 -6.972
12468 	 -6.966
12472 	 -6.893
12476 	 -7.023
12480 	 -6.998
12488 	 -6.948
12494 	 -6.909
12498 	 -7.099
12502 	 -7.08
12508 	 -7.071
12512 	 -7.049
12516 	 -6.999
12520 	 -6.969
12526 	 -6.891
12536 	 -6.935
12540 	 -7.382
12544 	 -7.321
12550 	 -7.318
12552 	 -7.198
12558 	 -7.128
12562 	 -7.296
12564 	 -7.464
12566 	 -7.422
12570 	 -7.572
12576 	 -7.568
12578 	 -7.541
12584 	 -7.647
12590 	 -7.496
12598 	 -7.205
12604 	 -7.19
12606 	 -7.135
12614 	 -6.978
12618 	 -6.816
12624 	 -6.803
12626 	 -7.344
12628 	 -7.159
12630 	 -7.709
12638 	 -7.699
12646 	 -7.892
12658 	 -7.828
12662 	 -7.688
12666 	 -7.769
12686 	 -7.875
12694 	 -7.863
12706 	 -8.091
12710 	 -8.087
12712 	 -6.872
12718 	 -6.869
12730 	 -6.907
12732 	 -6.846
12736 	 -6.734
12738 	 -6.677
12740 	 -6.672
12742 	 -6.668
12746 	 -6.626
12748 	 -6.609
12756 	 -6.592
12758 	 -6.59
12760 	 -7.137
12766 	 -7.225
12768 	 -7.267
12770 	 -7.5
12776 	 -7.48
12778 	 -7.453
12780 	 -7.398
12784 	 -7.444
12790 	 -7.524
12794 	 -7.53
12800 	 -7.584
12802 	 -7.569
12804 	 -7.923
12810 	 -8.551
12824 	 -8.743
12826 	 -8.985
12834 	 -8.945
12846 	 -8.727
12848 	 -8.755
12856 	 -8.697
12860 	 -9.011
12870 	 -8.868
12874 	 -7.908
12876 	 -7.622
12880 	 -7.668
12882 	 -7.644
12886 	 -7.586
12890 	 -7.581
12898 	 -7.428
12900 	 -7.439
12906 	 -7.421
12908 	 -7.311
12910 	 -7.098
12920 	 -6.716
12924 	 -6.546
12930 	 -6.506
12938 	 -6.437
12940 	 -6.566
12942 	 -6.695
12954 	 -6.626
12958 	 -6.622
12962 	 -6.377
12964 	 -6.37
12968 	 -6.103
12970 	 -6.098
12972 	 -6.051
12976 	 -5.952
12984 	 -5.661
12990 	 -5.655
12996 	 -5.463
13002 	 -5.552
13004 	 -5.478
13008 	 -5.464
13012 	 -5.426
13014 	 -5.416
13026 	 -5.515
13028 	 -5.474
13032 	 -5.515
13036 	 -5.688
13044 	 -6.074
13054 	 -6.351
13058 	 -6.029
13060 	 -6.734
13062 	 -6.816
13064 	 -6.677
13068 	 -6.667
13074 	 -6.64
13076 	 -6.706
13078 	 -6.704
13080 	 -6.384
13084 	 -6.288
13088 	 -6.084
13098 	 -6.056
13102 	 -6.012
13108 	 -6.045
13114 	 -5.996
13120 	 -6.033
13124 	 -6.028
13128 	 -5.549
13132 	 -5.574
13134 	 -5.651
13138 	 -5.671
13140 	 -5.622
13150 	 -5.554
13152 	 -5.402
13154 	 -5.29
13158 	 -5.566
13174 	 -5.44
13182 	 -5.439
13196 	 -4.173
13200 	 -4.485
13202 	 -4.458
13206 	 -4.383
13212 	 -4.376
13216 	 -4.468
13218 	 -4.551
13220 	 -4.542
13230 	 -4.506
13234 	 -4.504
13244 	 -4.496
13248 	 -3.943
13250 	 -3.931
13258 	 -3.929
13262 	 -3.903
13266 	 -4.101
13270 	 -4.082
13274 	 -4.056
13280 	 -4.312
13290 	 -4.295
13300 	 -4.587
13302 	 -4.561
13310 	 -4.858
13314 	 -4.775
13334 	 -4.764
13336 	 -4.703
13338 	 -4.69
13340 	 -4.328
13346 	 -4.36
13352 	 -4.631
13354 	 -4.648
13356 	 -4.699
13364 	 -4.758
13368 	 -4.726
13372 	 -4.714
13374 	 -4.752
13388 	 -4.746
13390 	 -4.745
13394 	 -4.677
13400 	 -4.604
13402 	 -4.651
13404 	 -4.464
13414 	 -4.045
13424 	 -4.128
13430 	 -4.05
13432 	 -4.063
13434 	 -4.034
13442 	 -3.857
13448 	 -3.815
13452 	 -3.807
13454 	 -3.693
13456 	 -3.66
13462 	 -3.642
13466 	 -3.587
13470 	 -3.555
13472 	 -3.479
13474 	 -3.466
13488 	 -3.472
13490 	 -3.489
13494 	 -3.464
13496 	 -3.431
13498 	 -3.381
13504 	 -3.359
13508 	 -3.427
13514 	 -3.418
13516 	 -3.404
13520 	 -3.376
13534 	 -3.354
13538 	 -3.339
13542 	 -3.335
13544 	 -3.331
13546 	 -3.081
13548 	 -3.17
13550 	 -3.221
13560 	 -3.176
13562 	 -3.311
13568 	 -3.298
13570 	 -3.263
13582 	 -3.249
13592 	 -3.178
13600 	 -3.132
13608 	 -3.24
13614 	 -3.306
13618 	 -3.292
13624 	 -3.294
13626 	 -3.293
13636 	 -3.353
13648 	 -3.343
13658 	 -3.242
13666 	 -3.184
13668 	 -3.069
13698 	 -3.044
13712 	 -3.043
13726 	 -3.042
13744 	 -2.434
13764 	 -2.5
13784 	 -2.494
13790 	 -2.49
13794 	 -2.546
13800 	 -2.571
13802 	 -2.364
13810 	 -2.46
13814 	 -2.418
13824 	 -2.415
13828 	 -2.426
13834 	 -2.398
13836 	 -2.351
13844 	 -2.338
13862 	 -2.357
13872 	 -2.268
13876 	 -2.408
13882 	 -2.498
13896 	 -2.494
13900 	 -2.486
13902 	 -2.433
13906 	 -2.381
13908 	 -2.368
13912 	 -2.362
13916 	 -2.458
13932 	 -2.452
13936 	 -2.435
13938 	 -2.486
13948 	 -2.438
13954 	 -2.203
13956 	 -1.993
13958 	 -1.975
13962 	 -1.97
13974 	 -1.963
13976 	 -1.955
13978 	 -1.983
13984 	 -1.881
13992 	 -1.848
14000 	 -1.686
14010 	 -1.643
14012 	 -1.628
14014 	 -1.723
14020 	 -1.672
14030 	 -1.67
14032 	 -1.592
14034 	 -1.575
14050 	 -1.539
14058 	 -1.535
14064 	 -1.487
14068 	 -1.389
14070 	 -1.38
14074 	 -1.379
14088 	 -1.377
14094 	 -1.367
14108 	 -1.362
14112 	 -1.452
14128 	 -1.296
14134 	 -1.285
14140 	 -1.269
14152 	 -1.185
14168 	 -1.401
14174 	 -1.391
14176 	 -1.379
14186 	 -1.364
14200 	 -1.308
14206 	 -1.196
14224 	 -1.195
14254 	 -1.183
14266 	 -0.743
14280 	 -0.749
14294 	 -0.697
14318 	 -0.561
14326 	 -0.56
14332 	 -0.557
14344 	 -0.516
14352 	 -0.505
14394 	 -0.489
14398 	 -0.483
14400 	 -0.482
14412 	 -0.452
14422 	 -0.451
14426 	 -0.3
14446 	 -0.273
14448 	 -0.272
14506 	 -0.271
14516 	 -0.269
14544 	 -0.267
15000 	 -1.417
15024 	 -1.559
15050 	 -2.34
15078 	 -2.917
15112 	 -3.353
15158 	 -3.392
15162 	 -3.454
15174 	 -3.383
15186 	 -2.75
15216 	 -3.284
15232 	 -3.108
15238 	 -3.335
15250 	 -3.329
15262 	 -2.334
15268 	 -2.076
15282 	 -1.679
15298 	 -1.159
15310 	 -1.2
15336 	 -1.499
15342 	 -1.496
15346 	 -1.418
15356 	 -1.588
15360 	 -1.585
15374 	 -1.2
15400 	 -0.732
15422 	 -0.573
15456 	 -0.309
15486 	 -0.118
15558 	 -0.051
15660 	 -0.042
15708 	 -0.036
15864 	 -0.031
15904 	 -0.023
16000 	 -0.02
16166 	 -0.021
16272 	 -0.019
16388 	 -0.013
16590 	 -0.012
18000 	 -2.128
18020 	 -2.245
18042 	 -2.757
18064 	 -2.894
18088 	 -2.339
18120 	 -1.764
18154 	 -2.864
18180 	 -2.6
18190 	 -3.253
18234 	 -4.518
18252 	 -4.494
18262 	 -4.308
18270 	 -3.339
18278 	 -3.276
18286 	 -3.135
18296 	 -3.669
18316 	 -3.714
18328 	 -3.958
18336 	 -3.607
18342 	 -3.616
18348 	 -3.025
18360 	 -2.268
18368 	 -1.962
18384 	 -1.976
18402 	 -1.39
18420 	 -0.756
18426 	 -0.668
18434 	 -0.55
18448 	 -0.21
18472 	 -0.18
18552 	 -0.02
18864 	 -0.012
19002 	 0
21000 	 -1.44
21001 	 -1.44
