0 	 0
3000 	 -1.376
3024 	 -1.496
3050 	 -1.88
3062 	 -2.472
3078 	 -3.176
3112 	 -3.62
3158 	 -3.808
3164 	 -3.728
3186 	 -2.828
3198 	 -2.688
3216 	 -1.912
3232 	 -1.736
3238 	 -1.364
3262 	 -0.608
3296 	 -0.264
3400 	 -0.024
3636 	 -0.008
3904 	 0
6000 	 -2.478
6020 	 -2.638
6042 	 -3.286
6064 	 -3.582
6088 	 -3.11
6120 	 -2.686
6138 	 -2.872
6154 	 -3.312
6180 	 -3.048
6190 	 -3.516
6198 	 -3.5
6234 	 -3.9
6284 	 -4.203
6296 	 -4.179
6346 	 -4.159
6360 	 -2.871
6374 	 -2.271
6376 	 -1.719
6424 	 -1.319
6444 	 -0.761
6504 	 -0.637
6506 	 -0.613
6552 	 -0.501
6634 	 -0.359
6704 	 -0.331
6710 	 -0.307
6726 	 -0.295
6728 	 -0.267
6782 	 -0.263
6894 	 -0.165
6990 	 -0.145
6994 	 -0.125
7002 	 -0.093
7272 	 -0.089
7278 	 -0.085
7290 	 -0.073
7324 	 -0.025
9000 	 -1.433
9024 	 -1.537
9050 	 -2.497
9078 	 -3.177
9112 	 -3.761
9158 	 -3.713
9162 	 -3.797
9174 	 -3.705
9186 	 -2.857
9216 	 -3.589
9232 	 -3.413
9238 	 -3.801
9262 	 -1.973
9268 	 -1.305
9298 	 -0.417
9304 	 -0.413
9306 	 -0.409
9334 	 -0.277
9400 	 -0.025
9660 	 -0.009
9904 	 -0.001
12000 	 -2.54
12002 	 -2.421
12004 	 -2.734
12006 	 -3.32
12008 	 -4.575
12010 	 -5.645
12012 	 -6.288
12016 	 -6.617
12018 	 -6.663
12020 	 -7.109
12028 	 -7.243
12032 	 -7.209
12034 	 -7.261
12040 	 -7.236
12042 	 -7.712
12054 	 -7.223
12062 	 -7.415
12064 	 -7.491
12070 	 -7.866
12074 	 -7.387
12088 	 -6.775
12090 	 -6.817
12100 	 -6.893
12102 	 -6.777
12120 	 -6.243
12130 	 -6.056
12140 	 -6.321
12154 	 -7.357
12156 	 -7.369
12160 	 -7.727
12164 	 -7.617
12166 	 -7.574
12176 	 -7.526
12178 	 -7.463
12180 	 -7.43
12182 	 -7.896
12184 	 -7.85
12186 	 -7.844
12188 	 -7.851
12190 	 -8.167
12198 	 -8.145
12200 	 -8.041
12208 	 -8.433
12210 	 -8.471
12212 	 -9.515
12222 	 -9.408
12228 	 -9.707
12230 	 -9.694
12234 	 -11.042
12236 	 -10.974
12246 	 -11.403
12250 	 -11.367
12252 	 -10.651
12254 	 -10.449
12256 	 -10.347
12262 	 -10.458
12264 	 -10.428
12266 	 -10.652
12274 	 -9.4
12276 	 -9.204
12278 	 -9.317
12282 	 -9.131
12284 	 -9.264
12286 	 -9.339
12288 	 -9.255
12290 	 -8.983
12296 	 -9.146
12304 	 -9.102
12308 	 -9.087
12310 	 -8.914
12314 	 -8.939
12320 	 -8.941
12322 	 -8.861
12324 	 -8.257
12330 	 -8.247
12332 	 -8.279
12334 	 -8.316
12338 	 -8.03
12342 	 -7.97
12344 	 -7.174
12350 	 -7.102
12358 	 -7.125
12360 	 -6.173
12376 	 -6.072
12380 	 -5.924
12382 	 -5.916
12386 	 -5.571
12392 	 -5.576
12404 	 -5.083
12406 	 -5.053
12412 	 -4.997
12420 	 -4.986
12432 	 -4.902
12436 	 -5.224
12437 	 -5.444
12438 	 -5.059
12440 	 -5.201
12444 	 -5.251
12452 	 -5.478
12456 	 -5.024
12460 	 -4.941
12466 	 -5.485
12472 	 -5.409
12476 	 -5.694
12480 	 -5.736
12488 	 -5.872
12494 	 -5.833
12504 	 -5.624
12508 	 -5.615
12510 	 -5.57
12516 	 -5.743
12520 	 -5.713
12526 	 -5.635
12540 	 -5.701
12544 	 -5.64
12550 	 -5.093
12552 	 -4.973
12562 	 -4.837
12564 	 -5.005
12566 	 -4.963
12576 	 -4.869
12590 	 -4.671
12594 	 -4.961
12604 	 -4.951
12618 	 -4.969
12624 	 -5.411
12626 	 -5.592
12630 	 -6.063
12636 	 -6.415
12638 	 -6.411
12648 	 -6.528
12664 	 -6.408
12672 	 -6.209
12690 	 -5.957
12706 	 -6.185
12710 	 -6.181
12712 	 -5.54
12740 	 -5.375
12748 	 -5.358
12752 	 -5.462
12758 	 -5.46
12768 	 -5.502
12770 	 -5.735
12776 	 -5.725
12782 	 -5.761
12788 	 -5.841
12790 	 -5.743
12826 	 -5.885
12828 	 -5.906
12832 	 -5.889
12840 	 -5.789
12852 	 -5.776
12874 	 -5.431
12888 	 -5.884
12890 	 -6.488
12900 	 -6.496
12902 	 -6.456
12908 	 -6.434
12910 	 -6.427
12920 	 -6.337
12922 	 -6.287
12924 	 -6.192
12926 	 -6.336
12928 	 -6.285
12936 	 -6.398
12940 	 -6.639
12942 	 -6.671
12946 	 -6.383
12948 	 -6.362
12952 	 -6.555
12954 	 -6.854
12958 	 -6.733
12960 	 -6.727
12962 	 -6.741
12964 	 -6.633
12972 	 -6.586
12978 	 -6.672
12986 	 -6.265
12990 	 -6.338
12992 	 -5.849
12996 	 -6.063
13004 	 -5.818
13008 	 -5.672
13012 	 -5.711
13016 	 -5.601
13020 	 -5.802
13024 	 -5.668
13028 	 -5.627
13030 	 -5.617
13038 	 -5.646
13042 	 -5.627
13044 	 -5.931
13048 	 -5.792
13052 	 -5.783
13058 	 -5.76
13062 	 -5.759
13068 	 -5.66
13078 	 -5.658
13080 	 -5.344
13102 	 -5.339
13104 	 -5.08
13114 	 -5.033
13118 	 -5.045
13122 	 -5.066
13130 	 -5.585
13134 	 -5.676
13138 	 -5.566
13142 	 -5.704
13150 	 -5.761
13156 	 -5.901
13158 	 -5.785
13160 	 -5.851
13172 	 -5.886
13174 	 -5.982
13178 	 -5.869
13182 	 -5.868
13184 	 -5.662
13200 	 -5.563
13202 	 -5.608
13206 	 -5.371
13210 	 -5.337
13220 	 -5.085
13224 	 -5.129
13234 	 -5.127
13242 	 -5.092
13246 	 -4.893
13248 	 -4.504
13254 	 -4.316
13264 	 -3.976
13266 	 -3.845
13276 	 -3.802
13278 	 -3.726
13284 	 -3.828
13288 	 -3.886
13290 	 -3.869
13296 	 -3.786
13306 	 -3.74
13320 	 -3.781
13330 	 -3.747
13340 	 -3.353
13346 	 -3.603
13350 	 -3.614
13352 	 -3.564
13356 	 -3.672
13360 	 -3.627
13362 	 -3.69
13366 	 -3.802
13372 	 -3.79
13374 	 -3.907
13388 	 -3.901
13394 	 -3.9
13398 	 -3.995
13404 	 -3.985
13412 	 -4.021
13414 	 -3.738
13420 	 -3.688
13440 	 -3.755
13442 	 -3.95
13452 	 -3.821
13454 	 -3.82
13462 	 -3.867
13472 	 -3.85
13476 	 -3.957
13490 	 -4.34
13494 	 -4.024
13506 	 -4.04
13508 	 -4.017
13514 	 -3.982
13520 	 -3.858
13524 	 -3.77
13542 	 -3.766
13544 	 -3.723
13546 	 -2.955
13548 	 -2.927
13566 	 -2.597
13584 	 -2.672
13592 	 -2.649
13616 	 -2.719
13618 	 -2.705
13622 	 -2.515
13624 	 -2.514
13626 	 -2.463
13646 	 -2.539
13652 	 -2.671
13658 	 -2.526
13694 	 -2.598
13708 	 -2.583
13716 	 -2.566
13744 	 -2.278
13788 	 -2.218
13798 	 -2.351
13810 	 -2.488
13814 	 -2.474
13816 	 -2.576
13822 	 -2.562
13838 	 -2.548
13840 	 -2.537
13842 	 -2.451
13844 	 -2.438
13852 	 -2.514
13858 	 -2.626
13862 	 -2.6
13880 	 -2.679
13900 	 -2.741
13902 	 -2.688
13904 	 -2.658
13908 	 -2.553
13912 	 -2.547
13936 	 -2.543
13938 	 -2.512
13942 	 -2.495
13946 	 -2.186
13972 	 -2.237
13978 	 -2.29
13984 	 -2.082
14006 	 -2.183
14010 	 -2.255
14012 	 -2.25
14032 	 -2.172
14046 	 -2.106
14052 	 -2.205
14058 	 -2.138
14076 	 -2.118
14078 	 -2.114
14106 	 -2.23
14108 	 -2.225
14112 	 -2.122
14114 	 -1.789
14118 	 -1.827
14128 	 -1.812
14134 	 -1.967
14144 	 -1.911
14148 	 -1.908
14162 	 -1.9
14166 	 -1.798
14182 	 -1.525
14190 	 -1.397
14194 	 -1.48
14196 	 -1.48
14198 	 -1.454
14200 	 -1.398
14210 	 -1.345
14228 	 -1.275
14230 	 -1.274
14236 	 -1.103
14238 	 -1.065
14240 	 -1.028
14254 	 -0.971
14258 	 -0.901
14276 	 -0.882
14280 	 -0.686
14298 	 -0.629
14308 	 -0.62
14318 	 -0.618
14324 	 -0.574
14326 	 -0.568
14340 	 -0.518
14344 	 -0.484
14358 	 -0.482
14372 	 -0.465
14388 	 -0.438
14418 	 -0.43
14426 	 -0.279
14454 	 -0.276
14482 	 -0.252
14498 	 -0.246
14614 	 -0.242
14656 	 -0.241
15000 	 -1.411
15024 	 -1.559
15050 	 -2.181
15078 	 -2.638
15112 	 -2.872
15158 	 -2.872
15162 	 -2.913
15174 	 -2.866
15186 	 -2.387
15216 	 -2.551
15232 	 -2.375
15238 	 -2.505
15250 	 -2.503
15262 	 -1.832
15266 	 -1.802
15268 	 -1.715
15276 	 -1.561
15282 	 -1.429
15298 	 -1.256
15300 	 -1.086
15310 	 -1.126
15336 	 -1.425
15342 	 -1.422
15346 	 -1.396
15350 	 -1.374
15356 	 -1.545
15360 	 -1.542
15374 	 -1.152
15400 	 -0.724
15422 	 -0.566
15456 	 -0.3
15486 	 -0.11
15558 	 -0.046
15658 	 -0.043
15660 	 -0.04
15708 	 -0.028
15864 	 -0.026
15904 	 -0.018
16000 	 -0.017
16388 	 -0.011
18000 	 -2.128
18020 	 -2.236
18042 	 -2.716
18064 	 -2.81
18088 	 -2.232
18120 	 -1.658
18154 	 -2.416
18180 	 -2.152
18190 	 -2.608
18234 	 -3.44
18252 	 -3.424
18262 	 -3.238
18270 	 -2.592
18278 	 -2.55
18286 	 -2.456
18296 	 -3.002
18316 	 -3.032
18328 	 -3.276
18336 	 -3.042
18342 	 -3.068
18348 	 -2.674
18360 	 -2.166
18368 	 -1.86
18384 	 -1.874
18402 	 -1.364
18420 	 -0.73
18426 	 -0.642
18434 	 -0.524
18448 	 -0.184
18472 	 -0.154
18552 	 -0.016
18864 	 -0.008
19002 	 0
21000 	 -1.44
21001 	 -1.44
