0 	 0
3000 	 -1.376
3024 	 -1.496
3050 	 -1.88
3062 	 -2.472
3078 	 -3.176
3112 	 -3.62
3158 	 -3.808
3164 	 -3.728
3186 	 -2.828
3198 	 -2.688
3216 	 -1.912
3232 	 -1.736
3238 	 -1.364
3262 	 -0.608
3296 	 -0.264
3400 	 -0.024
3636 	 -0.008
3904 	 0
6000 	 -2.478
6020 	 -2.638
6042 	 -3.286
6064 	 -3.582
6088 	 -3.11
6120 	 -2.686
6138 	 -2.872
6154 	 -3.312
6180 	 -3.048
6190 	 -3.516
6198 	 -3.5
6234 	 -3.9
6284 	 -4.203
6296 	 -4.179
6346 	 -4.159
6360 	 -2.871
6374 	 -2.271
6376 	 -1.719
6424 	 -1.319
6444 	 -0.761
6504 	 -0.637
6506 	 -0.613
6552 	 -0.501
6634 	 -0.359
6704 	 -0.331
6710 	 -0.307
6726 	 -0.295
6728 	 -0.267
6782 	 -0.263
6894 	 -0.165
6990 	 -0.145
6994 	 -0.125
7002 	 -0.093
7272 	 -0.089
7278 	 -0.085
7290 	 -0.073
7324 	 -0.025
9000 	 -1.433
9024 	 -1.537
9050 	 -2.497
9078 	 -3.177
9112 	 -3.761
9158 	 -3.713
9162 	 -3.797
9174 	 -3.705
9186 	 -2.857
9216 	 -3.589
9232 	 -3.413
9238 	 -3.801
9262 	 -1.973
9268 	 -1.305
9298 	 -0.417
9304 	 -0.413
9306 	 -0.409
9334 	 -0.277
9400 	 -0.025
9660 	 -0.009
9904 	 -0.001
12000 	 -2.554
12002 	 -2.49
12004 	 -3.243
12006 	 -4.04
12008 	 -5.806
12010 	 -6.444
12012 	 -7.289
12016 	 -7.486
12020 	 -8.039
12028 	 -8.173
12032 	 -7.981
12040 	 -7.945
12042 	 -8.421
12048 	 -8.218
12054 	 -7.729
12064 	 -7.829
12070 	 -7.983
12074 	 -7.504
12086 	 -7.729
12088 	 -7.117
12100 	 -7.166
12102 	 -6.945
12108 	 -6.999
12120 	 -6.471
12130 	 -6.214
12132 	 -6.55
12140 	 -6.815
12152 	 -6.952
12154 	 -7.988
12160 	 -8.075
12162 	 -8.048
12164 	 -7.938
12168 	 -8.253
12178 	 -8.384
12180 	 -8.273
12182 	 -8.617
12186 	 -8.662
12188 	 -8.79
12190 	 -9.106
12198 	 -9.054
12200 	 -9.133
12206 	 -9.244
12208 	 -9.458
12212 	 -10.502
12228 	 -10.647
12230 	 -11.013
12234 	 -12.361
12236 	 -12.116
12248 	 -12.516
12252 	 -11.8
12254 	 -11.598
12256 	 -11.616
12260 	 -11.656
12264 	 -12.033
12266 	 -12.415
12272 	 -12.459
12274 	 -11.207
12276 	 -11.234
12282 	 -11.048
12286 	 -11.15
12290 	 -10.941
12292 	 -10.742
12296 	 -10.905
12302 	 -10.954
12304 	 -10.724
12310 	 -10.754
12312 	 -10.785
12322 	 -10.705
12324 	 -10.253
12328 	 -10.264
12332 	 -10.311
12334 	 -10.037
12338 	 -9.785
12344 	 -8.989
12350 	 -8.974
12354 	 -8.847
12358 	 -8.79
12360 	 -7.838
12364 	 -7.734
12368 	 -7.703
12372 	 -7.688
12380 	 -7.295
12382 	 -7.19
12386 	 -7.118
12388 	 -7.114
12394 	 -6.964
12404 	 -6.692
12406 	 -6.574
12410 	 -6.456
12412 	 -6.4
12420 	 -6.389
12436 	 -6.788
12438 	 -6.162
12440 	 -6.304
12444 	 -6.288
12452 	 -6.515
12454 	 -6.473
12456 	 -6.537
12460 	 -6.454
12464 	 -6.405
12466 	 -6.87
12472 	 -6.797
12476 	 -6.973
12480 	 -7.015
12488 	 -6.981
12490 	 -6.928
12494 	 -6.889
12498 	 -7.087
12502 	 -7.06
12508 	 -7.051
12510 	 -7.007
12516 	 -6.957
12520 	 -6.927
12526 	 -6.849
12532 	 -6.838
12536 	 -7.403
12544 	 -7.342
12550 	 -7.391
12552 	 -7.271
12558 	 -7.202
12562 	 -7.299
12564 	 -7.461
12566 	 -7.419
12570 	 -7.56
12576 	 -7.54
12578 	 -7.499
12582 	 -7.468
12590 	 -7.317
12598 	 -6.836
12602 	 -6.956
12604 	 -6.941
12610 	 -6.919
12614 	 -6.612
12618 	 -6.779
12626 	 -6.96
12630 	 -7.537
12638 	 -7.539
12642 	 -7.53
12644 	 -7.722
12646 	 -7.543
12650 	 -7.457
12662 	 -7.46
12666 	 -7.541
12670 	 -7.561
12672 	 -7.549
12690 	 -7.677
12694 	 -7.665
12706 	 -7.893
12710 	 -7.889
12712 	 -6.46
12716 	 -6.527
12720 	 -6.49
12728 	 -6.425
12730 	 -6.457
12732 	 -6.405
12734 	 -6.341
12742 	 -6.337
12748 	 -6.32
12762 	 -6.309
12764 	 -6.837
12768 	 -6.879
12770 	 -7.112
12772 	 -7.081
12776 	 -7.071
12780 	 -7.016
12784 	 -7.145
12786 	 -7.141
12788 	 -7.068
12794 	 -7.074
12798 	 -7.432
12806 	 -8.036
12812 	 -8
12814 	 -8.477
12818 	 -8.828
12820 	 -9.127
12840 	 -9.209
12844 	 -9.178
12852 	 -9.688
12856 	 -9.63
12870 	 -9.487
12872 	 -9.586
12874 	 -8.669
12878 	 -8.852
12886 	 -8.882
12890 	 -8.784
12894 	 -8.699
12896 	 -8.829
12898 	 -8.838
12900 	 -8.853
12908 	 -8.756
12910 	 -8.511
12918 	 -8.514
12920 	 -8.424
12924 	 -8.53
12926 	 -7.86
12934 	 -7.941
12940 	 -7.687
12942 	 -7.81
12946 	 -7.869
12948 	 -7.758
12950 	 -7.744
12954 	 -7.675
12958 	 -7.524
12960 	 -7.587
12964 	 -7.58
12966 	 -7.569
12970 	 -7.564
12972 	 -7.455
12984 	 -7.511
12986 	 -7.303
12990 	 -7.35
12996 	 -7.351
12998 	 -7.334
13004 	 -7.295
13008 	 -7.329
13026 	 -7.275
13028 	 -7.234
13030 	 -7.17
13032 	 -7.097
13036 	 -6.551
13044 	 -6.88
13046 	 -7.703
13048 	 -7.67
13050 	 -7.62
13052 	 -7.471
13058 	 -7.553
13062 	 -7.531
13064 	 -7.749
13068 	 -7.548
13076 	 -7.449
13078 	 -7.447
13080 	 -7.127
13084 	 -7.072
13086 	 -7.204
13092 	 -7.145
13096 	 -7.207
13098 	 -7.162
13100 	 -7.197
13102 	 -7.276
13106 	 -7.265
13108 	 -7.029
13114 	 -6.98
13118 	 -6.958
13120 	 -6.886
13124 	 -6.909
13134 	 -6.846
13138 	 -6.828
13140 	 -6.803
13148 	 -6.563
13150 	 -6.52
13154 	 -6.36
13162 	 -6.356
13174 	 -5.983
13192 	 -5.736
13202 	 -5.153
13206 	 -4.966
13220 	 -4.933
13230 	 -4.973
13232 	 -4.994
13234 	 -4.992
13248 	 -4.285
13250 	 -4.273
13256 	 -4.277
13258 	 -4.275
13272 	 -4.216
13274 	 -4.384
13290 	 -4.552
13310 	 -4.454
13314 	 -4.532
13340 	 -4.138
13346 	 -4.163
13350 	 -4.141
13358 	 -4.124
13374 	 -3.735
13380 	 -3.776
13388 	 -3.751
13394 	 -3.748
13396 	 -3.713
13398 	 -3.676
13414 	 -3.682
13416 	 -3.555
13436 	 -3.428
13442 	 -3.137
13444 	 -3.206
13454 	 -3.205
13462 	 -3.204
13464 	 -3.185
13474 	 -3.172
13490 	 -3.162
13494 	 -3.082
13506 	 -3.097
13514 	 -3.195
13520 	 -3.157
13540 	 -3.155
13542 	 -3.151
13546 	 -2.726
13562 	 -2.776
13572 	 -2.8
13584 	 -2.795
13588 	 -2.79
13592 	 -2.696
13606 	 -2.631
13616 	 -2.377
13618 	 -2.363
13634 	 -2.349
13642 	 -2.419
13648 	 -2.409
13652 	 -2.347
13658 	 -2.117
13674 	 -1.978
13680 	 -1.975
13696 	 -2.026
13706 	 -1.998
13726 	 -1.997
13728 	 -1.977
13744 	 -1.487
13748 	 -1.306
13766 	 -1.294
13768 	 -1.23
13784 	 -1.164
13796 	 -1.156
13806 	 -0.993
13814 	 -0.951
13818 	 -0.946
13838 	 -0.904
13844 	 -0.891
13848 	 -0.89
13866 	 -0.877
13890 	 -0.875
13894 	 -0.866
13900 	 -0.858
13902 	 -0.805
13906 	 -0.801
13912 	 -0.788
13920 	 -0.711
13954 	 -0.71
13976 	 -0.704
13984 	 -0.595
14010 	 -0.594
14012 	 -0.579
14020 	 -0.573
14032 	 -0.495
14050 	 -0.484
14074 	 -0.483
14104 	 -0.478
14108 	 -0.473
14160 	 -0.47
14180 	 -0.467
14200 	 -0.411
14262 	 -0.401
14296 	 -0.399
14326 	 -0.398
14344 	 -0.396
14388 	 -0.394
14426 	 -0.243
15000 	 -1.411
15024 	 -1.542
15050 	 -2.196
15078 	 -2.644
15112 	 -2.876
15158 	 -2.883
15162 	 -2.924
15174 	 -2.877
15186 	 -2.35
15216 	 -2.558
15232 	 -2.382
15238 	 -2.51
15250 	 -2.504
15262 	 -1.876
15268 	 -1.703
15282 	 -1.439
15298 	 -1.092
15310 	 -1.133
15336 	 -1.432
15342 	 -1.429
15346 	 -1.377
15356 	 -1.547
15360 	 -1.544
15374 	 -1.159
15400 	 -0.724
15422 	 -0.564
15456 	 -0.301
15486 	 -0.112
15558 	 -0.045
15660 	 -0.039
15708 	 -0.033
15864 	 -0.028
15904 	 -0.02
16000 	 -0.017
16388 	 -0.011
18000 	 -2.128
18020 	 -2.236
18042 	 -2.716
18064 	 -2.81
18088 	 -2.232
18120 	 -1.658
18154 	 -2.416
18180 	 -2.152
18190 	 -2.608
18234 	 -3.44
18252 	 -3.424
18262 	 -3.238
18270 	 -2.592
18278 	 -2.55
18286 	 -2.456
18296 	 -3.002
18316 	 -3.032
18328 	 -3.276
18336 	 -3.042
18342 	 -3.068
18348 	 -2.674
18360 	 -2.166
18368 	 -1.86
18384 	 -1.874
18402 	 -1.364
18420 	 -0.73
18426 	 -0.642
18434 	 -0.524
18448 	 -0.184
18472 	 -0.154
18552 	 -0.016
18864 	 -0.008
19002 	 0
21000 	 -1.44
21001 	 -1.44
