0 	 0
3000 	 -1.376
3024 	 -1.496
3050 	 -1.88
3062 	 -2.472
3078 	 -3.176
3112 	 -3.62
3158 	 -3.808
3164 	 -3.728
3186 	 -2.828
3198 	 -2.688
3216 	 -1.912
3232 	 -1.736
3238 	 -1.364
3262 	 -0.608
3296 	 -0.264
3400 	 -0.024
3636 	 -0.008
3904 	 0
6000 	 -2.478
6020 	 -2.638
6042 	 -3.286
6064 	 -3.582
6088 	 -3.11
6120 	 -2.686
6138 	 -2.872
6154 	 -3.312
6180 	 -3.048
6190 	 -3.516
6198 	 -3.5
6234 	 -3.9
6284 	 -4.203
6296 	 -4.179
6346 	 -4.159
6360 	 -2.871
6374 	 -2.271
6376 	 -1.719
6424 	 -1.319
6444 	 -0.761
6504 	 -0.637
6506 	 -0.613
6552 	 -0.501
6634 	 -0.359
6704 	 -0.331
6710 	 -0.307
6726 	 -0.295
6728 	 -0.267
6782 	 -0.263
6894 	 -0.165
6990 	 -0.145
6994 	 -0.125
7002 	 -0.093
7272 	 -0.089
7278 	 -0.085
7290 	 -0.073
7324 	 -0.025
9000 	 -1.433
9024 	 -1.537
9050 	 -2.497
9078 	 -3.177
9112 	 -3.761
9158 	 -3.713
9162 	 -3.797
9174 	 -3.705
9186 	 -2.857
9216 	 -3.589
9232 	 -3.413
9238 	 -3.801
9262 	 -1.973
9268 	 -1.305
9298 	 -0.417
9304 	 -0.413
9306 	 -0.409
9334 	 -0.277
9400 	 -0.025
9660 	 -0.009
9904 	 -0.001
12000 	 -2.54
12002 	 -2.421
12004 	 -2.734
12006 	 -3.32
12008 	 -4.581
12010 	 -5.651
12012 	 -6.29
12016 	 -6.619
12018 	 -6.665
12020 	 -7.105
12028 	 -7.239
12032 	 -7.205
12034 	 -7.257
12040 	 -7.162
12042 	 -7.638
12054 	 -7.149
12062 	 -7.341
12064 	 -7.417
12070 	 -7.608
12074 	 -7.129
12086 	 -7.354
12088 	 -6.742
12090 	 -6.784
12100 	 -6.904
12102 	 -6.788
12120 	 -6.254
12130 	 -6.273
12132 	 -6.563
12140 	 -6.828
12152 	 -6.965
12154 	 -8.001
12156 	 -8.048
12164 	 -7.938
12166 	 -7.895
12176 	 -7.847
12178 	 -7.724
12180 	 -7.575
12182 	 -7.919
12184 	 -7.873
12186 	 -7.882
12188 	 -8.025
12190 	 -8.341
12200 	 -8.161
12206 	 -8.196
12208 	 -8.41
12210 	 -8.441
12212 	 -9.485
12222 	 -9.378
12228 	 -9.674
12230 	 -9.609
12234 	 -10.957
12236 	 -10.762
12242 	 -11.017
12250 	 -11
12252 	 -10.284
12254 	 -10.183
12264 	 -10.153
12266 	 -10.504
12272 	 -10.503
12274 	 -9.251
12278 	 -9.346
12282 	 -9.189
12288 	 -9.105
12290 	 -8.833
12296 	 -8.996
12302 	 -9.215
12304 	 -9.171
12308 	 -9.156
12310 	 -9.01
12320 	 -9.012
12322 	 -8.932
12324 	 -8.328
12328 	 -8.42
12330 	 -8.41
12332 	 -8.442
12338 	 -8.101
12344 	 -7.066
12350 	 -7.047
12354 	 -7.035
12360 	 -5.937
12382 	 -5.929
12386 	 -5.593
12394 	 -5.301
12404 	 -5.029
12412 	 -4.973
12420 	 -4.962
12432 	 -4.827
12436 	 -5.168
12438 	 -4.92
12440 	 -5.062
12444 	 -4.999
12452 	 -5.226
12456 	 -4.923
12460 	 -4.84
12464 	 -4.721
12466 	 -5.186
12472 	 -5.113
12476 	 -5.277
12480 	 -5.319
12490 	 -5.305
12494 	 -5.266
12502 	 -5.247
12508 	 -5.238
12510 	 -5.111
12512 	 -5.602
12516 	 -5.552
12520 	 -5.522
12522 	 -5.726
12524 	 -5.679
12526 	 -5.601
12536 	 -5.597
12542 	 -5.737
12544 	 -5.676
12552 	 -5.556
12562 	 -5.326
12564 	 -5.494
12566 	 -5.452
12570 	 -5.507
12578 	 -5.48
12582 	 -5.294
12590 	 -5.143
12600 	 -4.922
12604 	 -4.907
12614 	 -4.816
12618 	 -4.767
12626 	 -4.948
12630 	 -5.419
12638 	 -5.415
12652 	 -5.483
12672 	 -5.471
12676 	 -5.569
12684 	 -5.494
12706 	 -5.722
12710 	 -5.718
12712 	 -5.207
12718 	 -5.175
12730 	 -5.185
12746 	 -5.242
12748 	 -5.225
12750 	 -5.316
12754 	 -5.317
12758 	 -5.315
12768 	 -5.357
12770 	 -6.066
12780 	 -6.011
12794 	 -6.734
12812 	 -7.002
12826 	 -7.178
12832 	 -7.15
12834 	 -7.06
12844 	 -7.155
12856 	 -7.325
12864 	 -6.908
12870 	 -6.837
12872 	 -7.044
12874 	 -6.787
12882 	 -6.579
12888 	 -6.446
12890 	 -6.45
12902 	 -6.353
12908 	 -6.369
12914 	 -6.459
12920 	 -6.29
12924 	 -6.255
12926 	 -6.019
12932 	 -5.899
12938 	 -5.798
12940 	 -5.678
12942 	 -5.71
12944 	 -5.862
12954 	 -5.919
12964 	 -5.912
12970 	 -5.816
12972 	 -5.555
12976 	 -5.548
12982 	 -5.467
12984 	 -5.593
12990 	 -5.59
12996 	 -5.596
13000 	 -5.794
13002 	 -5.798
13004 	 -5.724
13008 	 -5.71
13010 	 -5.847
13018 	 -5.695
13028 	 -5.654
13034 	 -5.612
13044 	 -5.957
13048 	 -6.542
13050 	 -6.375
13056 	 -6.377
13062 	 -6.376
13068 	 -6.366
13070 	 -6.332
13074 	 -6.344
13078 	 -6.278
13080 	 -5.935
13090 	 -6.069
13094 	 -5.854
13102 	 -5.849
13106 	 -5.874
13110 	 -5.613
13112 	 -5.594
13114 	 -5.545
13130 	 -5.576
13132 	 -5.515
13138 	 -5.333
13150 	 -5.265
13156 	 -5.24
13158 	 -5.234
13160 	 -5.176
13162 	 -5.134
13164 	 -4.906
13168 	 -4.16
13174 	 -4.279
13176 	 -4.319
13184 	 -4.286
13196 	 -4.365
13198 	 -4.464
13200 	 -4.351
13202 	 -4.338
13206 	 -4.213
13208 	 -4.051
13214 	 -4.064
13218 	 -4.104
13220 	 -4.066
13224 	 -4.089
13232 	 -4.112
13234 	 -4.11
13248 	 -3.651
13250 	 -3.62
13258 	 -3.618
13274 	 -3.744
13278 	 -3.718
13284 	 -3.672
13288 	 -3.601
13290 	 -3.584
13300 	 -3.572
13310 	 -3.565
13320 	 -3.64
13340 	 -3.246
13346 	 -3.422
13348 	 -3.544
13360 	 -3.542
13370 	 -3.751
13372 	 -3.739
13378 	 -3.752
13380 	 -3.766
13388 	 -3.76
13394 	 -3.757
13396 	 -3.633
13398 	 -3.491
13414 	 -3.312
13418 	 -3.172
13422 	 -3.063
13438 	 -3.062
13442 	 -3.09
13452 	 -2.98
13470 	 -3.101
13474 	 -3.088
13486 	 -2.987
13488 	 -3.033
13490 	 -3.023
13494 	 -2.986
13512 	 -2.915
13514 	 -2.906
13542 	 -2.896
13546 	 -2.259
13554 	 -2.238
13566 	 -2.286
13574 	 -2.417
13592 	 -2.348
13594 	 -2.417
13604 	 -2.507
13618 	 -2.493
13648 	 -2.449
13650 	 -2.403
13658 	 -2.294
13662 	 -2.287
13682 	 -2.286
13688 	 -2.234
13690 	 -2.418
13724 	 -2.411
13726 	 -2.41
13744 	 -2.461
13754 	 -2.459
13778 	 -2.373
13790 	 -2.234
13810 	 -2.421
13812 	 -2.534
13814 	 -2.474
13844 	 -2.461
13862 	 -2.561
13866 	 -2.529
13880 	 -2.431
13884 	 -2.459
13900 	 -2.442
13902 	 -2.389
13904 	 -2.451
13906 	 -2.45
13910 	 -2.479
13912 	 -2.473
13928 	 -2.522
13934 	 -2.519
13962 	 -2.378
13964 	 -2.354
13984 	 -2.203
13986 	 -2.174
13992 	 -2.138
14004 	 -2.12
14012 	 -2.105
14022 	 -2.256
14032 	 -2.177
14038 	 -2.174
14042 	 -2.227
14062 	 -2.233
14064 	 -2.416
14074 	 -2.415
14098 	 -2.479
14108 	 -2.474
14110 	 -2.418
14128 	 -2.413
14152 	 -2.224
14160 	 -1.993
14168 	 -1.991
14176 	 -1.966
14184 	 -1.95
14188 	 -1.939
14194 	 -1.877
14200 	 -1.821
14208 	 -1.755
14216 	 -1.734
14222 	 -1.617
14244 	 -1.615
14246 	 -1.665
14252 	 -1.675
14268 	 -1.658
14282 	 -1.709
14292 	 -1.82
14306 	 -1.819
14308 	 -1.796
14316 	 -1.757
14318 	 -1.755
14326 	 -1.754
14330 	 -1.857
14332 	 -1.981
14336 	 -1.959
14360 	 -1.927
14368 	 -1.926
14372 	 -1.968
14378 	 -1.939
14390 	 -1.753
14396 	 -1.789
14398 	 -1.788
14406 	 -1.785
14412 	 -1.554
14420 	 -1.539
14426 	 -1.388
14430 	 -1.367
14452 	 -1.319
14458 	 -1.166
14482 	 -1.134
14490 	 -1.075
14506 	 -0.614
14514 	 -0.601
14522 	 -0.656
14550 	 -0.73
14560 	 -0.728
14572 	 -0.663
14578 	 -0.654
14582 	 -0.703
14608 	 -0.651
14622 	 -0.715
14650 	 -0.703
14684 	 -0.828
14706 	 -0.818
14730 	 -0.846
14762 	 -0.843
14778 	 -0.608
14796 	 -0.601
14810 	 -0.594
14814 	 -0.539
14834 	 -0.373
14864 	 -0.337
14924 	 -0.327
15000 	 -1.432
15024 	 -1.57
15050 	 -2.066
15078 	 -2.392
15112 	 -2.424
15158 	 -2.307
15162 	 -2.329
15174 	 -2.306
15186 	 -1.884
15216 	 -1.662
15232 	 -1.486
15238 	 -1.548
15250 	 -1.542
15262 	 -0.979
15266 	 -0.954
15276 	 -0.802
15300 	 -0.624
15310 	 -0.644
15336 	 -0.794
15342 	 -0.791
15356 	 -0.876
15360 	 -0.873
15374 	 -0.678
15400 	 -0.396
15416 	 -0.39
15422 	 -0.31
15456 	 -0.178
15486 	 -0.082
15558 	 -0.05
15656 	 -0.046
15708 	 -0.04
15864 	 -0.039
15904 	 -0.031
16000 	 -0.028
16050 	 -0.027
16284 	 -0.026
16388 	 -0.02
16482 	 -0.015
18000 	 -2.129
18020 	 -2.219
18042 	 -2.635
18064 	 -2.646
18088 	 -2.005
18120 	 -1.386
18154 	 -1.721
18180 	 -1.457
18190 	 -1.581
18234 	 -1.881
18252 	 -1.873
18262 	 -1.78
18270 	 -1.457
18278 	 -1.436
18286 	 -1.389
18296 	 -1.59
18316 	 -1.605
18328 	 -1.727
18336 	 -1.61
18342 	 -1.623
18348 	 -1.426
18360 	 -1.1
18368 	 -0.947
18384 	 -0.954
18402 	 -0.699
18420 	 -0.382
18426 	 -0.338
18434 	 -0.279
18448 	 -0.109
18472 	 -0.094
18552 	 -0.009
18864 	 -0.005
19002 	 -0.001
21000 	 -1.441
21001 	 -1.441
