0 	 0
3000 	 -1.376
3024 	 -1.496
3050 	 -1.88
3062 	 -2.472
3078 	 -3.176
3112 	 -3.62
3158 	 -3.808
3164 	 -3.728
3186 	 -2.828
3198 	 -2.688
3216 	 -1.912
3232 	 -1.736
3238 	 -1.364
3262 	 -0.608
3296 	 -0.264
3400 	 -0.024
3636 	 -0.008
3904 	 0
6000 	 -2.478
6020 	 -2.638
6042 	 -3.286
6064 	 -3.582
6088 	 -3.11
6120 	 -2.686
6138 	 -2.872
6154 	 -3.312
6180 	 -3.048
6190 	 -3.516
6198 	 -3.5
6234 	 -3.9
6284 	 -4.203
6296 	 -4.179
6346 	 -4.159
6360 	 -2.871
6374 	 -2.271
6376 	 -1.719
6424 	 -1.319
6444 	 -0.761
6504 	 -0.637
6506 	 -0.613
6552 	 -0.501
6634 	 -0.359
6704 	 -0.331
6710 	 -0.307
6726 	 -0.295
6728 	 -0.267
6782 	 -0.263
6894 	 -0.165
6990 	 -0.145
6994 	 -0.125
7002 	 -0.093
7272 	 -0.089
7278 	 -0.085
7290 	 -0.073
7324 	 -0.025
9000 	 -1.433
9024 	 -1.537
9050 	 -2.497
9078 	 -3.177
9112 	 -3.761
9158 	 -3.713
9162 	 -3.797
9174 	 -3.705
9186 	 -2.857
9216 	 -3.589
9232 	 -3.413
9238 	 -3.801
9262 	 -1.973
9268 	 -1.305
9298 	 -0.417
9304 	 -0.413
9306 	 -0.409
9334 	 -0.277
9400 	 -0.025
9660 	 -0.009
9904 	 -0.001
12000 	 -2.54
12002 	 -2.421
12004 	 -2.774
12006 	 -3.36
12008 	 -5.032
12010 	 -6.102
12012 	 -6.956
12016 	 -7.285
12018 	 -7.331
12020 	 -7.884
12028 	 -8.018
12032 	 -7.984
12034 	 -8.036
12040 	 -8.029
12042 	 -8.505
12054 	 -8.016
12062 	 -8.208
12064 	 -8.284
12070 	 -8.658
12074 	 -8.179
12086 	 -8.404
12088 	 -7.792
12090 	 -7.834
12100 	 -7.931
12102 	 -7.815
12120 	 -7.281
12130 	 -7.254
12132 	 -7.544
12140 	 -7.809
12152 	 -7.946
12154 	 -8.982
12156 	 -9.036
12164 	 -8.926
12166 	 -8.883
12176 	 -8.835
12178 	 -8.797
12180 	 -8.648
12182 	 -8.992
12184 	 -8.946
12186 	 -9.007
12188 	 -9.15
12190 	 -9.466
12200 	 -9.33
12206 	 -9.355
12208 	 -9.569
12210 	 -9.653
12212 	 -10.697
12222 	 -10.59
12228 	 -10.861
12230 	 -10.906
12234 	 -12.254
12236 	 -12.068
12242 	 -12.278
12250 	 -12.276
12252 	 -11.56
12254 	 -11.358
12256 	 -11.376
12264 	 -11.69
12266 	 -11.96
12272 	 -12.005
12274 	 -10.753
12278 	 -10.788
12282 	 -10.602
12286 	 -10.448
12288 	 -10.364
12290 	 -10.134
12296 	 -10.297
12300 	 -10.348
12304 	 -10.118
12308 	 -10.103
12310 	 -9.688
12312 	 -9.945
12320 	 -9.947
12322 	 -9.867
12324 	 -9.155
12328 	 -9.151
12330 	 -9.141
12332 	 -9.173
12338 	 -8.979
12340 	 -8.898
12344 	 -8.102
12350 	 -7.981
12354 	 -7.798
12360 	 -6.846
12366 	 -6.802
12372 	 -6.609
12376 	 -6.706
12382 	 -6.709
12386 	 -6.274
12394 	 -5.959
12404 	 -5.687
12412 	 -5.631
12420 	 -5.62
12432 	 -5.41
12436 	 -5.717
12438 	 -5.243
12440 	 -5.385
12444 	 -5.314
12452 	 -5.541
12456 	 -5.224
12460 	 -5.141
12464 	 -5.084
12466 	 -5.549
12472 	 -5.476
12476 	 -5.612
12480 	 -5.654
12494 	 -5.615
12496 	 -5.813
12498 	 -5.587
12502 	 -5.568
12508 	 -5.559
12510 	 -5.455
12512 	 -5.903
12516 	 -5.853
12520 	 -5.942
12526 	 -5.864
12536 	 -5.86
12538 	 -5.947
12544 	 -5.886
12552 	 -5.766
12562 	 -5.333
12564 	 -5.495
12566 	 -5.453
12570 	 -5.459
12576 	 -5.439
12578 	 -5.32
12590 	 -5.169
12592 	 -4.984
12604 	 -4.969
12610 	 -5.163
12614 	 -5.072
12618 	 -5.027
12626 	 -5.076
12630 	 -5.547
12638 	 -5.543
12672 	 -5.512
12688 	 -5.488
12706 	 -5.716
12710 	 -5.712
12712 	 -5.297
12728 	 -5.267
12748 	 -5.318
12756 	 -5.544
12758 	 -5.542
12768 	 -5.583
12770 	 -5.816
12772 	 -6.091
12778 	 -6.847
12780 	 -6.792
12784 	 -6.74
12794 	 -6.924
12800 	 -7.081
12810 	 -7.223
12814 	 -7.151
12820 	 -7.081
12828 	 -7.658
12836 	 -7.671
12842 	 -7.445
12850 	 -7.468
12856 	 -7.41
12858 	 -7.329
12870 	 -7.197
12874 	 -6.479
12894 	 -6.224
12896 	 -6.028
12898 	 -6.106
12906 	 -6.049
12908 	 -5.864
12918 	 -5.83
12920 	 -5.612
12924 	 -5.577
12926 	 -5.71
12934 	 -5.72
12942 	 -5.752
12944 	 -5.83
12954 	 -5.755
12958 	 -5.672
12964 	 -5.472
12970 	 -5.467
12972 	 -5.42
12980 	 -5.266
12984 	 -5.256
12990 	 -5.25
12994 	 -5.354
12996 	 -5.383
13004 	 -5.309
13006 	 -5.399
13008 	 -5.385
13010 	 -5.338
13016 	 -5.606
13022 	 -5.741
13024 	 -6.213
13026 	 -6.018
13028 	 -5.977
13038 	 -5.931
13040 	 -5.904
13044 	 -6.299
13050 	 -6.201
13052 	 -6.351
13058 	 -6.41
13060 	 -6.479
13062 	 -6.478
13068 	 -6.335
13076 	 -6.243
13078 	 -6.241
13080 	 -5.921
13082 	 -5.907
13084 	 -5.955
13090 	 -5.68
13100 	 -5.553
13102 	 -5.514
13114 	 -5.446
13120 	 -5.311
13124 	 -5.279
13136 	 -4.976
13138 	 -5.008
13144 	 -4.866
13150 	 -4.798
13152 	 -4.599
13154 	 -4.595
13158 	 -4.59
13166 	 -4.497
13168 	 -4.338
13170 	 -4.325
13174 	 -4.314
13182 	 -4.394
13186 	 -4.386
13190 	 -4.432
13192 	 -4.3
13202 	 -4.287
13204 	 -4.211
13206 	 -4.255
13220 	 -4.246
13224 	 -4.318
13234 	 -4.316
13242 	 -4.257
13246 	 -4.164
13248 	 -3.633
13250 	 -3.621
13254 	 -3.647
13258 	 -3.645
13272 	 -3.778
13278 	 -3.863
13284 	 -3.94
13290 	 -3.923
13306 	 -3.98
13324 	 -3.994
13328 	 -3.976
13336 	 -4.009
13340 	 -3.615
13346 	 -3.834
13348 	 -3.881
13354 	 -3.912
13368 	 -3.92
13372 	 -3.816
13374 	 -3.939
13388 	 -3.78
13392 	 -3.668
13394 	 -3.665
13412 	 -3.525
13414 	 -3.494
13416 	 -3.398
13442 	 -3.403
13444 	 -3.285
13454 	 -3.152
13460 	 -3.146
13470 	 -3.241
13472 	 -3.191
13474 	 -3.178
13488 	 -3.191
13490 	 -3.171
13492 	 -3.142
13514 	 -3.133
13542 	 -3.075
13546 	 -2.739
13550 	 -2.709
13558 	 -2.671
13560 	 -2.67
13564 	 -2.636
13584 	 -2.925
13592 	 -2.856
13594 	 -2.813
13598 	 -2.789
13600 	 -2.768
13602 	 -2.822
13648 	 -2.778
13658 	 -2.656
13662 	 -2.641
13688 	 -2.579
13696 	 -2.733
13726 	 -2.732
13744 	 -2.621
13750 	 -2.613
13776 	 -2.589
13778 	 -2.545
13784 	 -2.581
13802 	 -2.674
13806 	 -2.797
13812 	 -3.049
13814 	 -3.007
13826 	 -2.99
13836 	 -2.923
13842 	 -2.919
13848 	 -2.918
13862 	 -2.886
13874 	 -3
13884 	 -3.047
13900 	 -3.134
13902 	 -3.077
13908 	 -3.068
13912 	 -3.062
13914 	 -3.136
13922 	 -3.124
13932 	 -3.101
13942 	 -3.091
13948 	 -3.064
13962 	 -2.981
13966 	 -2.964
13974 	 -2.981
13984 	 -2.831
13988 	 -2.819
13998 	 -2.783
14012 	 -2.768
14014 	 -2.797
14028 	 -2.484
14032 	 -2.405
14042 	 -2.436
14048 	 -2.44
14052 	 -2.523
14066 	 -2.516
14074 	 -2.515
14090 	 -2.702
14112 	 -2.774
14120 	 -2.809
14132 	 -2.849
14134 	 -2.793
14146 	 -2.902
14154 	 -2.928
14168 	 -2.952
14182 	 -2.941
14186 	 -3.035
14190 	 -3.043
14200 	 -2.972
14202 	 -2.87
14218 	 -2.68
14226 	 -2.674
14232 	 -2.79
14236 	 -2.771
14248 	 -2.659
14254 	 -2.594
14272 	 -2.433
14274 	 -2.485
14276 	 -2.419
14282 	 -2.417
14304 	 -2.164
14314 	 -2.022
14318 	 -2.02
14326 	 -2.019
14332 	 -1.933
14336 	 -1.961
14348 	 -2.078
14356 	 -2.02
14370 	 -2
14374 	 -2.087
14376 	 -2.072
14378 	 -2.16
14380 	 -2.135
14406 	 -1.956
14410 	 -1.854
14412 	 -1.819
14424 	 -1.958
14426 	 -1.807
14430 	 -1.79
14446 	 -1.849
14460 	 -1.657
14464 	 -1.648
14466 	 -1.525
14482 	 -1.471
14490 	 -1.449
14494 	 -1.428
14508 	 -1.242
14516 	 -1.217
14518 	 -0.955
14524 	 -0.897
14540 	 -0.947
14544 	 -0.876
14550 	 -0.782
14556 	 -0.772
14568 	 -0.771
14598 	 -0.682
14616 	 -0.681
14632 	 -0.718
14652 	 -0.715
14680 	 -0.808
14694 	 -0.804
14704 	 -0.799
14732 	 -0.926
14748 	 -0.892
14760 	 -0.891
14762 	 -0.875
14784 	 -0.818
14836 	 -0.594
14854 	 -0.556
14874 	 -0.503
14896 	 -0.39
14942 	 -0.375
15000 	 -1.442
15024 	 -1.581
15050 	 -2.219
15078 	 -2.671
15112 	 -2.909
15158 	 -2.831
15162 	 -2.873
15174 	 -2.827
15186 	 -2.281
15216 	 -2.358
15232 	 -2.182
15238 	 -2.381
15250 	 -2.375
15262 	 -1.497
15268 	 -1.325
15282 	 -1.059
15298 	 -0.713
15310 	 -0.733
15312 	 -0.725
15336 	 -0.875
15340 	 -0.873
15342 	 -0.87
15346 	 -0.818
15356 	 -0.903
15374 	 -0.708
15400 	 -0.4
15422 	 -0.32
15456 	 -0.188
15486 	 -0.092
15558 	 -0.06
15660 	 -0.054
15708 	 -0.048
15746 	 -0.045
15792 	 -0.044
15864 	 -0.043
15904 	 -0.035
15918 	 -0.034
16000 	 -0.031
16206 	 -0.032
16350 	 -0.031
16360 	 -0.03
16388 	 -0.024
16500 	 -0.018
18000 	 -2.129
18020 	 -2.228
18042 	 -2.676
18064 	 -2.73
18088 	 -2.112
18120 	 -1.492
18154 	 -2.169
18180 	 -1.905
18190 	 -2.226
18234 	 -2.959
18252 	 -2.943
18262 	 -2.85
18270 	 -2.204
18278 	 -2.162
18286 	 -2.068
18296 	 -2.257
18316 	 -2.287
18328 	 -2.409
18336 	 -2.175
18342 	 -2.171
18348 	 -1.777
18360 	 -1.202
18368 	 -1.049
18384 	 -1.056
18402 	 -0.725
18420 	 -0.408
18426 	 -0.364
18434 	 -0.305
18448 	 -0.135
18472 	 -0.12
18552 	 -0.013
18864 	 -0.009
19002 	 -0.001
21000 	 -1.441
21001 	 -1.441
