0 	 0
3000 	 -1.376
3024 	 -1.496
3050 	 -1.88
3062 	 -2.472
3078 	 -3.176
3112 	 -3.62
3158 	 -3.808
3164 	 -3.728
3186 	 -2.828
3198 	 -2.688
3216 	 -1.912
3232 	 -1.736
3238 	 -1.364
3262 	 -0.608
3296 	 -0.264
3400 	 -0.024
3636 	 -0.008
3904 	 0
6000 	 -2.478
6020 	 -2.638
6042 	 -3.286
6064 	 -3.582
6088 	 -3.11
6120 	 -2.686
6138 	 -2.872
6154 	 -3.312
6180 	 -3.048
6190 	 -3.516
6198 	 -3.5
6234 	 -3.9
6284 	 -4.203
6296 	 -4.179
6346 	 -4.159
6360 	 -2.871
6374 	 -2.271
6376 	 -1.719
6424 	 -1.319
6444 	 -0.761
6504 	 -0.637
6506 	 -0.613
6552 	 -0.501
6634 	 -0.359
6704 	 -0.331
6710 	 -0.307
6726 	 -0.295
6728 	 -0.267
6782 	 -0.263
6894 	 -0.165
6990 	 -0.145
6994 	 -0.125
7002 	 -0.093
7272 	 -0.089
7278 	 -0.085
7290 	 -0.073
7324 	 -0.025
9000 	 -1.433
9024 	 -1.537
9050 	 -2.497
9078 	 -3.177
9112 	 -3.761
9158 	 -3.713
9162 	 -3.797
9174 	 -3.705
9186 	 -2.857
9216 	 -3.589
9232 	 -3.413
9238 	 -3.801
9262 	 -1.973
9268 	 -1.305
9298 	 -0.417
9304 	 -0.413
9306 	 -0.409
9334 	 -0.277
9400 	 -0.025
9660 	 -0.009
9904 	 -0.001
12000 	 -2.554
12002 	 -2.49
12004 	 -3.283
12006 	 -4.08
12008 	 -6.257
12010 	 -6.895
12012 	 -7.955
12016 	 -8.152
12020 	 -8.818
12028 	 -8.952
12032 	 -8.76
12040 	 -8.812
12042 	 -9.288
12048 	 -9.085
12054 	 -8.596
12064 	 -8.696
12070 	 -9.026
12074 	 -8.547
12086 	 -8.772
12088 	 -8.16
12100 	 -8.136
12102 	 -7.915
12108 	 -7.969
12114 	 -8.11
12120 	 -7.582
12130 	 -7.158
12132 	 -7.49
12140 	 -7.755
12152 	 -7.892
12154 	 -8.928
12160 	 -9.015
12162 	 -8.988
12164 	 -8.878
12168 	 -9.193
12178 	 -9.359
12180 	 -9.214
12182 	 -9.557
12184 	 -9.409
12186 	 -9.42
12188 	 -9.544
12190 	 -9.86
12192 	 -9.803
12198 	 -9.751
12200 	 -9.554
12204 	 -9.604
12206 	 -9.639
12208 	 -9.853
12210 	 -9.91
12212 	 -10.954
12226 	 -11.475
12228 	 -11.62
12230 	 -11.58
12234 	 -12.928
12236 	 -12.787
12242 	 -12.691
12248 	 -13.042
12252 	 -12.287
12254 	 -11.984
12260 	 -11.924
12264 	 -11.859
12266 	 -12.273
12272 	 -12.272
12274 	 -11.02
12276 	 -11.114
12282 	 -10.815
12290 	 -10.543
12292 	 -10.357
12296 	 -10.52
12304 	 -10.206
12320 	 -10.208
12322 	 -10.128
12324 	 -9.524
12328 	 -9.566
12330 	 -9.721
12332 	 -9.753
12334 	 -9.314
12338 	 -9.062
12344 	 -8.266
12346 	 -8.325
12350 	 -8.306
12352 	 -8.194
12354 	 -8.167
12356 	 -8.115
12358 	 -8.096
12360 	 -7.144
12364 	 -7.196
12376 	 -7.165
12380 	 -7.29
12382 	 -7.282
12386 	 -6.968
12388 	 -6.841
12394 	 -6.814
12404 	 -6.614
12410 	 -6.291
12412 	 -6.235
12420 	 -6.224
12422 	 -6.126
12436 	 -6.445
12438 	 -5.7
12440 	 -5.842
12444 	 -5.76
12452 	 -5.987
12456 	 -5.95
12460 	 -5.867
12464 	 -5.801
12466 	 -6.266
12468 	 -6.068
12472 	 -5.913
12476 	 -6.034
12480 	 -6.147
12488 	 -6.113
12494 	 -6.074
12496 	 -6.067
12502 	 -6.413
12506 	 -6.288
12510 	 -6.811
12516 	 -6.761
12520 	 -6.996
12526 	 -7.02
12532 	 -7.011
12536 	 -7.007
12538 	 -6.987
12544 	 -6.931
12550 	 -6.686
12552 	 -6.566
12562 	 -6.307
12564 	 -6.475
12566 	 -6.433
12568 	 -6.186
12570 	 -6.235
12578 	 -6.208
12580 	 -6.086
12590 	 -5.942
12598 	 -5.856
12604 	 -5.68
12614 	 -5.589
12618 	 -5.525
12622 	 -5.498
12626 	 -5.679
12630 	 -6.159
12632 	 -6.152
12638 	 -6.148
12650 	 -6.133
12656 	 -6.125
12664 	 -6.28
12668 	 -6.422
12682 	 -6.399
12686 	 -6.379
12694 	 -6.367
12698 	 -6.237
12706 	 -6.465
12710 	 -6.461
12712 	 -6.064
12722 	 -6.167
12726 	 -6.158
12728 	 -6.237
12742 	 -5.948
12758 	 -5.946
12764 	 -5.78
12768 	 -5.822
12770 	 -6.198
12774 	 -6.199
12776 	 -6.189
12778 	 -6.229
12780 	 -6.174
12784 	 -7.142
12794 	 -7.182
12796 	 -7.28
12798 	 -7.487
12800 	 -7.716
12814 	 -7.714
12816 	 -7.693
12824 	 -7.823
12826 	 -7.875
12828 	 -7.883
12834 	 -7.595
12838 	 -8.094
12840 	 -8.113
12848 	 -7.97
12852 	 -7.986
12856 	 -8.116
12866 	 -8.127
12870 	 -7.974
12874 	 -7.683
12876 	 -7.499
12878 	 -7.52
12882 	 -7.602
12888 	 -7.343
12900 	 -6.988
12908 	 -6.984
12912 	 -6.805
12916 	 -6.642
12918 	 -6.635
12920 	 -6.545
12924 	 -6.72
12928 	 -6.714
12932 	 -6.612
12936 	 -6.69
12938 	 -6.724
12940 	 -6.766
12942 	 -6.798
12954 	 -6.729
12956 	 -7.05
12958 	 -7.04
12964 	 -7.052
12966 	 -6.944
12968 	 -7.082
12970 	 -7.077
12972 	 -7.117
12984 	 -6.866
12988 	 -6.727
12990 	 -6.718
12994 	 -6.474
12996 	 -6.467
13002 	 -6.485
13004 	 -6.411
13008 	 -6.397
13012 	 -6.516
13018 	 -6.498
13020 	 -6.356
13022 	 -6.91
13024 	 -7.003
13028 	 -6.927
13040 	 -6.79
13044 	 -7.189
13046 	 -7.333
13048 	 -7.486
13050 	 -7.459
13052 	 -7.482
13058 	 -7.445
13064 	 -7.547
13068 	 -7.323
13074 	 -7.234
13078 	 -7.229
13080 	 -6.919
13084 	 -6.917
13086 	 -7.086
13092 	 -7.184
13098 	 -6.96
13100 	 -7.052
13102 	 -7.012
13112 	 -7.02
13114 	 -7.011
13118 	 -7.084
13122 	 -7.006
13136 	 -6.683
13138 	 -6.457
13140 	 -6.441
13150 	 -6.373
13156 	 -6.438
13158 	 -6.1
13162 	 -5.971
13166 	 -5.964
13170 	 -5.89
13174 	 -5.879
13176 	 -5.927
13182 	 -5.887
13186 	 -5.854
13190 	 -5.851
13198 	 -5.822
13202 	 -5.809
13206 	 -5.719
13210 	 -5.718
13212 	 -5.709
13220 	 -5.7
13232 	 -5.752
13234 	 -5.749
13238 	 -5.678
13248 	 -5.525
13250 	 -5.513
13254 	 -5.544
13258 	 -5.542
13260 	 -5.453
13262 	 -5.616
13266 	 -5.536
13270 	 -5.537
13284 	 -5.544
13290 	 -5.635
13300 	 -5.716
13310 	 -5.723
13312 	 -5.762
13316 	 -5.743
13332 	 -5.71
13334 	 -5.588
13338 	 -5.567
13340 	 -5.173
13346 	 -4.996
13350 	 -5.432
13372 	 -5.42
13374 	 -5.453
13380 	 -5.698
13388 	 -5.692
13394 	 -5.757
13410 	 -5.598
13414 	 -6.121
13430 	 -6.118
13438 	 -6.116
13442 	 -5.963
13444 	 -6.287
13450 	 -6.285
13454 	 -6.284
13456 	 -6.378
13462 	 -6.377
13464 	 -6.543
13468 	 -6.58
13472 	 -6.618
13474 	 -6.605
13490 	 -6.595
13492 	 -6.471
13500 	 -6.478
13504 	 -6.38
13510 	 -6.525
13514 	 -6.516
13516 	 -6.468
13524 	 -6.911
13534 	 -7.224
13538 	 -7.181
13542 	 -7.177
13544 	 -6.873
13546 	 -7.022
13552 	 -7.18
13554 	 -7.324
13558 	 -7.323
13562 	 -7.403
13568 	 -7.28
13570 	 -7.25
13584 	 -7.012
13590 	 -7.065
13592 	 -6.996
13598 	 -7.042
13600 	 -6.832
13604 	 -6.746
13606 	 -6.811
13610 	 -6.706
13614 	 -6.509
13616 	 -6.331
13618 	 -6.317
13620 	 -6.553
13626 	 -6.416
13628 	 -6.26
13630 	 -6.09
13636 	 -6.298
13638 	 -6.349
13642 	 -6.33
13644 	 -6.369
13646 	 -6.503
13648 	 -6.531
13654 	 -6.529
13658 	 -5.802
13666 	 -5.558
13674 	 -5.44
13686 	 -5.493
13688 	 -5.576
13690 	 -5.801
13700 	 -5.878
13714 	 -5.79
13718 	 -6.207
13724 	 -6.067
13726 	 -6.066
13738 	 -6.088
13744 	 -5.67
13746 	 -5.65
13756 	 -5.462
13758 	 -5.434
13762 	 -5.13
13770 	 -5.076
13772 	 -4.976
13778 	 -4.861
13786 	 -4.764
13788 	 -4.652
13794 	 -4.714
13800 	 -4.526
13804 	 -4.373
13812 	 -4.404
13814 	 -4.362
13820 	 -4.195
13832 	 -3.982
13834 	 -3.76
13844 	 -3.683
13846 	 -3.663
13854 	 -3.35
13858 	 -3.348
13864 	 -3.335
13872 	 -3.292
13874 	 -3.341
13876 	 -3.353
13882 	 -3.323
13892 	 -3.097
13900 	 -3.089
13902 	 -2.996
13906 	 -3.006
13912 	 -3
13930 	 -2.962
13938 	 -2.937
13964 	 -3.062
13966 	 -3.066
13968 	 -3.105
13974 	 -3.102
13980 	 -3.123
13982 	 -3.094
13984 	 -2.905
14006 	 -2.906
14010 	 -2.898
14012 	 -2.883
14030 	 -2.881
14032 	 -2.575
14038 	 -2.556
14044 	 -2.593
14064 	 -2.631
14072 	 -2.451
14074 	 -2.45
14086 	 -2.429
14090 	 -2.375
14104 	 -2.361
14108 	 -2.356
14112 	 -2.247
14114 	 -2.246
14120 	 -2.351
14134 	 -2.123
14150 	 -2.075
14152 	 -2.023
14154 	 -2.014
14162 	 -1.644
14174 	 -1.572
14178 	 -1.626
14186 	 -1.462
14192 	 -1.458
14200 	 -1.392
14206 	 -1.462
14208 	 -1.465
14218 	 -1.451
14222 	 -1.425
14224 	 -1.275
14228 	 -1.238
14238 	 -1.284
14250 	 -1.096
14260 	 -1.092
14272 	 -1.049
14278 	 -1.072
14284 	 -1.063
14300 	 -1.047
14318 	 -1.045
14320 	 -1.039
14326 	 -1.038
14338 	 -1.032
14340 	 -1.153
14344 	 -1.151
14356 	 -1.059
14386 	 -1.062
14426 	 -0.903
14428 	 -0.872
14436 	 -0.631
14438 	 -0.63
14454 	 -0.618
14472 	 -0.559
14492 	 -0.418
14520 	 -0.417
14524 	 -0.387
14548 	 -0.386
14552 	 -0.383
14584 	 -0.38
14590 	 -0.375
14602 	 -0.308
14604 	 -0.289
15000 	 -1.422
15024 	 -1.552
15050 	 -2.206
15078 	 -2.654
15112 	 -2.885
15158 	 -2.819
15162 	 -2.861
15174 	 -2.813
15186 	 -2.195
15216 	 -2.411
15232 	 -2.235
15238 	 -2.363
15250 	 -2.357
15262 	 -1.481
15268 	 -1.308
15282 	 -1.044
15298 	 -0.697
15310 	 -0.717
15336 	 -0.867
15342 	 -0.864
15346 	 -0.812
15356 	 -0.897
15360 	 -0.894
15374 	 -0.699
15400 	 -0.391
15422 	 -0.312
15456 	 -0.179
15486 	 -0.083
15558 	 -0.051
15660 	 -0.045
15708 	 -0.039
15864 	 -0.038
15904 	 -0.03
15962 	 -0.028
16000 	 -0.025
16188 	 -0.023
16194 	 -0.021
16248 	 -0.02
16388 	 -0.014
18000 	 -2.128
18020 	 -2.227
18042 	 -2.675
18064 	 -2.729
18088 	 -2.111
18120 	 -1.491
18154 	 -2.168
18180 	 -1.904
18190 	 -2.225
18234 	 -2.958
18252 	 -2.942
18262 	 -2.849
18270 	 -2.203
18278 	 -2.161
18286 	 -2.067
18296 	 -2.256
18316 	 -2.286
18328 	 -2.408
18336 	 -2.174
18342 	 -2.17
18348 	 -1.776
18360 	 -1.201
18368 	 -1.048
18384 	 -1.055
18402 	 -0.724
18420 	 -0.407
18426 	 -0.363
18434 	 -0.304
18448 	 -0.134
18472 	 -0.119
18552 	 -0.012
18864 	 -0.008
19002 	 0
21000 	 -1.44
21001 	 -1.44
