0 	 0
3000 	 -1.376
3024 	 -1.496
3050 	 -1.88
3062 	 -2.472
3078 	 -3.176
3112 	 -3.62
3158 	 -3.808
3164 	 -3.728
3186 	 -2.828
3198 	 -2.688
3216 	 -1.912
3232 	 -1.736
3238 	 -1.364
3262 	 -0.608
3296 	 -0.264
3400 	 -0.024
3636 	 -0.008
3904 	 0
6000 	 -2.478
6020 	 -2.638
6042 	 -3.286
6064 	 -3.582
6088 	 -3.11
6120 	 -2.686
6138 	 -2.872
6154 	 -3.312
6180 	 -3.048
6190 	 -3.516
6198 	 -3.5
6234 	 -3.9
6284 	 -4.203
6296 	 -4.179
6346 	 -4.159
6360 	 -2.871
6374 	 -2.271
6376 	 -1.719
6424 	 -1.319
6444 	 -0.761
6504 	 -0.637
6506 	 -0.613
6552 	 -0.501
6634 	 -0.359
6704 	 -0.331
6710 	 -0.307
6726 	 -0.295
6728 	 -0.267
6782 	 -0.263
6894 	 -0.165
6990 	 -0.145
6994 	 -0.125
7002 	 -0.093
7272 	 -0.089
7278 	 -0.085
7290 	 -0.073
7324 	 -0.025
9000 	 -1.433
9024 	 -1.537
9050 	 -2.497
9078 	 -3.177
9112 	 -3.761
9158 	 -3.713
9162 	 -3.797
9174 	 -3.705
9186 	 -2.857
9216 	 -3.589
9232 	 -3.413
9238 	 -3.801
9262 	 -1.973
9268 	 -1.305
9298 	 -0.417
9304 	 -0.413
9306 	 -0.409
9334 	 -0.277
9400 	 -0.025
9660 	 -0.009
9904 	 -0.001
12000 	 -2.554
12002 	 -2.49
12004 	 -3.203
12006 	 -4
12008 	 -5.349
12010 	 -5.987
12012 	 -6.621
12016 	 -6.818
12020 	 -7.264
12028 	 -7.398
12032 	 -7.205
12040 	 -7.17
12042 	 -7.646
12048 	 -7.411
12054 	 -6.922
12064 	 -7.022
12070 	 -7.177
12074 	 -6.698
12088 	 -6.086
12100 	 -6.127
12102 	 -5.886
12114 	 -6.027
12120 	 -5.499
12130 	 -5.286
12140 	 -5.551
12154 	 -6.587
12162 	 -6.56
12164 	 -6.45
12178 	 -6.5
12180 	 -6.467
12182 	 -6.933
12184 	 -6.785
12186 	 -6.779
12190 	 -7.095
12192 	 -7.038
12198 	 -7.008
12200 	 -6.796
12208 	 -7.188
12210 	 -7.294
12212 	 -8.338
12226 	 -8.797
12228 	 -8.942
12230 	 -8.793
12234 	 -10.141
12242 	 -10.144
12248 	 -10.156
12252 	 -9.401
12254 	 -9.199
12264 	 -9.134
12266 	 -9.512
12274 	 -8.26
12276 	 -8.299
12282 	 -8.002
12290 	 -7.73
12296 	 -7.893
12302 	 -8.005
12304 	 -7.958
12320 	 -7.96
12322 	 -7.88
12324 	 -7.276
12330 	 -7.358
12332 	 -7.39
12334 	 -7.445
12338 	 -7.193
12344 	 -6.397
12350 	 -6.378
12356 	 -6.3
12358 	 -6.281
12360 	 -5.329
12368 	 -5.515
12374 	 -5.34
12382 	 -5.332
12386 	 -4.839
12400 	 -4.941
12402 	 -4.777
12404 	 -4.505
12406 	 -4.475
12412 	 -4.419
12420 	 -4.408
12436 	 -4.761
12437 	 -4.981
12438 	 -4.873
12440 	 -5.015
12444 	 -5.068
12452 	 -5.295
12460 	 -5.212
12466 	 -5.578
12472 	 -5.582
12474 	 -5.566
12476 	 -5.759
12480 	 -5.855
12494 	 -5.816
12498 	 -5.979
12500 	 -6.183
12508 	 -6.174
12516 	 -6.347
12520 	 -6.317
12526 	 -6.239
12532 	 -6.23
12540 	 -6.296
12544 	 -6.235
12550 	 -6.252
12552 	 -6.132
12562 	 -6.199
12564 	 -6.372
12566 	 -6.33
12568 	 -6.183
12570 	 -6.139
12572 	 -6.1
12586 	 -6.071
12590 	 -5.95
12594 	 -6.122
12600 	 -6.454
12604 	 -6.444
12608 	 -6.241
12618 	 -6.292
12626 	 -6.473
12630 	 -7.062
12638 	 -6.889
12648 	 -6.847
12650 	 -6.427
12656 	 -6.415
12662 	 -6.805
12664 	 -6.685
12672 	 -7.083
12678 	 -7.057
12684 	 -7.041
12706 	 -7.269
12710 	 -7.265
12712 	 -6.721
12730 	 -6.493
12740 	 -6.364
12742 	 -6.35
12748 	 -6.333
12758 	 -6.331
12762 	 -6.522
12766 	 -6.279
12768 	 -6.321
12770 	 -6.554
12782 	 -6.407
12800 	 -6.497
12814 	 -6.495
12826 	 -6.418
12840 	 -6.243
12854 	 -6.301
12856 	 -6.279
12864 	 -6.411
12874 	 -6.384
12908 	 -5.889
12920 	 -5.799
12924 	 -5.704
12926 	 -6.122
12932 	 -6.817
12936 	 -6.725
12942 	 -6.753
12954 	 -6.58
12956 	 -6.784
12958 	 -6.998
12960 	 -6.97
12964 	 -6.862
12972 	 -6.815
12978 	 -6.585
12986 	 -7
12990 	 -6.994
12996 	 -6.978
13004 	 -6.904
13008 	 -6.89
13010 	 -6.738
13016 	 -6.637
13020 	 -6.546
13022 	 -6.577
13026 	 -6.732
13028 	 -6.668
13036 	 -6.749
13042 	 -6.535
13044 	 -6.904
13058 	 -6.752
13060 	 -6.706
13062 	 -6.811
13064 	 -6.016
13068 	 -6.221
13070 	 -6.101
13076 	 -6.163
13078 	 -6.295
13080 	 -5.915
13084 	 -5.912
13090 	 -5.89
13092 	 -5.785
13096 	 -5.883
13102 	 -5.713
13106 	 -5.637
13110 	 -5.479
13114 	 -5.432
13124 	 -5.332
13136 	 -5.31
13148 	 -5.305
13150 	 -5.258
13160 	 -5.137
13162 	 -4.971
13170 	 -5.449
13176 	 -5.531
13180 	 -5.811
13186 	 -5.91
13194 	 -6.179
13206 	 -6.111
13220 	 -5.988
13224 	 -5.975
13234 	 -5.973
13248 	 -4.804
13262 	 -4.672
13266 	 -4.707
13268 	 -4.723
13284 	 -4.649
13290 	 -4.632
13298 	 -4.471
13302 	 -4.314
13304 	 -3.941
13306 	 -3.551
13320 	 -3.37
13326 	 -3.453
13328 	 -3.469
13338 	 -3.366
13340 	 -2.972
13346 	 -3.004
13348 	 -3.137
13352 	 -3.021
13360 	 -2.976
13370 	 -3.101
13372 	 -3.055
13388 	 -3.049
13394 	 -3.046
13396 	 -3.207
13398 	 -3.191
13400 	 -3.053
13408 	 -3.034
13414 	 -3.054
13418 	 -3.07
13424 	 -3.054
13436 	 -3.129
13442 	 -2.799
13444 	 -2.883
13446 	 -2.842
13460 	 -2.767
13462 	 -2.738
13480 	 -2.704
13484 	 -2.722
13486 	 -2.67
13490 	 -2.685
13496 	 -2.679
13504 	 -2.717
13508 	 -2.678
13510 	 -2.648
13514 	 -2.689
13520 	 -2.654
13522 	 -2.557
13534 	 -2.535
13542 	 -2.531
13546 	 -2.281
13554 	 -1.817
13558 	 -1.808
13574 	 -1.749
13582 	 -1.66
13592 	 -1.591
13596 	 -1.58
13598 	 -1.571
13606 	 -1.569
13608 	 -1.546
13612 	 -1.517
13618 	 -1.503
13630 	 -1.485
13654 	 -1.483
13656 	 -1.482
13658 	 -1.403
13664 	 -1.351
13678 	 -1.343
13682 	 -1.302
13714 	 -1.298
13740 	 -1.279
13744 	 -0.837
13802 	 -0.832
13814 	 -0.79
13822 	 -0.776
13828 	 -0.767
13844 	 -0.754
13858 	 -0.751
13900 	 -0.743
13902 	 -0.69
13912 	 -0.684
13962 	 -0.642
13978 	 -0.641
13984 	 -0.545
14012 	 -0.53
14032 	 -0.452
14058 	 -0.451
14072 	 -0.45
14108 	 -0.445
14200 	 -0.389
14254 	 -0.387
14318 	 -0.385
14326 	 -0.383
14426 	 -0.232
15000 	 -1.412
15024 	 -1.532
15050 	 -2.06
15078 	 -2.377
15112 	 -2.427
15158 	 -2.462
15162 	 -2.483
15174 	 -2.459
15186 	 -2.158
15216 	 -1.961
15232 	 -1.785
15238 	 -1.849
15250 	 -1.843
15262 	 -1.829
15268 	 -1.743
15282 	 -1.611
15298 	 -1.438
15310 	 -1.5
15336 	 -1.948
15342 	 -1.945
15346 	 -1.919
15356 	 -2.174
15360 	 -2.171
15374 	 -1.596
15400 	 -1.067
15422 	 -0.827
15456 	 -0.433
15486 	 -0.147
15558 	 -0.045
15660 	 -0.042
15708 	 -0.036
15864 	 -0.027
15904 	 -0.019
16000 	 -0.016
16388 	 -0.01
18000 	 -2.128
18020 	 -2.236
18042 	 -2.716
18064 	 -2.807
18088 	 -2.246
18120 	 -1.719
18154 	 -2.216
18180 	 -1.952
18190 	 -2.346
18234 	 -2.844
18252 	 -2.836
18262 	 -2.557
18270 	 -2.234
18278 	 -2.213
18286 	 -2.166
18296 	 -3.081
18316 	 -3.096
18328 	 -3.462
18336 	 -3.345
18342 	 -3.418
18348 	 -3.221
18360 	 -3.029
18368 	 -2.57
18384 	 -2.591
18402 	 -1.978
18420 	 -1.027
18426 	 -0.895
18434 	 -0.718
18448 	 -0.208
18472 	 -0.163
18552 	 -0.016
18864 	 -0.004
19002 	 0
21000 	 -1.44
21001 	 -1.44
