0 	 0
3000 	 -1.376
3024 	 -1.496
3050 	 -1.88
3062 	 -2.472
3078 	 -3.176
3112 	 -3.62
3158 	 -3.808
3164 	 -3.728
3186 	 -2.828
3198 	 -2.688
3216 	 -1.912
3232 	 -1.736
3238 	 -1.364
3262 	 -0.608
3296 	 -0.264
3400 	 -0.024
3636 	 -0.008
3904 	 0
6000 	 -2.478
6020 	 -2.638
6042 	 -3.286
6064 	 -3.582
6088 	 -3.11
6120 	 -2.686
6138 	 -2.872
6154 	 -3.312
6180 	 -3.048
6190 	 -3.516
6198 	 -3.5
6234 	 -3.9
6284 	 -4.203
6296 	 -4.179
6346 	 -4.159
6360 	 -2.871
6374 	 -2.271
6376 	 -1.719
6424 	 -1.319
6444 	 -0.761
6504 	 -0.637
6506 	 -0.613
6552 	 -0.501
6634 	 -0.359
6704 	 -0.331
6710 	 -0.307
6726 	 -0.295
6728 	 -0.267
6782 	 -0.263
6894 	 -0.165
6990 	 -0.145
6994 	 -0.125
7002 	 -0.093
7272 	 -0.089
7278 	 -0.085
7290 	 -0.073
7324 	 -0.025
9000 	 -1.433
9024 	 -1.537
9050 	 -2.497
9078 	 -3.177
9112 	 -3.761
9158 	 -3.713
9162 	 -3.797
9174 	 -3.705
9186 	 -2.857
9216 	 -3.589
9232 	 -3.413
9238 	 -3.801
9262 	 -1.973
9268 	 -1.305
9298 	 -0.417
9304 	 -0.413
9306 	 -0.409
9334 	 -0.277
9400 	 -0.025
9660 	 -0.009
9904 	 -0.001
12000 	 -2.554
12002 	 -2.49
12004 	 -3.243
12006 	 -4.04
12008 	 -5.8
12010 	 -6.438
12012 	 -7.287
12016 	 -7.484
12020 	 -8.043
12028 	 -8.177
12032 	 -7.985
12040 	 -8.019
12042 	 -8.495
12048 	 -8.292
12054 	 -7.803
12064 	 -7.903
12070 	 -8.233
12074 	 -7.754
12088 	 -7.142
12100 	 -7.091
12102 	 -6.87
12108 	 -6.924
12114 	 -7.065
12120 	 -6.537
12130 	 -6.113
12140 	 -6.378
12154 	 -7.414
12160 	 -7.501
12162 	 -7.474
12164 	 -7.364
12168 	 -7.679
12178 	 -7.872
12180 	 -7.839
12182 	 -8.305
12184 	 -8.157
12186 	 -8.151
12190 	 -8.467
12192 	 -8.41
12198 	 -8.358
12200 	 -8.161
12208 	 -8.553
12210 	 -8.61
12212 	 -9.654
12226 	 -10.175
12228 	 -10.32
12230 	 -10.28
12234 	 -11.628
12242 	 -11.532
12248 	 -11.885
12252 	 -11.13
12254 	 -10.827
12260 	 -10.767
12264 	 -10.702
12266 	 -11.037
12274 	 -9.785
12276 	 -9.879
12282 	 -9.631
12290 	 -9.359
12292 	 -9.173
12296 	 -9.336
12304 	 -9.054
12320 	 -9.056
12322 	 -8.976
12324 	 -8.372
12330 	 -8.571
12332 	 -8.603
12334 	 -8.24
12338 	 -7.988
12344 	 -7.192
12346 	 -7.256
12350 	 -7.237
12354 	 -7.222
12356 	 -7.153
12358 	 -7.134
12360 	 -6.182
12364 	 -6.259
12376 	 -6.228
12380 	 -6.15
12382 	 -6.142
12386 	 -5.862
12388 	 -5.78
12404 	 -5.508
12406 	 -5.478
12410 	 -5.211
12412 	 -5.155
12420 	 -5.144
12422 	 -5.046
12436 	 -5.416
12437 	 -5.636
12438 	 -5.052
12440 	 -5.194
12444 	 -5.248
12452 	 -5.475
12460 	 -5.392
12466 	 -5.891
12468 	 -5.69
12472 	 -5.458
12474 	 -5.469
12476 	 -5.808
12480 	 -5.85
12488 	 -5.865
12492 	 -5.881
12494 	 -5.842
12506 	 -5.717
12508 	 -5.708
12516 	 -5.881
12520 	 -5.851
12526 	 -5.773
12532 	 -5.764
12538 	 -5.744
12540 	 -5.847
12544 	 -5.786
12550 	 -5.316
12552 	 -5.196
12562 	 -5.172
12564 	 -5.34
12566 	 -5.298
12570 	 -5.292
12580 	 -5.293
12582 	 -5.108
12590 	 -4.987
12594 	 -5.274
12604 	 -5.264
12610 	 -5.21
12618 	 -5.171
12626 	 -5.352
12630 	 -5.823
12638 	 -5.819
12642 	 -6.059
12648 	 -6.242
12650 	 -6.201
12652 	 -6.409
12656 	 -6.401
12664 	 -6.281
12672 	 -6.41
12682 	 -6.387
12692 	 -6.244
12694 	 -6.232
12706 	 -6.46
12710 	 -6.456
12712 	 -5.734
12732 	 -5.557
12742 	 -5.553
12746 	 -5.545
12748 	 -5.528
12756 	 -5.673
12758 	 -5.671
12766 	 -5.51
12768 	 -5.552
12770 	 -5.785
12776 	 -5.775
12782 	 -5.964
12790 	 -6.115
12794 	 -6.168
12798 	 -6.254
12814 	 -6.252
12826 	 -6.388
12840 	 -6.235
12874 	 -6.24
12882 	 -6.219
12900 	 -6.371
12908 	 -6.826
12914 	 -7.197
12920 	 -7.032
12924 	 -7.367
12942 	 -7.399
12944 	 -7.542
12946 	 -7.648
12954 	 -7.677
12958 	 -7.893
12964 	 -7.785
12966 	 -7.512
12972 	 -7.748
12974 	 -7.731
12980 	 -7.566
12982 	 -7.403
12986 	 -7.469
12990 	 -7.679
12996 	 -7.663
13004 	 -7.589
13008 	 -7.547
13010 	 -6.98
13012 	 -6.986
13016 	 -6.885
13028 	 -6.844
13030 	 -6.69
13032 	 -6.437
13034 	 -6.552
13036 	 -6.423
13042 	 -6.283
13044 	 -6.647
13052 	 -6.742
13054 	 -6.888
13068 	 -6.695
13074 	 -6.744
13076 	 -6.704
13078 	 -6.637
13080 	 -6.323
13084 	 -6.321
13096 	 -6.117
13102 	 -6.112
13104 	 -6.025
13112 	 -5.932
13114 	 -6.089
13122 	 -6.116
13130 	 -6.228
13138 	 -6.209
13150 	 -6.134
13152 	 -6.073
13154 	 -5.951
13160 	 -5.863
13166 	 -5.942
13168 	 -6.081
13174 	 -5.944
13182 	 -6.484
13186 	 -6.593
13190 	 -6.59
13202 	 -6.706
13206 	 -6.64
13214 	 -6.631
13216 	 -6.622
13220 	 -6.637
13224 	 -6.633
13226 	 -6.653
13228 	 -6.639
13234 	 -6.637
13238 	 -6.666
13242 	 -6.611
13248 	 -6.574
13250 	 -6.329
13256 	 -6.243
13260 	 -6.104
13274 	 -5.891
13276 	 -5.731
13280 	 -5.646
13288 	 -5.636
13290 	 -5.619
13312 	 -5.751
13316 	 -5.012
13322 	 -4.979
13324 	 -5.031
13328 	 -5.138
13334 	 -5.048
13340 	 -4.654
13342 	 -4.727
13344 	 -4.78
13346 	 -4.966
13348 	 -4.883
13354 	 -4.852
13360 	 -4.807
13362 	 -4.909
13364 	 -5.093
13372 	 -5.081
13380 	 -5.237
13388 	 -5.341
13394 	 -5.338
13396 	 -5.49
13406 	 -5.487
13414 	 -5.026
13428 	 -5.038
13436 	 -5.013
13440 	 -4.998
13442 	 -4.96
13444 	 -4.922
13452 	 -4.927
13454 	 -4.926
13458 	 -5.081
13462 	 -5.08
13464 	 -4.949
13472 	 -5.586
13476 	 -5.694
13478 	 -5.727
13482 	 -5.72
13484 	 -5.761
13490 	 -5.702
13492 	 -5.68
13502 	 -5.751
13508 	 -5.729
13512 	 -5.712
13514 	 -5.703
13518 	 -4.533
13520 	 -4.419
13522 	 -4.419
13536 	 -4.432
13540 	 -4.417
13542 	 -4.293
13544 	 -4.091
13546 	 -3.07
13550 	 -3.103
13562 	 -2.972
13564 	 -3.018
13566 	 -3.008
13568 	 -2.909
13576 	 -2.82
13590 	 -2.802
13592 	 -2.7
13598 	 -2.765
13600 	 -2.728
13604 	 -2.687
13610 	 -2.663
13614 	 -2.657
13618 	 -2.643
13622 	 -2.67
13632 	 -2.726
13636 	 -2.775
13646 	 -2.755
13654 	 -2.753
13658 	 -2.541
13660 	 -2.625
13670 	 -2.67
13684 	 -2.691
13694 	 -2.682
13726 	 -2.589
13744 	 -2.246
13784 	 -2.245
13790 	 -2.241
13800 	 -2.282
13806 	 -2.351
13812 	 -2.479
13814 	 -2.437
13822 	 -2.411
13826 	 -2.405
13844 	 -2.392
13848 	 -2.377
13858 	 -2.375
13864 	 -2.25
13878 	 -2.375
13884 	 -2.427
13892 	 -2.4
13894 	 -2.399
13900 	 -2.391
13902 	 -2.338
13910 	 -2.322
13912 	 -2.316
13944 	 -2.346
13950 	 -2.332
13954 	 -2.048
13974 	 -2.113
13978 	 -2.112
13984 	 -2.116
13996 	 -2.115
14002 	 -2.145
14012 	 -2.13
14014 	 -2.126
14022 	 -1.823
14032 	 -1.745
14034 	 -1.766
14036 	 -1.947
14040 	 -2.019
14042 	 -2.024
14066 	 -2.032
14070 	 -2.091
14072 	 -2.154
14094 	 -2.151
14106 	 -2.199
14108 	 -2.194
14114 	 -2.334
14116 	 -2.311
14136 	 -2.387
14138 	 -2.488
14174 	 -2.431
14182 	 -2.429
14188 	 -2.519
14200 	 -2.437
14214 	 -2.286
14228 	 -2.261
14230 	 -2.201
14236 	 -2.319
14246 	 -2.571
14252 	 -2.561
14260 	 -2.326
14264 	 -2.18
14274 	 -2.371
14280 	 -2.353
14288 	 -2.149
14296 	 -2.138
14298 	 -2.136
14300 	 -2.371
14310 	 -2.353
14314 	 -2.165
14318 	 -2.163
14326 	 -2.025
14342 	 -1.798
14348 	 -1.681
14366 	 -1.633
14372 	 -1.609
14374 	 -1.416
14384 	 -1.405
14390 	 -1.399
14398 	 -1.384
14400 	 -1.485
14406 	 -1.457
14408 	 -1.408
14418 	 -1.348
14426 	 -0.914
14450 	 -0.9
14458 	 -0.855
14478 	 -0.866
14488 	 -0.852
14496 	 -0.774
14502 	 -0.768
14522 	 -0.419
14550 	 -0.418
14564 	 -0.366
14594 	 -0.365
14620 	 -0.364
14624 	 -0.347
14678 	 -0.299
14690 	 -0.288
14734 	 -0.274
15000 	 -1.417
15024 	 -1.537
15050 	 -1.921
15078 	 -2.113
15112 	 -1.951
15158 	 -1.808
15186 	 -1.471
15216 	 -0.895
15232 	 -0.719
15250 	 -0.713
15262 	 -0.569
15292 	 -0.568
15294 	 -0.567
15310 	 -0.588
15336 	 -0.737
15342 	 -0.734
15356 	 -0.819
15360 	 -0.816
15374 	 -0.626
15400 	 -0.379
15422 	 -0.299
15456 	 -0.168
15486 	 -0.071
15558 	 -0.036
15808 	 -0.035
15864 	 -0.031
15904 	 -0.023
15930 	 -0.022
16000 	 -0.019
16128 	 -0.018
16388 	 -0.012
18000 	 -2.128
18020 	 -2.209
18042 	 -2.593
18064 	 -2.561
18088 	 -1.897
18120 	 -1.279
18154 	 -1.272
18180 	 -1.008
18190 	 -0.935
18234 	 -0.802
18262 	 -0.709
18296 	 -0.922
18328 	 -1.044
18342 	 -1.074
18360 	 -0.997
18368 	 -0.844
18384 	 -0.851
18402 	 -0.672
18420 	 -0.355
18426 	 -0.311
18434 	 -0.252
18448 	 -0.082
18472 	 -0.067
18552 	 -0.004
18864 	 0
21000 	 -1.44
21001 	 -1.44
