0 	 0
3000 	 -1.376
3024 	 -1.496
3050 	 -1.88
3062 	 -2.472
3078 	 -3.176
3112 	 -3.62
3158 	 -3.808
3164 	 -3.728
3186 	 -2.828
3198 	 -2.688
3216 	 -1.912
3232 	 -1.736
3238 	 -1.364
3262 	 -0.608
3296 	 -0.264
3400 	 -0.024
3636 	 -0.008
3904 	 0
6000 	 -2.478
6020 	 -2.638
6042 	 -3.286
6064 	 -3.582
6088 	 -3.11
6120 	 -2.686
6138 	 -2.872
6154 	 -3.312
6180 	 -3.048
6190 	 -3.516
6198 	 -3.5
6234 	 -3.9
6284 	 -4.203
6296 	 -4.179
6346 	 -4.159
6360 	 -2.871
6374 	 -2.271
6376 	 -1.719
6424 	 -1.319
6444 	 -0.761
6504 	 -0.637
6506 	 -0.613
6552 	 -0.501
6634 	 -0.359
6704 	 -0.331
6710 	 -0.307
6726 	 -0.295
6728 	 -0.267
6782 	 -0.263
6894 	 -0.165
6990 	 -0.145
6994 	 -0.125
7002 	 -0.093
7272 	 -0.089
7278 	 -0.085
7290 	 -0.073
7324 	 -0.025
9000 	 -1.433
9024 	 -1.537
9050 	 -2.497
9078 	 -3.177
9112 	 -3.761
9158 	 -3.713
9162 	 -3.797
9174 	 -3.705
9186 	 -2.857
9216 	 -3.589
9232 	 -3.413
9238 	 -3.801
9262 	 -1.973
9268 	 -1.305
9298 	 -0.417
9304 	 -0.413
9306 	 -0.409
9334 	 -0.277
9400 	 -0.025
9660 	 -0.009
9904 	 -0.001
12000 	 -2.554
12002 	 -2.49
12004 	 -3.321
12006 	 -4.671
12008 	 -5.593
12010 	 -6.738
12012 	 -7.155
12016 	 -7.612
12020 	 -7.948
12028 	 -8.082
12030 	 -8.15
12032 	 -7.957
12040 	 -7.834
12042 	 -8.31
12048 	 -8.075
12054 	 -7.586
12064 	 -7.686
12070 	 -7.665
12072 	 -7.712
12074 	 -7.233
12086 	 -7.498
12088 	 -6.886
12100 	 -6.863
12102 	 -6.622
12120 	 -6.094
12130 	 -6.048
12132 	 -6.368
12140 	 -6.633
12148 	 -6.893
12154 	 -8.061
12162 	 -8.034
12164 	 -7.924
12178 	 -8.066
12180 	 -8.155
12186 	 -8.509
12190 	 -8.825
12198 	 -8.795
12200 	 -8.839
12206 	 -8.829
12212 	 -9.873
12226 	 -10.141
12228 	 -10.3
12230 	 -10.41
12234 	 -11.792
12236 	 -11.369
12252 	 -10.729
12254 	 -10.628
12256 	 -10.776
12260 	 -10.441
12264 	 -10.852
12270 	 -10.979
12272 	 -10.978
12274 	 -9.726
12282 	 -9.569
12286 	 -9.672
12290 	 -9.4
12294 	 -9.546
12296 	 -9.942
12304 	 -9.712
12312 	 -9.743
12324 	 -9.265
12328 	 -9.39
12332 	 -9.437
12334 	 -9.655
12338 	 -9.403
12344 	 -8.607
12350 	 -8.592
12354 	 -8.617
12358 	 -8.272
12360 	 -7.32
12364 	 -7.421
12368 	 -7.39
12372 	 -7.375
12376 	 -7.345
12382 	 -7.284
12386 	 -7.232
12394 	 -7.082
12398 	 -7.077
12404 	 -6.805
12406 	 -7.022
12410 	 -7.009
12412 	 -6.962
12420 	 -6.951
12422 	 -7.007
12436 	 -7.596
12438 	 -7.317
12444 	 -7.359
12452 	 -7.167
12454 	 -7.245
12460 	 -7.162
12462 	 -7.211
12464 	 -7.1
12466 	 -7.611
12480 	 -7.235
12482 	 -7.203
12494 	 -7.164
12496 	 -7.187
12498 	 -7.092
12500 	 -7.148
12502 	 -7.121
12516 	 -7.071
12520 	 -7.041
12522 	 -7.046
12528 	 -6.784
12542 	 -6.809
12552 	 -6.689
12556 	 -6.697
12564 	 -6.691
12572 	 -6.649
12574 	 -7.817
12576 	 -7.688
12578 	 -7.674
12580 	 -7.806
12582 	 -7.839
12584 	 -7.817
12590 	 -7.776
12592 	 -7.597
12598 	 -7.616
12604 	 -7.611
12608 	 -7.821
12610 	 -7.76
12614 	 -7.45
12630 	 -7.82
12634 	 -7.564
12638 	 -7.56
12640 	 -7.041
12644 	 -7.059
12656 	 -7.212
12658 	 -7.191
12666 	 -7.112
12668 	 -7.148
12672 	 -7.017
12698 	 -7.04
12700 	 -7.041
12706 	 -7.075
12710 	 -7.071
12714 	 -6.921
12716 	 -6.918
12720 	 -6.985
12724 	 -7.052
12732 	 -7.142
12742 	 -7.138
12758 	 -7.136
12760 	 -7.123
12768 	 -7.247
12786 	 -7.059
12794 	 -7.149
12802 	 -7.127
12804 	 -7.16
12806 	 -7.105
12822 	 -7.51
12826 	 -7.436
12828 	 -7.486
12838 	 -7.686
12848 	 -8.31
12858 	 -8.298
12864 	 -8.292
12866 	 -8.575
12874 	 -8.529
12888 	 -8.75
12894 	 -8.461
12896 	 -8.241
12902 	 -8.213
12908 	 -7.668
12912 	 -7.662
12916 	 -7.588
12920 	 -7.459
12926 	 -7.229
12936 	 -8.004
12940 	 -7.975
12942 	 -7.853
12952 	 -7.376
12954 	 -7.307
12958 	 -7.296
12970 	 -7.084
12972 	 -6.91
12976 	 -6.793
12982 	 -6.549
12986 	 -6.523
12990 	 -6.257
12994 	 -6.313
12996 	 -6.297
13000 	 -6.13
13002 	 -6.064
13004 	 -6.087
13006 	 -6.097
13008 	 -6.083
13020 	 -6.056
13024 	 -5.976
13026 	 -5.787
13028 	 -5.672
13034 	 -5.718
13042 	 -5.678
13048 	 -5.731
13058 	 -5.576
13064 	 -5.334
13068 	 -5.215
13072 	 -5.024
13078 	 -5.02
13080 	 -5.014
13082 	 -5.006
13088 	 -5.104
13090 	 -4.97
13092 	 -4.569
13098 	 -5.077
13102 	 -5.074
13110 	 -5.306
13114 	 -5.285
13120 	 -5.262
13122 	 -5.361
13126 	 -5.285
13128 	 -5.314
13146 	 -5.192
13156 	 -5.324
13168 	 -5.087
13180 	 -4.979
13182 	 -5.038
13206 	 -5.095
13214 	 -4.374
13238 	 -3.884
13246 	 -3.815
13248 	 -3.593
13250 	 -3.35
13256 	 -3.346
13258 	 -3.344
13260 	 -3.531
13262 	 -3.473
13268 	 -3.326
13270 	 -3.321
13274 	 -3.318
13290 	 -3.301
13304 	 -3.464
13308 	 -3.624
13312 	 -3.552
13328 	 -3.513
13366 	 -3.672
13372 	 -3.66
13374 	 -3.594
13384 	 -3.483
13388 	 -3.479
13390 	 -3.503
13394 	 -3.543
13396 	 -3.587
13398 	 -3.509
13408 	 -3.619
13414 	 -3.66
13416 	 -3.707
13432 	 -3.699
13434 	 -3.686
13450 	 -3.344
13454 	 -3.334
13460 	 -3.297
13466 	 -3.271
13474 	 -3.259
13476 	 -3.143
13480 	 -3.059
13484 	 -3.324
13494 	 -3.291
13504 	 -3.27
13510 	 -3.252
13514 	 -3.243
13536 	 -3.159
13542 	 -3.155
13548 	 -3.221
13550 	 -3.215
13562 	 -3.165
13576 	 -3.153
13588 	 -3.136
13604 	 -3.014
13612 	 -2.994
13634 	 -2.977
13648 	 -2.048
13686 	 -2.244
13688 	 -2.435
13696 	 -2.396
13710 	 -2.392
13714 	 -2.368
13726 	 -2.367
13732 	 -2.507
13738 	 -2.714
13744 	 -2.617
13746 	 -2.616
13760 	 -2.596
13766 	 -2.587
13768 	 -2.586
13772 	 -2.585
13802 	 -2.582
13804 	 -2.46
13820 	 -2.454
13838 	 -2.421
13848 	 -2.42
13864 	 -2.544
13876 	 -2.292
13878 	 -2.192
13892 	 -2.605
13900 	 -2.594
13902 	 -2.541
13912 	 -2.535
13928 	 -2.536
13930 	 -2.523
13932 	 -2.589
13934 	 -2.61
13942 	 -2.569
13948 	 -2.687
13952 	 -2.813
13972 	 -2.85
13988 	 -2.757
14000 	 -2.58
14012 	 -2.506
14020 	 -2.505
14022 	 -2.533
14024 	 -2.511
14028 	 -2.497
14048 	 -2.445
14058 	 -2.501
14062 	 -2.499
14078 	 -2.543
14080 	 -2.302
14082 	 -2.436
14086 	 -2.415
14094 	 -2.315
14100 	 -2.383
14108 	 -2.367
14120 	 -2.336
14124 	 -2.359
14130 	 -2.408
14136 	 -2.281
14154 	 -2.266
14164 	 -2.276
14166 	 -2.314
14174 	 -2.269
14178 	 -2.299
14182 	 -2.362
14188 	 -2.321
14192 	 -2.079
14196 	 -2.226
14208 	 -2.219
14210 	 -2.382
14212 	 -2.38
14224 	 -2.317
14232 	 -2.092
14238 	 -2.01
14248 	 -1.969
14256 	 -1.993
14268 	 -1.816
14272 	 -1.685
14282 	 -1.658
14284 	 -1.628
14288 	 -1.548
14292 	 -1.483
14302 	 -1.428
14308 	 -1.405
14318 	 -1.403
14324 	 -1.379
14326 	 -1.339
14330 	 -1.204
14346 	 -1.109
14356 	 -1.107
14360 	 -0.882
14364 	 -0.862
14378 	 -0.822
14382 	 -0.686
14400 	 -0.673
14402 	 -0.653
14426 	 -0.634
14428 	 -0.647
14448 	 -0.636
14462 	 -0.63
14468 	 -0.627
14494 	 -0.759
14512 	 -0.737
14516 	 -0.73
14530 	 -0.727
14576 	 -0.803
14594 	 -0.802
14602 	 -0.78
14620 	 -0.777
14624 	 -0.775
14712 	 -0.771
14714 	 -0.635
14734 	 -0.602
14784 	 -0.579
14836 	 -0.554
14852 	 -0.482
14918 	 -0.382
14954 	 -0.378
15000 	 -1.499
15024 	 -1.663
15050 	 -2.376
15070 	 -2.394
15078 	 -2.937
15112 	 -3.376
15158 	 -3.391
15162 	 -3.434
15164 	 -3.421
15174 	 -3.375
15186 	 -2.804
15216 	 -3.341
15222 	 -3.339
15232 	 -3.163
15238 	 -3.342
15256 	 -3.34
15262 	 -2.228
15266 	 -2.179
15268 	 -2.093
15276 	 -1.791
15282 	 -1.658
15298 	 -1.485
15300 	 -1.142
15308 	 -1.159
15310 	 -1.179
15334 	 -1.328
15336 	 -1.477
15342 	 -1.475
15346 	 -1.449
15350 	 -1.427
15354 	 -1.518
15356 	 -1.604
15372 	 -1.6
15374 	 -1.19
15382 	 -1.189
15400 	 -0.732
15422 	 -0.565
15456 	 -0.432
15460 	 -0.287
15470 	 -0.282
15486 	 -0.186
15492 	 -0.1
15558 	 -0.068
15574 	 -0.039
15658 	 -0.036
15660 	 -0.033
15662 	 -0.03
15708 	 -0.024
15858 	 -0.023
15864 	 -0.022
15888 	 -0.02
15904 	 -0.012
15916 	 -0.009
16162 	 -0.008
16320 	 -0.007
18000 	 -2.128
18020 	 -2.245
18042 	 -2.757
18064 	 -2.894
18088 	 -2.339
18120 	 -1.764
18154 	 -2.864
18180 	 -2.6
18190 	 -3.253
18234 	 -4.518
18252 	 -4.494
18262 	 -4.307
18270 	 -3.338
18278 	 -3.275
18286 	 -3.134
18296 	 -3.669
18316 	 -3.714
18328 	 -3.958
18336 	 -3.607
18342 	 -3.616
18348 	 -3.025
18360 	 -2.268
18368 	 -1.962
18384 	 -1.976
18402 	 -1.39
18420 	 -0.756
18426 	 -0.668
18434 	 -0.55
18448 	 -0.21
18472 	 -0.18
18552 	 -0.02
18864 	 -0.012
19002 	 0
21000 	 -1.44
21001 	 -1.44
