0 	 0
3000 	 -1.376
3024 	 -1.496
3050 	 -1.88
3062 	 -2.472
3078 	 -3.176
3112 	 -3.62
3158 	 -3.808
3164 	 -3.728
3186 	 -2.828
3198 	 -2.688
3216 	 -1.912
3232 	 -1.736
3238 	 -1.364
3262 	 -0.608
3296 	 -0.264
3400 	 -0.024
3636 	 -0.008
3904 	 0
6000 	 -2.478
6020 	 -2.638
6042 	 -3.286
6064 	 -3.582
6088 	 -3.11
6120 	 -2.686
6138 	 -2.872
6154 	 -3.312
6180 	 -3.048
6190 	 -3.516
6198 	 -3.5
6234 	 -3.9
6284 	 -4.203
6296 	 -4.179
6346 	 -4.159
6360 	 -2.871
6374 	 -2.271
6376 	 -1.719
6424 	 -1.319
6444 	 -0.761
6504 	 -0.637
6506 	 -0.613
6552 	 -0.501
6634 	 -0.359
6704 	 -0.331
6710 	 -0.307
6726 	 -0.295
6728 	 -0.267
6782 	 -0.263
6894 	 -0.165
6990 	 -0.145
6994 	 -0.125
7002 	 -0.093
7272 	 -0.089
7278 	 -0.085
7290 	 -0.073
7324 	 -0.025
9000 	 -1.433
9024 	 -1.537
9050 	 -2.497
9078 	 -3.177
9112 	 -3.761
9158 	 -3.713
9162 	 -3.797
9174 	 -3.705
9186 	 -2.857
9216 	 -3.589
9232 	 -3.413
9238 	 -3.801
9262 	 -1.973
9268 	 -1.305
9298 	 -0.417
9304 	 -0.413
9306 	 -0.409
9334 	 -0.277
9400 	 -0.025
9660 	 -0.009
9904 	 -0.001
12000 	 -2.554
12002 	 -2.49
12004 	 -3.321
12006 	 -4.671
12008 	 -5.593
12010 	 -6.738
12012 	 -7.155
12016 	 -7.612
12020 	 -7.948
12028 	 -8.082
12030 	 -8.15
12032 	 -7.958
12040 	 -7.816
12042 	 -8.292
12048 	 -8.089
12054 	 -7.6
12064 	 -7.7
12070 	 -7.671
12072 	 -7.718
12074 	 -7.239
12086 	 -7.504
12088 	 -6.892
12100 	 -6.8
12102 	 -6.579
12108 	 -6.633
12120 	 -6.105
12130 	 -5.894
12132 	 -6.214
12140 	 -6.479
12148 	 -6.739
12154 	 -7.907
12160 	 -7.994
12162 	 -7.967
12164 	 -7.857
12168 	 -8.172
12178 	 -8.194
12180 	 -8.283
12186 	 -8.585
12190 	 -8.901
12198 	 -8.849
12200 	 -8.882
12212 	 -9.926
12226 	 -10.194
12228 	 -10.353
12230 	 -10.602
12234 	 -11.984
12236 	 -11.556
12248 	 -11.924
12252 	 -11.284
12254 	 -11.183
12260 	 -10.935
12270 	 -11.062
12272 	 -11.061
12274 	 -9.809
12282 	 -9.652
12284 	 -9.697
12290 	 -9.425
12292 	 -9.132
12296 	 -9.528
12302 	 -9.749
12304 	 -9.705
12324 	 -9.101
12328 	 -9.309
12332 	 -9.341
12334 	 -9.567
12338 	 -9.315
12344 	 -8.519
12350 	 -8.5
12352 	 -8.648
12354 	 -8.569
12358 	 -8.289
12360 	 -7.337
12364 	 -7.334
12376 	 -7.304
12378 	 -7.553
12380 	 -7.564
12382 	 -7.556
12386 	 -7.484
12388 	 -7.48
12398 	 -7.475
12402 	 -7.451
12404 	 -7.179
12406 	 -7.356
12410 	 -7.251
12412 	 -7.143
12420 	 -7.132
12436 	 -7.642
12438 	 -7.332
12444 	 -7.407
12452 	 -7.304
12454 	 -7.382
12460 	 -7.299
12464 	 -7.25
12466 	 -7.707
12470 	 -7.644
12488 	 -7.61
12490 	 -7.681
12494 	 -7.642
12496 	 -7.708
12498 	 -7.613
12500 	 -7.537
12502 	 -7.518
12504 	 -7.201
12514 	 -7.529
12516 	 -7.418
12520 	 -7.388
12522 	 -7.393
12526 	 -7.366
12530 	 -7.395
12532 	 -7.488
12542 	 -7.422
12550 	 -7.338
12552 	 -7.218
12570 	 -7.212
12574 	 -7.608
12584 	 -7.919
12586 	 -7.526
12590 	 -7.485
12592 	 -7.306
12594 	 -7.299
12598 	 -7.516
12604 	 -7.511
12608 	 -7.721
12614 	 -7.66
12622 	 -7.644
12630 	 -7.977
12638 	 -7.939
12640 	 -7.448
12642 	 -7.413
12644 	 -7.376
12646 	 -7.367
12654 	 -7.216
12656 	 -7.353
12658 	 -7.332
12666 	 -7.269
12668 	 -7.305
12676 	 -7.458
12678 	 -7.303
12682 	 -7.067
12688 	 -7.058
12694 	 -7.046
12700 	 -6.882
12710 	 -6.878
12714 	 -6.728
12716 	 -6.838
12724 	 -6.814
12728 	 -6.962
12732 	 -6.988
12742 	 -6.984
12758 	 -6.982
12764 	 -6.955
12768 	 -6.976
12776 	 -6.966
12778 	 -6.807
12786 	 -6.635
12792 	 -6.69
12802 	 -6.716
12804 	 -6.771
12808 	 -6.726
12824 	 -6.642
12826 	 -6.596
12828 	 -6.561
12832 	 -6.554
12836 	 -6.886
12848 	 -7.244
12852 	 -7.635
12858 	 -8.016
12864 	 -8.01
12874 	 -7.964
12878 	 -8.15
12886 	 -8.134
12888 	 -8.341
12896 	 -8.517
12902 	 -8.542
12908 	 -7.419
12912 	 -7.51
12914 	 -7.53
12916 	 -7.456
12918 	 -7.452
12920 	 -7.362
12926 	 -7.358
12932 	 -7.19
12934 	 -7.185
12936 	 -7.201
12938 	 -7.833
12942 	 -7.728
12950 	 -7.486
12952 	 -7.402
12954 	 -7.537
12964 	 -7.684
12970 	 -7.679
12972 	 -7.384
12976 	 -7.138
12982 	 -6.886
12986 	 -6.857
12990 	 -6.854
12994 	 -6.909
12996 	 -6.839
12998 	 -6.832
13000 	 -6.916
13004 	 -6.799
13006 	 -6.785
13008 	 -6.131
13012 	 -6.337
13022 	 -6.376
13024 	 -6.277
13028 	 -6.221
13030 	 -6.104
13040 	 -6.134
13042 	 -6.094
13044 	 -6.012
13046 	 -5.988
13054 	 -5.604
13060 	 -5.473
13064 	 -5.07
13068 	 -4.951
13070 	 -4.882
13080 	 -4.843
13082 	 -4.813
13092 	 -5.136
13094 	 -5.398
13098 	 -5.246
13102 	 -5.206
13104 	 -5.524
13106 	 -5.628
13108 	 -5.454
13114 	 -5.433
13118 	 -5.371
13120 	 -5.348
13124 	 -5.551
13126 	 -5.381
13128 	 -5.419
13142 	 -5.309
13150 	 -5.358
13152 	 -5.332
13156 	 -5.034
13160 	 -5.082
13168 	 -4.957
13174 	 -5.002
13186 	 -5.06
13206 	 -5.236
13214 	 -5.114
13220 	 -4.13
13232 	 -4.045
13236 	 -4.021
13238 	 -3.953
13246 	 -3.884
13248 	 -3.574
13250 	 -3.346
13256 	 -3.344
13258 	 -3.342
13262 	 -3.316
13264 	 -3.29
13268 	 -3.317
13272 	 -3.367
13274 	 -3.363
13286 	 -3.29
13290 	 -3.273
13298 	 -3.352
13300 	 -3.335
13310 	 -3.307
13314 	 -3.253
13324 	 -3.301
13328 	 -3.263
13346 	 -3.324
13364 	 -3.414
13366 	 -3.545
13372 	 -3.533
13380 	 -3.514
13384 	 -3.403
13388 	 -3.399
13392 	 -3.424
13398 	 -3.366
13408 	 -3.425
13418 	 -3.469
13422 	 -3.5
13436 	 -3.496
13438 	 -3.514
13440 	 -3.544
13446 	 -3.541
13454 	 -3.53
13458 	 -3.384
13462 	 -3.383
13464 	 -3.173
13474 	 -3.161
13482 	 -3.134
13484 	 -3.358
13496 	 -3.079
13510 	 -3.047
13512 	 -3.036
13514 	 -2.999
13518 	 -2.965
13526 	 -2.929
13542 	 -2.925
13560 	 -2.896
13572 	 -2.879
13576 	 -2.832
13580 	 -2.827
13584 	 -2.813
13604 	 -2.691
13636 	 -2.661
13648 	 -1.637
13656 	 -1.62
13670 	 -1.619
13674 	 -1.751
13696 	 -1.712
13704 	 -1.684
13710 	 -1.789
13726 	 -1.788
13744 	 -1.699
13746 	 -1.693
13752 	 -1.758
13760 	 -1.738
13766 	 -1.728
13770 	 -1.725
13786 	 -1.719
13804 	 -1.61
13816 	 -1.601
13820 	 -1.595
13824 	 -1.594
13836 	 -1.731
13852 	 -1.724
13870 	 -1.613
13878 	 -1.513
13886 	 -1.489
13888 	 -1.552
13900 	 -1.547
13902 	 -1.494
13912 	 -1.488
13916 	 -1.483
13922 	 -1.53
13936 	 -1.51
13940 	 -1.657
13942 	 -1.648
13950 	 -1.652
13976 	 -1.693
13986 	 -1.689
13990 	 -1.769
14002 	 -1.768
14012 	 -1.767
14030 	 -1.765
14048 	 -1.713
14058 	 -1.708
14064 	 -1.601
14084 	 -1.565
14112 	 -1.606
14120 	 -1.604
14128 	 -1.619
14134 	 -1.67
14136 	 -1.543
14168 	 -1.47
14174 	 -1.468
14194 	 -1.471
14196 	 -1.452
14204 	 -1.56
14212 	 -1.558
14220 	 -1.557
14258 	 -1.577
14266 	 -1.57
14268 	 -1.62
14276 	 -1.693
14318 	 -1.691
14326 	 -1.826
14336 	 -1.824
14348 	 -1.569
14362 	 -1.557
14378 	 -1.554
14400 	 -1.236
14408 	 -1.194
14416 	 -1.193
14420 	 -1.283
14432 	 -1.247
14448 	 -1.181
14470 	 -1.154
14480 	 -1.009
14490 	 -1.068
14520 	 -1.256
14522 	 -1.249
14524 	 -1.23
14534 	 -1.046
14548 	 -1.021
14556 	 -1.012
14572 	 -0.926
14574 	 -0.896
14578 	 -0.738
14586 	 -0.7
14596 	 -0.648
14598 	 -0.473
14614 	 -0.418
14622 	 -0.375
14636 	 -0.328
14640 	 -0.279
14650 	 -0.276
14656 	 -0.266
14670 	 -0.238
14672 	 -0.223
14674 	 -0.2
14720 	 -0.197
14764 	 -0.174
14766 	 -0.167
14770 	 -0.161
15000 	 -1.41
15024 	 -1.53
15050 	 -1.914
15078 	 -2.106
15112 	 -1.938
15158 	 -1.807
15186 	 -1.465
15216 	 -0.889
15222 	 -0.887
15232 	 -0.711
15260 	 -0.709
15262 	 -0.565
15310 	 -0.585
15336 	 -0.735
15342 	 -0.733
15356 	 -0.818
15372 	 -0.814
15374 	 -0.619
15400 	 -0.377
15422 	 -0.298
15456 	 -0.165
15470 	 -0.16
15486 	 -0.064
15558 	 -0.032
15708 	 -0.025
15800 	 -0.024
15830 	 -0.023
15864 	 -0.022
15888 	 -0.02
15904 	 -0.012
16032 	 -0.011
16126 	 -0.009
16434 	 -0.008
18000 	 -2.129
18020 	 -2.21
18042 	 -2.594
18064 	 -2.562
18088 	 -1.898
18120 	 -1.28
18154 	 -1.273
18180 	 -1.009
18190 	 -0.936
18234 	 -0.803
18262 	 -0.71
18296 	 -0.923
18328 	 -1.045
18342 	 -1.075
18360 	 -0.998
18368 	 -0.845
18384 	 -0.852
18402 	 -0.673
18420 	 -0.356
18426 	 -0.312
18434 	 -0.253
18448 	 -0.083
18472 	 -0.068
18552 	 -0.005
18738 	 -0.004
18864 	 0
21000 	 -1.44
21001 	 -1.44
