0 	 0
3000 	 -1.376
3024 	 -1.496
3050 	 -1.88
3062 	 -2.472
3078 	 -3.176
3112 	 -3.62
3158 	 -3.808
3164 	 -3.728
3186 	 -2.828
3198 	 -2.688
3216 	 -1.912
3232 	 -1.736
3238 	 -1.364
3262 	 -0.608
3296 	 -0.264
3400 	 -0.024
3636 	 -0.008
3904 	 0
6000 	 -2.478
6020 	 -2.638
6042 	 -3.286
6064 	 -3.582
6088 	 -3.11
6120 	 -2.686
6138 	 -2.872
6154 	 -3.312
6180 	 -3.048
6190 	 -3.516
6198 	 -3.5
6234 	 -3.9
6284 	 -4.203
6296 	 -4.179
6346 	 -4.159
6360 	 -2.871
6374 	 -2.271
6376 	 -1.719
6424 	 -1.319
6444 	 -0.761
6504 	 -0.637
6506 	 -0.613
6552 	 -0.501
6634 	 -0.359
6704 	 -0.331
6710 	 -0.307
6726 	 -0.295
6728 	 -0.267
6782 	 -0.263
6894 	 -0.165
6990 	 -0.145
6994 	 -0.125
7002 	 -0.093
7272 	 -0.089
7278 	 -0.085
7290 	 -0.073
7324 	 -0.025
9000 	 -1.433
9024 	 -1.537
9050 	 -2.497
9078 	 -3.177
9112 	 -3.761
9158 	 -3.713
9162 	 -3.797
9174 	 -3.705
9186 	 -2.857
9216 	 -3.589
9232 	 -3.413
9238 	 -3.801
9262 	 -1.973
9268 	 -1.305
9298 	 -0.417
9304 	 -0.413
9306 	 -0.409
9334 	 -0.277
9400 	 -0.025
9660 	 -0.009
9904 	 -0.001
12000 	 -2.554
12002 	 -2.49
12004 	 -3.281
12006 	 -4.631
12008 	 -5.136
12010 	 -6.281
12012 	 -6.487
12016 	 -6.944
12020 	 -7.173
12028 	 -7.307
12030 	 -7.375
12032 	 -7.182
12040 	 -7.041
12042 	 -7.517
12048 	 -7.282
12054 	 -6.793
12064 	 -6.893
12070 	 -6.873
12072 	 -6.92
12074 	 -6.441
12088 	 -5.829
12100 	 -5.812
12102 	 -5.571
12120 	 -5.043
12130 	 -4.837
12140 	 -5.102
12148 	 -5.362
12154 	 -6.398
12160 	 -6.756
12162 	 -6.729
12164 	 -6.619
12178 	 -6.697
12180 	 -6.769
12186 	 -7.071
12190 	 -7.387
12198 	 -7.335
12200 	 -7.411
12212 	 -8.455
12226 	 -8.727
12228 	 -8.886
12230 	 -8.938
12234 	 -10.32
12246 	 -10.606
12252 	 -9.966
12254 	 -9.865
12256 	 -9.938
12260 	 -9.621
12270 	 -9.748
12274 	 -8.496
12276 	 -8.537
12282 	 -8.38
12290 	 -8.108
12296 	 -8.504
12304 	 -8.46
12310 	 -8.569
12314 	 -8.453
12324 	 -7.849
12332 	 -7.881
12334 	 -8.098
12338 	 -7.846
12344 	 -7.05
12350 	 -7.022
12358 	 -6.583
12360 	 -5.631
12376 	 -5.5
12380 	 -5.636
12382 	 -5.628
12392 	 -5.558
12398 	 -5.661
12404 	 -5.282
12412 	 -5.074
12420 	 -5.063
12436 	 -5.554
12438 	 -5.227
12452 	 -5.124
12454 	 -5.202
12460 	 -5.119
12462 	 -5.169
12464 	 -5.251
12466 	 -5.708
12470 	 -5.685
12488 	 -5.669
12494 	 -5.63
12498 	 -5.535
12502 	 -5.546
12506 	 -5.479
12520 	 -5.449
12522 	 -5.454
12542 	 -5.388
12544 	 -5.412
12550 	 -5.128
12552 	 -5.008
12556 	 -4.991
12570 	 -4.965
12574 	 -5.158
12576 	 -5.154
12590 	 -5.143
12592 	 -4.964
12608 	 -4.926
12620 	 -4.854
12624 	 -4.841
12630 	 -5.268
12638 	 -5.258
12640 	 -5.201
12656 	 -5.254
12658 	 -5.233
12668 	 -5.444
12696 	 -5.457
12710 	 -5.453
12716 	 -5.45
12732 	 -5.476
12736 	 -5.535
12740 	 -5.508
12742 	 -5.504
12758 	 -5.502
12764 	 -5.392
12768 	 -5.272
12776 	 -5.262
12780 	 -5.289
12802 	 -5.265
12804 	 -5.452
12820 	 -5.665
12828 	 -5.63
12830 	 -5.928
12846 	 -6.147
12864 	 -6.141
12872 	 -6.13
12888 	 -6.297
12902 	 -6.322
12908 	 -5.191
12912 	 -5.279
12916 	 -5.205
12920 	 -5.115
12934 	 -5.116
12942 	 -4.976
12944 	 -4.968
12954 	 -4.899
12972 	 -4.725
12982 	 -4.553
12986 	 -4.527
12988 	 -4.483
12990 	 -4.48
12996 	 -4.464
13004 	 -4.347
13006 	 -4.357
13008 	 -4.343
13014 	 -4.209
13022 	 -4.235
13028 	 -4.115
13042 	 -4.075
13058 	 -4.24
13064 	 -3.997
13068 	 -3.878
13072 	 -3.84
13078 	 -3.868
13082 	 -3.86
13088 	 -3.858
13090 	 -4.337
13100 	 -4.727
13102 	 -4.724
13110 	 -4.701
13112 	 -5.063
13114 	 -5.042
13120 	 -5.019
13126 	 -5.018
13128 	 -4.997
13130 	 -5.136
13134 	 -5.258
13136 	 -5.255
13148 	 -5.308
13150 	 -5.069
13156 	 -5.23
13158 	 -5.272
13168 	 -5.612
13172 	 -5.356
13182 	 -5.346
13186 	 -5.506
13206 	 -5.286
13220 	 -5.18
13222 	 -5.325
13246 	 -5.256
13248 	 -3.691
13250 	 -3.55
13252 	 -3.98
13256 	 -3.976
13262 	 -4.011
13264 	 -3.963
13268 	 -3.953
13270 	 -3.948
13274 	 -3.93
13276 	 -4.008
13290 	 -3.991
13294 	 -3.95
13298 	 -4.002
13300 	 -3.958
13318 	 -3.983
13328 	 -3.944
13332 	 -4.024
13336 	 -4.04
13348 	 -4.489
13366 	 -4.491
13368 	 -4.697
13372 	 -4.685
13374 	 -4.615
13384 	 -4.504
13388 	 -4.5
13392 	 -4.491
13396 	 -4.549
13398 	 -4.491
13402 	 -4.469
13416 	 -4.249
13422 	 -4.253
13430 	 -4.199
13432 	 -3.976
13440 	 -3.947
13444 	 -3.91
13446 	 -3.934
13448 	 -3.789
13454 	 -3.773
13468 	 -3.748
13470 	 -3.448
13474 	 -3.436
13478 	 -3.36
13484 	 -3.469
13500 	 -3.391
13502 	 -3.372
13508 	 -3.237
13514 	 -3.228
13524 	 -3.169
13536 	 -3.285
13538 	 -3.197
13540 	 -3.234
13542 	 -3.329
13546 	 -3.248
13572 	 -3.164
13582 	 -3.434
13604 	 -3.312
13624 	 -3.367
13632 	 -3.392
13648 	 -2.29
13658 	 -2.337
13674 	 -2.381
13680 	 -2.41
13694 	 -2.438
13696 	 -2.399
13700 	 -2.262
13728 	 -1.686
13730 	 -2.012
13744 	 -1.885
13754 	 -1.853
13760 	 -1.833
13766 	 -1.819
13770 	 -1.779
13788 	 -1.752
13798 	 -1.751
13802 	 -1.733
13804 	 -1.563
13820 	 -1.557
13840 	 -1.504
13854 	 -1.471
13856 	 -1.432
13878 	 -1.332
13900 	 -1.327
13902 	 -1.274
13912 	 -1.268
13942 	 -1.259
13944 	 -1.245
13964 	 -1.698
14010 	 -1.959
14020 	 -1.958
14040 	 -1.946
14048 	 -1.894
14058 	 -1.889
14064 	 -1.587
14068 	 -1.322
14084 	 -1.386
14090 	 -1.448
14094 	 -1.466
14096 	 -1.499
14118 	 -1.493
14120 	 -1.49
14128 	 -1.494
14134 	 -1.52
14136 	 -1.393
14160 	 -1.359
14170 	 -1.295
14180 	 -1.283
14196 	 -1.282
14204 	 -1.444
14212 	 -1.442
14214 	 -1.487
14216 	 -1.486
14232 	 -1.464
14236 	 -1.461
14244 	 -1.635
14256 	 -1.617
14262 	 -1.452
14264 	 -1.413
14278 	 -1.351
14280 	 -1.125
14298 	 -1.124
14308 	 -0.99
14314 	 -0.899
14318 	 -0.897
14326 	 -0.896
14330 	 -0.833
14334 	 -0.852
14338 	 -0.815
14356 	 -0.723
14378 	 -0.683
14396 	 -0.659
14406 	 -0.647
14410 	 -0.638
14452 	 -0.612
14476 	 -0.585
14482 	 -0.569
14496 	 -0.57
14574 	 -0.68
14648 	 -0.745
14724 	 -0.67
14734 	 -0.658
14762 	 -0.636
14812 	 -0.566
14878 	 -0.483
14910 	 -0.474
15000 	 -1.553
15024 	 -1.698
15050 	 -2.146
15066 	 -2.135
15078 	 -2.417
15112 	 -2.464
15158 	 -2.428
15160 	 -2.396
15164 	 -2.379
15186 	 -2.004
15216 	 -1.854
15222 	 -1.851
15232 	 -1.675
15238 	 -1.705
15262 	 -1.4
15266 	 -1.375
15276 	 -1.215
15300 	 -1.031
15310 	 -1.072
15336 	 -1.372
15342 	 -1.37
15356 	 -1.538
15372 	 -1.534
15374 	 -1.154
15382 	 -1.153
15400 	 -0.738
15422 	 -0.578
15456 	 -0.316
15470 	 -0.311
15486 	 -0.119
15556 	 -0.106
15558 	 -0.036
15666 	 -0.033
15864 	 -0.025
15888 	 -0.022
15904 	 -0.014
16354 	 -0.009
18000 	 -2.128
18020 	 -2.227
18042 	 -2.675
18064 	 -2.726
18088 	 -2.125
18120 	 -1.552
18154 	 -1.968
18180 	 -1.704
18190 	 -1.963
18234 	 -2.362
18252 	 -2.354
18262 	 -2.168
18270 	 -1.845
18278 	 -1.824
18286 	 -1.777
18296 	 -2.335
18316 	 -2.35
18328 	 -2.594
18336 	 -2.477
18342 	 -2.52
18348 	 -2.323
18360 	 -2.064
18368 	 -1.758
18384 	 -1.772
18402 	 -1.338
18420 	 -0.704
18426 	 -0.616
18434 	 -0.498
18448 	 -0.158
18472 	 -0.128
18552 	 -0.012
18864 	 -0.004
19002 	 0
21000 	 -1.44
21001 	 -1.44
