0 	 0
3000 	 -1.376
3024 	 -1.496
3050 	 -1.88
3062 	 -2.472
3078 	 -3.176
3112 	 -3.62
3158 	 -3.808
3164 	 -3.728
3186 	 -2.828
3198 	 -2.688
3216 	 -1.912
3232 	 -1.736
3238 	 -1.364
3262 	 -0.608
3296 	 -0.264
3400 	 -0.024
3636 	 -0.008
3904 	 0
6000 	 -2.478
6020 	 -2.638
6042 	 -3.286
6064 	 -3.582
6088 	 -3.11
6120 	 -2.686
6138 	 -2.872
6154 	 -3.312
6180 	 -3.048
6190 	 -3.516
6198 	 -3.5
6234 	 -3.9
6284 	 -4.203
6296 	 -4.179
6346 	 -4.159
6360 	 -2.871
6374 	 -2.271
6376 	 -1.719
6424 	 -1.319
6444 	 -0.761
6504 	 -0.637
6506 	 -0.613
6552 	 -0.501
6634 	 -0.359
6704 	 -0.331
6710 	 -0.307
6726 	 -0.295
6728 	 -0.267
6782 	 -0.263
6894 	 -0.165
6990 	 -0.145
6994 	 -0.125
7002 	 -0.093
7272 	 -0.089
7278 	 -0.085
7290 	 -0.073
7324 	 -0.025
9000 	 -1.433
9024 	 -1.537
9050 	 -2.497
9078 	 -3.177
9112 	 -3.761
9158 	 -3.713
9162 	 -3.797
9174 	 -3.705
9186 	 -2.857
9216 	 -3.589
9232 	 -3.413
9238 	 -3.801
9262 	 -1.973
9268 	 -1.305
9298 	 -0.417
9304 	 -0.413
9306 	 -0.409
9334 	 -0.277
9400 	 -0.025
9660 	 -0.009
9904 	 -0.001
12000 	 -2.554
12002 	 -2.49
12004 	 -3.321
12006 	 -4.671
12008 	 -5.587
12010 	 -6.732
12012 	 -7.153
12016 	 -7.61
12020 	 -7.952
12028 	 -8.086
12030 	 -8.154
12032 	 -7.961
12040 	 -7.908
12042 	 -8.384
12048 	 -8.149
12054 	 -7.66
12064 	 -7.76
12070 	 -7.915
12072 	 -7.962
12074 	 -7.483
12088 	 -6.871
12100 	 -6.775
12102 	 -6.534
12114 	 -6.675
12120 	 -6.147
12130 	 -5.934
12140 	 -6.199
12148 	 -6.459
12154 	 -7.495
12162 	 -7.468
12164 	 -7.358
12178 	 -7.408
12180 	 -7.48
12184 	 -7.332
12186 	 -7.634
12190 	 -7.95
12192 	 -7.893
12198 	 -7.863
12200 	 -7.651
12210 	 -7.757
12212 	 -8.801
12226 	 -9.532
12228 	 -9.691
12230 	 -9.542
12234 	 -10.924
12242 	 -10.927
12248 	 -10.939
12252 	 -10.26
12254 	 -10.058
12260 	 -9.741
12264 	 -9.676
12270 	 -9.803
12274 	 -8.551
12276 	 -8.59
12282 	 -8.293
12290 	 -8.021
12296 	 -8.417
12302 	 -8.529
12304 	 -8.453
12320 	 -8.455
12324 	 -7.851
12330 	 -7.933
12332 	 -7.965
12334 	 -7.934
12338 	 -7.682
12344 	 -6.886
12350 	 -6.867
12356 	 -6.789
12358 	 -6.425
12360 	 -5.473
12368 	 -5.659
12374 	 -5.408
12376 	 -5.378
12382 	 -5.37
12398 	 -5.365
12400 	 -5.369
12402 	 -5.205
12404 	 -4.933
12412 	 -4.725
12420 	 -4.714
12436 	 -5.175
12438 	 -4.828
12444 	 -4.852
12452 	 -4.749
12454 	 -4.827
12460 	 -4.744
12462 	 -4.801
12466 	 -5.117
12474 	 -5.447
12476 	 -5.404
12494 	 -5.365
12498 	 -5.249
12500 	 -5.323
12502 	 -5.493
12520 	 -5.463
12522 	 -5.468
12526 	 -5.603
12532 	 -5.594
12542 	 -5.528
12550 	 -5.345
12552 	 -5.225
12568 	 -5.204
12570 	 -5.16
12572 	 -5.121
12574 	 -5.288
12590 	 -5.277
12592 	 -5.2
12608 	 -5.41
12620 	 -5.408
12630 	 -5.745
12638 	 -5.791
12640 	 -5.734
12650 	 -5.531
12654 	 -5.591
12656 	 -5.732
12658 	 -5.711
12664 	 -5.57
12668 	 -5.606
12670 	 -5.937
12672 	 -6.01
12678 	 -6.092
12682 	 -6.077
12684 	 -6.061
12688 	 -5.967
12704 	 -6.427
12710 	 -6.423
12714 	 -6.569
12716 	 -6.566
12726 	 -6.682
12732 	 -6.708
12742 	 -6.704
12748 	 -6.698
12758 	 -6.696
12768 	 -6.364
12770 	 -6.287
12772 	 -6.385
12784 	 -6.222
12786 	 -6.241
12796 	 -6.151
12804 	 -6.338
12814 	 -6.336
12826 	 -5.957
12828 	 -5.922
12840 	 -5.815
12854 	 -5.795
12862 	 -5.963
12864 	 -5.957
12872 	 -5.82
12888 	 -5.991
12894 	 -5.951
12902 	 -5.976
12908 	 -5.494
12916 	 -5.42
12920 	 -5.33
12928 	 -5.314
12942 	 -5.204
12954 	 -5.135
12958 	 -5.49
12960 	 -6.064
12972 	 -5.89
12982 	 -6.015
12986 	 -5.989
12990 	 -5.983
12996 	 -5.967
12998 	 -5.971
13000 	 -5.915
13004 	 -5.798
13006 	 -5.808
13008 	 -5.794
13016 	 -5.508
13028 	 -5.344
13032 	 -5.836
13038 	 -5.776
13040 	 -5.903
13042 	 -5.863
13048 	 -5.875
13052 	 -5.871
13058 	 -5.681
13060 	 -5.811
13064 	 -5.5
13068 	 -5.381
13076 	 -5.511
13082 	 -5.503
13084 	 -5.5
13088 	 -5.157
13098 	 -5.116
13102 	 -4.878
13110 	 -4.561
13114 	 -4.54
13116 	 -4.524
13120 	 -4.501
13126 	 -4.604
13128 	 -4.655
13134 	 -4.571
13136 	 -4.566
13144 	 -4.476
13148 	 -4.471
13152 	 -4.526
13160 	 -4.397
13206 	 -5.314
13210 	 -5.317
13216 	 -5.349
13222 	 -5.48
13238 	 -5.358
13242 	 -5.338
13246 	 -5.437
13248 	 -5.215
13250 	 -5.074
13252 	 -5.096
13256 	 -5.092
13258 	 -4.949
13262 	 -4.923
13268 	 -4.663
13270 	 -4.658
13274 	 -4.655
13276 	 -4.717
13278 	 -4.653
13280 	 -4.633
13290 	 -4.616
13306 	 -4.201
13324 	 -3.801
13328 	 -3.762
13334 	 -3.759
13344 	 -3.723
13346 	 -3.592
13348 	 -3.361
13354 	 -3.287
13358 	 -3.258
13366 	 -3.326
13368 	 -3.426
13372 	 -3.534
13384 	 -3.423
13388 	 -3.419
13398 	 -3.361
13402 	 -3.303
13418 	 -3.265
13424 	 -3.319
13432 	 -3.314
13454 	 -3.272
13456 	 -3.39
13464 	 -3.471
13474 	 -3.459
13482 	 -3.45
13484 	 -3.686
13504 	 -3.708
13510 	 -3.726
13512 	 -3.699
13514 	 -3.69
13530 	 -3.736
13532 	 -3.778
13542 	 -3.774
13544 	 -3.911
13552 	 -3.903
13572 	 -3.59
13604 	 -3.468
13606 	 -3.061
13632 	 -3.03
13638 	 -2.99
13648 	 -2.102
13654 	 -2.1
13656 	 -2.099
13678 	 -2.131
13680 	 -2.112
13690 	 -2.314
13696 	 -2.275
13720 	 -2.227
13738 	 -2.301
13742 	 -2.271
13744 	 -2.174
13760 	 -2.154
13766 	 -2.14
13774 	 -2.138
13804 	 -1.93
13820 	 -1.924
13846 	 -2.13
13852 	 -2.274
13858 	 -2.271
13874 	 -2.381
13878 	 -2.281
13888 	 -2.28
13898 	 -2.273
13900 	 -2.268
13902 	 -2.215
13906 	 -2.207
13912 	 -2.201
13914 	 -2.358
13936 	 -2.442
13942 	 -2.433
13946 	 -2.436
13950 	 -2.428
13968 	 -2.343
13970 	 -2.3
13978 	 -2.299
13988 	 -2.266
14000 	 -2.238
14002 	 -2.234
14004 	 -2.28
14020 	 -2.279
14026 	 -2.269
14030 	 -2.282
14034 	 -2.069
14046 	 -2.12
14048 	 -2.068
14052 	 -2.044
14058 	 -2.039
14070 	 -2.075
14072 	 -2.074
14074 	 -2.053
14088 	 -2.105
14098 	 -2.068
14120 	 -2.065
14128 	 -2.072
14130 	 -2.05
14134 	 -2.007
14136 	 -1.88
14142 	 -1.873
14152 	 -1.872
14158 	 -1.933
14168 	 -1.915
14170 	 -1.888
14178 	 -2.029
14194 	 -1.984
14208 	 -1.947
14212 	 -1.945
14228 	 -2.142
14232 	 -2.13
14236 	 -1.955
14240 	 -1.952
14252 	 -1.914
14272 	 -1.614
14288 	 -1.56
14306 	 -1.486
14308 	 -1.414
14314 	 -1.52
14318 	 -1.518
14322 	 -1.449
14326 	 -1.448
14338 	 -1.42
14342 	 -1.527
14358 	 -1.505
14360 	 -1.486
14366 	 -1.447
14374 	 -1.417
14378 	 -1.377
14386 	 -1.441
14390 	 -1.111
14394 	 -1.104
14404 	 -1.077
14410 	 -1.076
14418 	 -1.017
14436 	 -0.904
14446 	 -0.885
14458 	 -0.842
14462 	 -0.77
14472 	 -0.757
14482 	 -0.756
14492 	 -0.728
14498 	 -0.706
14500 	 -0.685
14524 	 -0.684
14542 	 -0.67
14554 	 -0.595
14562 	 -0.574
14570 	 -0.572
14600 	 -0.568
14620 	 -0.514
14652 	 -0.51
14658 	 -0.508
14688 	 -0.409
14738 	 -0.402
14748 	 -0.378
14758 	 -0.258
14828 	 -0.201
14878 	 -0.194
15000 	 -1.427
15024 	 -1.578
15050 	 -2.191
15078 	 -2.649
15112 	 -2.893
15158 	 -2.865
15162 	 -2.887
15164 	 -2.877
15174 	 -2.854
15186 	 -2.398
15216 	 -2.599
15222 	 -2.596
15232 	 -2.42
15238 	 -2.513
15262 	 -1.801
15266 	 -1.74
15276 	 -1.432
15300 	 -1.079
15310 	 -1.119
15336 	 -1.417
15342 	 -1.415
15350 	 -1.393
15356 	 -1.563
15372 	 -1.559
15374 	 -1.179
15382 	 -1.178
15400 	 -0.732
15422 	 -0.572
15456 	 -0.31
15470 	 -0.305
15486 	 -0.113
15558 	 -0.043
15658 	 -0.04
15666 	 -0.036
15756 	 -0.028
15786 	 -0.027
15864 	 -0.019
15888 	 -0.016
15904 	 -0.008
18000 	 -2.128
18020 	 -2.236
18042 	 -2.716
18064 	 -2.81
18088 	 -2.232
18120 	 -1.658
18154 	 -2.416
18180 	 -2.152
18190 	 -2.608
18234 	 -3.44
18252 	 -3.424
18262 	 -3.238
18270 	 -2.592
18278 	 -2.55
18286 	 -2.456
18296 	 -3.002
18316 	 -3.032
18328 	 -3.276
18336 	 -3.042
18342 	 -3.068
18348 	 -2.674
18360 	 -2.166
18368 	 -1.86
18384 	 -1.874
18402 	 -1.364
18420 	 -0.73
18426 	 -0.642
18434 	 -0.524
18448 	 -0.184
18472 	 -0.154
18552 	 -0.016
18864 	 -0.008
19002 	 0
21000 	 -1.44
21001 	 -1.44
