0 	 0
3000 	 -1.376
3024 	 -1.496
3050 	 -1.88
3062 	 -2.472
3078 	 -3.176
3112 	 -3.62
3158 	 -3.808
3164 	 -3.728
3186 	 -2.828
3198 	 -2.688
3216 	 -1.912
3232 	 -1.736
3238 	 -1.364
3262 	 -0.608
3296 	 -0.264
3400 	 -0.024
3636 	 -0.008
3904 	 0
6000 	 -2.478
6020 	 -2.638
6042 	 -3.286
6064 	 -3.582
6088 	 -3.11
6120 	 -2.686
6138 	 -2.872
6154 	 -3.312
6180 	 -3.048
6190 	 -3.516
6198 	 -3.5
6234 	 -3.9
6284 	 -4.203
6296 	 -4.179
6346 	 -4.159
6360 	 -2.871
6374 	 -2.271
6376 	 -1.719
6424 	 -1.319
6444 	 -0.761
6504 	 -0.637
6506 	 -0.613
6552 	 -0.501
6634 	 -0.359
6704 	 -0.331
6710 	 -0.307
6726 	 -0.295
6728 	 -0.267
6782 	 -0.263
6894 	 -0.165
6990 	 -0.145
6994 	 -0.125
7002 	 -0.093
7272 	 -0.089
7278 	 -0.085
7290 	 -0.073
7324 	 -0.025
9000 	 -1.433
9024 	 -1.537
9050 	 -2.497
9078 	 -3.177
9112 	 -3.761
9158 	 -3.713
9162 	 -3.797
9174 	 -3.705
9186 	 -2.857
9216 	 -3.589
9232 	 -3.413
9238 	 -3.801
9262 	 -1.973
9268 	 -1.305
9298 	 -0.417
9304 	 -0.413
9306 	 -0.409
9334 	 -0.277
9400 	 -0.025
9660 	 -0.009
9904 	 -0.001
12000 	 -2.54
12002 	 -2.421
12004 	 -2.854
12006 	 -3.993
12008 	 -4.837
12010 	 -6.414
12012 	 -6.842
12016 	 -7.431
12018 	 -7.477
12020 	 -7.81
12028 	 -7.944
12030 	 -8.012
12032 	 -7.978
12034 	 -8.03
12040 	 -7.917
12042 	 -8.393
12054 	 -7.904
12062 	 -8.096
12064 	 -8.172
12070 	 -8.363
12072 	 -8.405
12074 	 -7.926
12088 	 -7.314
12090 	 -7.356
12100 	 -7.465
12102 	 -7.349
12120 	 -6.815
12130 	 -6.834
12140 	 -7.099
12148 	 -7.339
12154 	 -8.375
12156 	 -8.384
12164 	 -8.274
12166 	 -8.231
12176 	 -8.183
12178 	 -8.07
12180 	 -8.142
12182 	 -8.672
12184 	 -8.626
12186 	 -8.928
12188 	 -8.935
12190 	 -9.251
12200 	 -9.071
12208 	 -9.249
12210 	 -9.25
12212 	 -10.294
12222 	 -10.187
12226 	 -10.708
12228 	 -11.018
12230 	 -10.953
12234 	 -12.335
12236 	 -12.267
12242 	 -12.522
12250 	 -12.575
12252 	 -11.935
12254 	 -11.834
12260 	 -11.517
12264 	 -11.487
12266 	 -11.783
12270 	 -11.91
12274 	 -10.658
12278 	 -10.753
12282 	 -10.596
12288 	 -10.512
12290 	 -10.24
12296 	 -10.493
12300 	 -10.637
12302 	 -10.874
12304 	 -10.83
12308 	 -10.815
12310 	 -10.765
12320 	 -10.767
12324 	 -10.163
12330 	 -10.153
12332 	 -10.185
12338 	 -9.924
12344 	 -8.957
12350 	 -8.938
12358 	 -8.282
12360 	 -7.235
12368 	 -7.288
12382 	 -7.28
12386 	 -6.954
12394 	 -6.815
12398 	 -6.81
12400 	 -6.698
12404 	 -6.426
12406 	 -6.396
12412 	 -6.085
12420 	 -5.979
12426 	 -6.029
12430 	 -6.061
12432 	 -6.118
12436 	 -6.559
12437 	 -6.779
12438 	 -6.785
12444 	 -6.844
12448 	 -6.737
12452 	 -6.634
12456 	 -6.651
12460 	 -6.568
12464 	 -6.584
12466 	 -7.073
12476 	 -7.309
12480 	 -7.143
12492 	 -7.174
12494 	 -7.135
12498 	 -7.087
12508 	 -7.078
12510 	 -7.036
12516 	 -7.265
12520 	 -7.235
12536 	 -7.371
12540 	 -7.437
12552 	 -7.317
12556 	 -7.475
12562 	 -7.503
12574 	 -8.054
12584 	 -7.57
12590 	 -7.559
12592 	 -7.38
12594 	 -7.552
12604 	 -7.542
12606 	 -7.48
12614 	 -7.542
12618 	 -7.593
12622 	 -7.476
12624 	 -7.488
12630 	 -8.187
12632 	 -8.578
12634 	 -8.552
12638 	 -8.548
12640 	 -8.491
12642 	 -8.522
12648 	 -8.561
12650 	 -8.667
12652 	 -8.919
12658 	 -9.107
12664 	 -8.987
12668 	 -9.023
12672 	 -8.788
12690 	 -8.523
12710 	 -8.519
12712 	 -7.97
12716 	 -7.967
12732 	 -7.993
12740 	 -7.853
12748 	 -7.836
12758 	 -7.834
12766 	 -7.807
12768 	 -8.046
12782 	 -7.889
12790 	 -8.035
12800 	 -7.827
12804 	 -7.999
12818 	 -8.096
12824 	 -8.381
12826 	 -8.365
12828 	 -8.408
12830 	 -8.529
12832 	 -8.497
12840 	 -8.46
12860 	 -8.52
12874 	 -8.185
12878 	 -8.17
12890 	 -8.665
12894 	 -8.59
12898 	 -8.649
12908 	 -8.041
12916 	 -7.967
12920 	 -7.877
12922 	 -7.879
12924 	 -7.819
12926 	 -7.769
12932 	 -8.129
12944 	 -8.263
12950 	 -8.425
12954 	 -8.822
12960 	 -8.85
12964 	 -8.742
12972 	 -8.563
12982 	 -8.689
12986 	 -8.66
12990 	 -8.657
12992 	 -8.108
12994 	 -8.202
12996 	 -8.446
13000 	 -8.917
13004 	 -8.843
13006 	 -8.937
13008 	 -8.923
13010 	 -8.841
13012 	 -8.707
13016 	 -8.41
13024 	 -8.495
13028 	 -8.454
13030 	 -8.294
13040 	 -8.072
13042 	 -8.013
13048 	 -7.979
13052 	 -7.776
13062 	 -7.775
13068 	 -7.656
13070 	 -7.582
13082 	 -7.574
13096 	 -7.616
13100 	 -7.243
13102 	 -7.238
13112 	 -7.248
13114 	 -7.201
13116 	 -7.346
13126 	 -7.345
13128 	 -7.318
13132 	 -7.322
13140 	 -7.499
13141 	 -8.011
13148 	 -7.839
13150 	 -7.642
13154 	 -7.843
13158 	 -7.837
13166 	 -8.175
13168 	 -8.041
13174 	 -8.036
13176 	 -7.975
13182 	 -8.004
13200 	 -7.995
13206 	 -8.715
13214 	 -7.994
13218 	 -8.238
13220 	 -8.229
13230 	 -8.142
13234 	 -8.14
13238 	 -8.069
13242 	 -7.704
13246 	 -7.635
13248 	 -7.423
13250 	 -7.521
13256 	 -7.565
13258 	 -7.582
13262 	 -7.556
13264 	 -7.686
13266 	 -7.723
13268 	 -7.718
13270 	 -7.737
13274 	 -8.078
13280 	 -8.162
13286 	 -8.14
13290 	 -8.123
13292 	 -8.093
13302 	 -8.042
13306 	 -8.127
13326 	 -8.5
13328 	 -8.466
13332 	 -8.522
13348 	 -8.546
13354 	 -8.179
13360 	 -8.134
13362 	 -7.856
13366 	 -7.848
13368 	 -7.966
13370 	 -7.797
13372 	 -7.785
13374 	 -6.938
13378 	 -6.982
13384 	 -6.871
13388 	 -6.865
13394 	 -6.814
13396 	 -6.699
13398 	 -6.966
13408 	 -7.044
13410 	 -7.026
13422 	 -6.43
13432 	 -6.675
13436 	 -7.044
13438 	 -6.765
13444 	 -6.688
13454 	 -6.678
13458 	 -6.677
13460 	 -6.831
13462 	 -6.757
13466 	 -6.756
13472 	 -6.46
13474 	 -6.448
13478 	 -6.346
13482 	 -6.441
13484 	 -6.36
13494 	 -6.716
13496 	 -6.542
13500 	 -6.529
13502 	 -6.393
13508 	 -6.371
13510 	 -6.368
13512 	 -6.214
13514 	 -6.205
13524 	 -5.958
13532 	 -5.872
13534 	 -6.076
13536 	 -6.038
13542 	 -6.034
13544 	 -5.779
13552 	 -5.578
13556 	 -5.453
13562 	 -5.397
13566 	 -5.245
13568 	 -5.395
13572 	 -5.394
13576 	 -5.389
13578 	 -5.316
13594 	 -5.137
13596 	 -5.105
13598 	 -5.059
13604 	 -4.847
13608 	 -4.631
13622 	 -4.612
13624 	 -4.607
13644 	 -4.478
13648 	 -2.603
13652 	 -2.597
13660 	 -2.422
13664 	 -2.402
13666 	 -2.328
13682 	 -2.296
13684 	 -2.283
13690 	 -2.258
13692 	 -2.207
13694 	 -2.201
13696 	 -2.112
13714 	 -2.091
13722 	 -2.033
13726 	 -2.06
13742 	 -2.047
13744 	 -1.798
13760 	 -1.778
13766 	 -1.769
13776 	 -1.654
13786 	 -1.626
13794 	 -1.479
13804 	 -0.9
13820 	 -0.795
13822 	 -0.781
13848 	 -0.773
13866 	 -0.732
13874 	 -0.687
13878 	 -0.561
13900 	 -0.553
13902 	 -0.477
13912 	 -0.471
13936 	 -0.468
13942 	 -0.459
13954 	 -0.455
13974 	 -0.436
13978 	 -0.435
13982 	 -0.426
13984 	 -0.425
13990 	 -0.42
14014 	 -0.406
14048 	 -0.354
14050 	 -0.353
14058 	 -0.348
14092 	 -0.345
14100 	 -0.341
14104 	 -0.336
14116 	 -0.334
14120 	 -0.332
14128 	 -0.331
14136 	 -0.204
14168 	 -0.198
14212 	 -0.196
14226 	 -0.193
14232 	 -0.191
14272 	 -0.184
14298 	 -0.182
14318 	 -0.18
14326 	 -0.178
14330 	 -0.175
14378 	 -0.135
15000 	 -1.406
15024 	 -1.537
15050 	 -2.335
15078 	 -2.908
15112 	 -3.35
15158 	 -3.376
15162 	 -3.438
15174 	 -3.366
15186 	 -2.705
15216 	 -3.307
15222 	 -3.305
15232 	 -3.129
15238 	 -3.321
15250 	 -3.319
15262 	 -2.326
15268 	 -2.068
15282 	 -1.672
15298 	 -1.152
15310 	 -1.193
15336 	 -1.493
15342 	 -1.49
15346 	 -1.412
15356 	 -1.58
15372 	 -1.576
15374 	 -1.196
15400 	 -0.723
15422 	 -0.563
15456 	 -0.301
15470 	 -0.296
15486 	 -0.104
15558 	 -0.034
15660 	 -0.025
15864 	 -0.017
15888 	 -0.015
15904 	 -0.007
16484 	 -0.006
18000 	 -2.128
18020 	 -2.245
18042 	 -2.757
18064 	 -2.894
18088 	 -2.339
18120 	 -1.764
18154 	 -2.864
18180 	 -2.6
18190 	 -3.253
18234 	 -4.518
18252 	 -4.494
18262 	 -4.308
18270 	 -3.339
18278 	 -3.276
18286 	 -3.135
18296 	 -3.669
18316 	 -3.714
18328 	 -3.958
18336 	 -3.607
18342 	 -3.616
18348 	 -3.025
18360 	 -2.268
18368 	 -1.962
18384 	 -1.976
18402 	 -1.39
18420 	 -0.756
18426 	 -0.668
18434 	 -0.55
18448 	 -0.21
18472 	 -0.18
18552 	 -0.02
18864 	 -0.012
19002 	 0
21000 	 -1.44
21001 	 -1.44
