0 	 0
3000 	 -1.376
3024 	 -1.496
3050 	 -1.88
3062 	 -2.472
3078 	 -3.176
3112 	 -3.62
3158 	 -3.808
3164 	 -3.728
3186 	 -2.828
3198 	 -2.688
3216 	 -1.912
3232 	 -1.736
3238 	 -1.364
3262 	 -0.608
3296 	 -0.264
3400 	 -0.024
3636 	 -0.008
3904 	 0
6000 	 -2.478
6020 	 -2.638
6042 	 -3.286
6064 	 -3.582
6088 	 -3.11
6120 	 -2.686
6138 	 -2.872
6154 	 -3.312
6180 	 -3.048
6190 	 -3.516
6198 	 -3.5
6234 	 -3.9
6284 	 -4.203
6296 	 -4.179
6346 	 -4.159
6360 	 -2.871
6374 	 -2.271
6376 	 -1.719
6424 	 -1.319
6444 	 -0.761
6504 	 -0.637
6506 	 -0.613
6552 	 -0.501
6634 	 -0.359
6704 	 -0.331
6710 	 -0.307
6726 	 -0.295
6728 	 -0.267
6782 	 -0.263
6894 	 -0.165
6990 	 -0.145
6994 	 -0.125
7002 	 -0.093
7272 	 -0.089
7278 	 -0.085
7290 	 -0.073
7324 	 -0.025
9000 	 -1.433
9024 	 -1.537
9050 	 -2.497
9078 	 -3.177
9112 	 -3.761
9158 	 -3.713
9162 	 -3.797
9174 	 -3.705
9186 	 -2.857
9216 	 -3.589
9232 	 -3.413
9238 	 -3.801
9262 	 -1.973
9268 	 -1.305
9298 	 -0.417
9304 	 -0.413
9306 	 -0.409
9334 	 -0.277
9400 	 -0.025
9660 	 -0.009
9904 	 -0.001
12000 	 -2.54
12002 	 -2.421
12004 	 -2.854
12006 	 -3.993
12008 	 -4.837
12010 	 -6.414
12012 	 -6.842
12016 	 -7.431
12018 	 -7.477
12020 	 -7.81
12028 	 -7.944
12030 	 -8.012
12032 	 -7.978
12034 	 -8.037
12040 	 -7.914
12042 	 -8.39
12054 	 -7.901
12062 	 -8.119
12064 	 -8.195
12070 	 -8.379
12072 	 -8.421
12074 	 -7.942
12088 	 -7.33
12090 	 -7.42
12100 	 -7.556
12102 	 -7.44
12120 	 -6.82
12130 	 -6.614
12140 	 -6.879
12148 	 -7.119
12154 	 -8.155
12156 	 -8.185
12160 	 -8.543
12164 	 -8.433
12166 	 -8.517
12176 	 -8.568
12178 	 -8.631
12180 	 -8.703
12182 	 -9.233
12186 	 -9.664
12190 	 -9.98
12198 	 -9.958
12200 	 -10.216
12208 	 -10.394
12210 	 -10.516
12212 	 -11.56
12218 	 -11.652
12222 	 -11.545
12226 	 -12.066
12228 	 -12.225
12230 	 -12.277
12234 	 -13.659
12236 	 -13.817
12244 	 -13.988
12246 	 -14.205
12252 	 -13.625
12254 	 -13.524
12256 	 -13.422
12260 	 -13.105
12264 	 -13.053
12266 	 -13.493
12270 	 -13.718
12274 	 -12.466
12276 	 -12.626
12280 	 -12.443
12282 	 -12.286
12288 	 -12.349
12290 	 -12.077
12296 	 -12.33
12300 	 -12.474
12304 	 -12.419
12308 	 -12.404
12310 	 -12.508
12314 	 -12.335
12322 	 -11.979
12324 	 -11.375
12328 	 -11.531
12332 	 -11.563
12334 	 -11.48
12338 	 -11.228
12340 	 -11.167
12344 	 -10.32
12346 	 -10.494
12350 	 -10.466
12354 	 -10.435
12358 	 -9.655
12360 	 -8.703
12362 	 -8.635
12376 	 -8.534
12378 	 -8.203
12380 	 -8.054
12382 	 -8.046
12384 	 -8.181
12386 	 -7.725
12392 	 -7.609
12398 	 -7.604
12400 	 -7.492
12402 	 -7.735
12404 	 -7.385
12406 	 -7.355
12408 	 -7.353
12412 	 -7.042
12420 	 -6.936
12426 	 -6.912
12430 	 -6.845
12432 	 -6.611
12436 	 -7.051
12437 	 -7.271
12438 	 -6.876
12444 	 -6.933
12448 	 -6.826
12452 	 -6.723
12456 	 -6.58
12460 	 -6.497
12466 	 -7.158
12476 	 -7.507
12480 	 -7.341
12488 	 -7.325
12492 	 -7.297
12494 	 -7.258
12508 	 -7.249
12510 	 -7.424
12516 	 -7.523
12520 	 -7.493
12540 	 -7.521
12550 	 -7.469
12552 	 -7.342
12562 	 -7.5
12564 	 -7.331
12574 	 -7.701
12576 	 -7.697
12578 	 -7.678
12588 	 -7.677
12590 	 -7.666
12592 	 -7.487
12594 	 -7.434
12604 	 -7.424
12610 	 -7.383
12618 	 -7.221
12622 	 -7.206
12624 	 -7.193
12628 	 -6.672
12630 	 -7.03
12632 	 -7.015
12638 	 -7.005
12640 	 -6.948
12646 	 -6.944
12648 	 -6.983
12654 	 -6.982
12656 	 -7.108
12660 	 -7.597
12664 	 -7.477
12668 	 -7.757
12672 	 -7.756
12684 	 -7.926
12710 	 -7.922
12712 	 -7.192
12716 	 -7.189
12732 	 -7.215
12734 	 -6.954
12748 	 -6.937
12750 	 -6.927
12758 	 -6.925
12768 	 -7.024
12776 	 -7.014
12782 	 -6.985
12798 	 -7.048
12800 	 -6.984
12804 	 -7.089
12814 	 -6.999
12820 	 -7.112
12828 	 -7.077
12830 	 -7.327
12838 	 -7.334
12840 	 -7.386
12870 	 -7.557
12874 	 -7.496
12908 	 -7.072
12916 	 -7.575
12920 	 -7.537
12924 	 -7.807
12926 	 -8.409
12932 	 -8.808
12934 	 -8.763
12940 	 -8.764
12954 	 -8.808
12964 	 -8.918
12966 	 -8.514
12972 	 -8.335
12982 	 -8.327
12986 	 -8.088
12990 	 -8.085
12992 	 -8.088
12996 	 -8.087
13002 	 -8.095
13004 	 -7.821
13006 	 -7.831
13008 	 -7.817
13010 	 -8.832
13012 	 -8.669
13016 	 -8.502
13018 	 -8.246
13020 	 -8.099
13022 	 -8.199
13028 	 -8.18
13032 	 -8.15
13034 	 -8.144
13040 	 -8.011
13042 	 -7.952
13046 	 -7.864
13050 	 -7.775
13052 	 -7.467
13060 	 -7.488
13062 	 -7.487
13064 	 -7.251
13066 	 -7.162
13068 	 -7.009
13078 	 -6.799
13080 	 -6.42
13082 	 -6.412
13088 	 -6.41
13096 	 -6.273
13098 	 -6.236
13102 	 -6.15
13104 	 -6.268
13108 	 -6.24
13110 	 -6.225
13112 	 -6.014
13114 	 -5.978
13124 	 -5.921
13126 	 -5.92
13130 	 -5.967
13132 	 -6.241
13140 	 -6.394
13148 	 -6.404
13150 	 -5.963
13152 	 -6.566
13166 	 -6.424
13168 	 -6.354
13178 	 -6.634
13182 	 -6.633
13184 	 -6.79
13190 	 -6.686
13192 	 -6.685
13198 	 -6.62
13202 	 -6.712
13204 	 -6.573
13206 	 -6.754
13216 	 -6.59
13220 	 -6.581
13224 	 -6.259
13234 	 -6.257
13238 	 -6.289
13244 	 -5.876
13246 	 -5.807
13248 	 -5.218
13250 	 -5.056
13256 	 -4.931
13258 	 -4.964
13262 	 -4.938
13266 	 -4.941
13268 	 -4.831
13270 	 -4.729
13276 	 -4.649
13290 	 -4.245
13292 	 -4.124
13294 	 -4.115
13296 	 -3.989
13312 	 -3.988
13314 	 -4.093
13318 	 -3.729
13320 	 -3.719
13324 	 -3.626
13328 	 -3.592
13346 	 -3.575
13348 	 -3.552
13350 	 -3.531
13352 	 -3.507
13360 	 -3.521
13366 	 -3.457
13372 	 -3.445
13384 	 -3.274
13388 	 -3.268
13390 	 -3.277
13398 	 -3.219
13400 	 -3.346
13420 	 -3.427
13436 	 -3.452
13444 	 -3.521
13454 	 -3.51
13464 	 -3.554
13474 	 -3.542
13484 	 -3.679
13488 	 -3.716
13490 	 -3.709
13498 	 -3.762
13508 	 -3.568
13514 	 -3.559
13516 	 -3.562
13530 	 -3.447
13534 	 -3.319
13542 	 -3.316
13552 	 -2.916
13556 	 -2.963
13586 	 -2.925
13594 	 -2.842
13604 	 -2.72
13618 	 -2.7
13648 	 -1.93
13672 	 -1.886
13684 	 -1.856
13688 	 -2.042
13696 	 -2.003
13702 	 -1.966
13738 	 -2.216
13744 	 -2.123
13760 	 -2.103
13766 	 -2.094
13800 	 -2.09
13804 	 -2.032
13820 	 -2.026
13822 	 -2.326
13830 	 -2.318
13846 	 -2.29
13856 	 -2.287
13860 	 -1.999
13870 	 -1.992
13876 	 -2.19
13878 	 -2.09
13882 	 -2.062
13888 	 -2.118
13900 	 -2.11
13902 	 -2.057
13912 	 -2.051
13922 	 -2.064
13924 	 -2.132
13930 	 -2.067
13934 	 -2.048
13942 	 -2.039
13944 	 -2.035
13952 	 -2.09
13956 	 -2.085
13958 	 -2.126
13974 	 -2.124
13976 	 -2.087
13978 	 -2.086
14026 	 -2.084
14038 	 -1.908
14048 	 -1.856
14058 	 -1.851
14064 	 -1.817
14068 	 -1.905
14078 	 -1.903
14096 	 -2.011
14106 	 -2.032
14120 	 -2.03
14122 	 -2.133
14128 	 -2.169
14136 	 -2.129
14152 	 -2.128
14158 	 -2.116
14174 	 -1.976
14176 	 -1.986
14180 	 -1.734
14182 	 -1.716
14184 	 -1.736
14202 	 -1.735
14208 	 -1.804
14212 	 -1.802
14218 	 -1.797
14236 	 -1.667
14244 	 -1.703
14246 	 -1.694
14250 	 -1.717
14254 	 -1.715
14262 	 -1.709
14266 	 -1.668
14280 	 -1.717
14300 	 -1.664
14318 	 -1.662
14320 	 -1.814
14324 	 -1.902
14326 	 -1.901
14342 	 -1.874
14344 	 -1.824
14368 	 -1.823
14372 	 -1.812
14378 	 -1.745
14386 	 -1.744
14402 	 -1.722
14404 	 -1.848
14406 	 -1.796
14428 	 -1.74
14430 	 -1.552
14440 	 -1.388
14450 	 -1.311
14454 	 -1.292
14462 	 -1.212
14484 	 -1.047
14494 	 -1.008
14502 	 -0.844
14512 	 -0.787
14516 	 -0.673
14520 	 -0.618
14538 	 -0.606
14540 	 -0.533
14554 	 -0.525
14566 	 -0.403
14586 	 -0.325
14590 	 -0.307
14602 	 -0.3
14618 	 -0.295
14620 	 -0.281
14650 	 -0.271
14670 	 -0.263
14692 	 -0.261
14710 	 -0.235
14712 	 -0.206
14782 	 -0.204
14820 	 -0.201
15000 	 -1.428
15024 	 -1.593
15050 	 -2.326
15078 	 -2.919
15112 	 -3.375
15158 	 -3.449
15162 	 -3.492
15164 	 -3.481
15174 	 -3.435
15186 	 -2.962
15210 	 -2.961
15216 	 -3.485
15222 	 -3.483
15232 	 -3.307
15238 	 -3.491
15262 	 -2.644
15266 	 -2.592
15268 	 -2.506
15276 	 -2.202
15282 	 -2.069
15298 	 -1.896
15300 	 -1.535
15310 	 -1.596
15336 	 -2.043
15342 	 -2.04
15346 	 -2.014
15356 	 -2.268
15372 	 -2.264
15374 	 -1.695
15400 	 -1.081
15422 	 -0.841
15456 	 -0.448
15470 	 -0.443
15486 	 -0.156
15558 	 -0.051
15658 	 -0.047
15660 	 -0.044
15668 	 -0.04
15798 	 -0.039
15840 	 -0.038
15864 	 -0.023
15870 	 -0.022
15888 	 -0.02
15904 	 -0.012
16476 	 -0.011
18000 	 -2.128
18020 	 -2.254
18042 	 -2.798
18064 	 -2.975
18088 	 -2.46
18120 	 -1.931
18154 	 -3.112
18180 	 -2.848
18190 	 -3.636
18234 	 -5
18252 	 -4.976
18262 	 -4.697
18270 	 -3.728
18278 	 -3.665
18286 	 -3.524
18296 	 -4.415
18316 	 -4.46
18328 	 -4.826
18336 	 -4.475
18342 	 -4.514
18348 	 -3.923
18360 	 -3.233
18368 	 -2.774
18384 	 -2.795
18402 	 -2.03
18420 	 -1.079
18426 	 -0.947
18434 	 -0.77
18448 	 -0.26
18472 	 -0.215
18552 	 -0.024
18864 	 -0.012
19002 	 0
21000 	 -1.44
21001 	 -1.44
