0 	 0
3000 	 -1.376
3024 	 -1.496
3050 	 -1.88
3062 	 -2.472
3078 	 -3.176
3112 	 -3.62
3158 	 -3.808
3164 	 -3.728
3186 	 -2.828
3198 	 -2.688
3216 	 -1.912
3232 	 -1.736
3238 	 -1.364
3262 	 -0.608
3296 	 -0.264
3400 	 -0.024
3636 	 -0.008
3904 	 0
6000 	 -2.478
6020 	 -2.638
6042 	 -3.286
6064 	 -3.582
6088 	 -3.11
6120 	 -2.686
6138 	 -2.872
6154 	 -3.312
6180 	 -3.048
6190 	 -3.516
6198 	 -3.5
6234 	 -3.9
6284 	 -4.203
6296 	 -4.179
6346 	 -4.159
6360 	 -2.871
6374 	 -2.271
6376 	 -1.719
6424 	 -1.319
6444 	 -0.761
6504 	 -0.637
6506 	 -0.613
6552 	 -0.501
6634 	 -0.359
6704 	 -0.331
6710 	 -0.307
6726 	 -0.295
6728 	 -0.267
6782 	 -0.263
6894 	 -0.165
6990 	 -0.145
6994 	 -0.125
7002 	 -0.093
7272 	 -0.089
7278 	 -0.085
7290 	 -0.073
7324 	 -0.025
9000 	 -1.433
9024 	 -1.537
9050 	 -2.497
9078 	 -3.177
9112 	 -3.761
9158 	 -3.713
9162 	 -3.797
9174 	 -3.705
9186 	 -2.857
9216 	 -3.589
9232 	 -3.413
9238 	 -3.801
9262 	 -1.973
9268 	 -1.305
9298 	 -0.417
9304 	 -0.413
9306 	 -0.409
9334 	 -0.277
9400 	 -0.025
9660 	 -0.009
9904 	 -0.001
12000 	 -2.554
12002 	 -2.49
12004 	 -3.323
12006 	 -4.673
12008 	 -5.611
12010 	 -6.756
12012 	 -7.175
12016 	 -7.632
12020 	 -7.965
12028 	 -8.099
12030 	 -8.167
12032 	 -7.974
12040 	 -7.851
12042 	 -8.327
12048 	 -8.092
12054 	 -7.603
12064 	 -7.703
12070 	 -7.682
12072 	 -7.724
12074 	 -7.245
12088 	 -6.633
12100 	 -6.763
12102 	 -6.522
12120 	 -5.994
12130 	 -5.948
12140 	 -6.213
12148 	 -6.453
12154 	 -7.489
12162 	 -7.462
12164 	 -7.352
12178 	 -7.494
12180 	 -7.566
12182 	 -8.096
12186 	 -8.45
12190 	 -8.766
12198 	 -8.736
12200 	 -8.78
12206 	 -8.77
12208 	 -8.948
12212 	 -9.992
12226 	 -10.513
12228 	 -10.672
12230 	 -10.782
12234 	 -12.164
12252 	 -11.524
12254 	 -11.423
12256 	 -11.571
12260 	 -11.254
12264 	 -11.627
12266 	 -12.067
12270 	 -12.194
12274 	 -10.942
12282 	 -10.785
12286 	 -10.888
12290 	 -10.616
12296 	 -10.869
12300 	 -11.013
12304 	 -10.783
12312 	 -10.814
12322 	 -10.885
12324 	 -10.282
12332 	 -10.329
12334 	 -10.431
12338 	 -10.179
12344 	 -9.383
12350 	 -9.368
12354 	 -9.327
12358 	 -8.686
12360 	 -7.734
12364 	 -7.802
12368 	 -7.771
12372 	 -7.756
12382 	 -7.651
12386 	 -7.398
12394 	 -7.332
12398 	 -7.327
12400 	 -7.215
12404 	 -6.943
12406 	 -6.913
12410 	 -6.9
12412 	 -6.589
12420 	 -6.483
12426 	 -6.459
12430 	 -6.392
12436 	 -6.857
12437 	 -7.077
12438 	 -7.281
12444 	 -7.313
12448 	 -7.206
12452 	 -6.969
12460 	 -6.886
12464 	 -6.824
12466 	 -7.295
12476 	 -7.474
12480 	 -7.27
12482 	 -7.222
12492 	 -7.238
12494 	 -7.199
12502 	 -7.191
12508 	 -7.182
12516 	 -7.281
12520 	 -7.251
12528 	 -7.159
12540 	 -7.292
12542 	 -7.198
12548 	 -7.166
12552 	 -7.046
12562 	 -7.252
12564 	 -7.246
12566 	 -7.196
12574 	 -7.616
12576 	 -7.596
12578 	 -7.582
12584 	 -7.562
12588 	 -7.629
12590 	 -7.618
12592 	 -7.439
12594 	 -7.598
12596 	 -7.809
12602 	 -7.882
12604 	 -7.872
12610 	 -7.811
12618 	 -7.73
12628 	 -7.804
12630 	 -8.201
12632 	 -8.117
12638 	 -8.113
12640 	 -8.056
12648 	 -8.16
12662 	 -7.812
12664 	 -7.692
12666 	 -7.558
12668 	 -7.594
12672 	 -7.582
12678 	 -7.637
12684 	 -7.671
12710 	 -7.667
12712 	 -7.642
12716 	 -7.639
12724 	 -7.787
12732 	 -7.813
12736 	 -8.104
12742 	 -8.1
12748 	 -8.083
12758 	 -8.081
12760 	 -8.067
12768 	 -7.901
12776 	 -7.839
12782 	 -7.709
12798 	 -7.529
12802 	 -7.482
12804 	 -7.589
12806 	 -7.586
12810 	 -7.585
12816 	 -7.809
12818 	 -8.037
12828 	 -8.002
12830 	 -7.855
12840 	 -7.91
12844 	 -7.774
12874 	 -7.681
12894 	 -6.969
12902 	 -7.121
12908 	 -6.586
12916 	 -6.616
12920 	 -6.526
12922 	 -6.472
12924 	 -6.512
12926 	 -6.501
12936 	 -6.488
12948 	 -6.431
12954 	 -6.237
12964 	 -6.187
12966 	 -6.506
12972 	 -6.327
12976 	 -6.725
12980 	 -7.177
12982 	 -7.096
12986 	 -7.07
12988 	 -7.005
12990 	 -7.002
12994 	 -7.174
12996 	 -7.158
12998 	 -7.201
13004 	 -7.127
13006 	 -7.34
13008 	 -7.279
13010 	 -7.294
13012 	 -7.228
13016 	 -6.792
13024 	 -6.826
13026 	 -6.822
13028 	 -6.781
13034 	 -6.754
13036 	 -7.235
13038 	 -7.018
13042 	 -6.911
13048 	 -6.933
13050 	 -7.067
13052 	 -7.031
13060 	 -6.867
13066 	 -6.936
13068 	 -6.884
13070 	 -6.8
13082 	 -6.792
13086 	 -6.544
13088 	 -6.454
13090 	 -6.261
13094 	 -6.251
13096 	 -6.01
13102 	 -6.005
13104 	 -5.961
13108 	 -5.817
13110 	 -5.865
13114 	 -5.818
13126 	 -5.817
13134 	 -5.611
13150 	 -5.132
13158 	 -5.049
13168 	 -4.979
13170 	 -4.802
13200 	 -4.833
13202 	 -4.95
13206 	 -5.742
13214 	 -5.559
13218 	 -5.574
13220 	 -5.852
13234 	 -5.678
13242 	 -5.759
13246 	 -5.69
13248 	 -5.456
13250 	 -5.367
13262 	 -5.341
13266 	 -5.112
13268 	 -4.891
13270 	 -4.886
13272 	 -4.865
13280 	 -4.794
13290 	 -4.777
13292 	 -4.771
13304 	 -4.81
13308 	 -4.627
13310 	 -4.649
13314 	 -4.64
13324 	 -4.62
13328 	 -4.477
13336 	 -4.344
13338 	 -4.313
13344 	 -4.289
13346 	 -3.918
13350 	 -3.763
13360 	 -3.718
13366 	 -3.79
13372 	 -3.742
13374 	 -3.395
13384 	 -3.284
13388 	 -3.278
13394 	 -3.356
13398 	 -3.377
13402 	 -3.367
13404 	 -3.423
13426 	 -3.324
13432 	 -3.481
13434 	 -3.572
13440 	 -3.727
13442 	 -3.714
13454 	 -3.699
13474 	 -3.687
13484 	 -4.041
13494 	 -4.022
13508 	 -3.865
13514 	 -3.856
13522 	 -3.889
13528 	 -3.93
13530 	 -3.981
13542 	 -3.977
13546 	 -4.004
13550 	 -4.029
13560 	 -4.024
13564 	 -3.999
13566 	 -4.116
13568 	 -3.992
13582 	 -3.825
13590 	 -3.7
13602 	 -3.687
13604 	 -3.565
13624 	 -3.252
13648 	 -2.557
13664 	 -2.491
13672 	 -2.397
13688 	 -2.281
13696 	 -2.242
13700 	 -2.204
13716 	 -2.299
13726 	 -2.291
13744 	 -2.325
13746 	 -2.324
13754 	 -2.305
13760 	 -2.285
13766 	 -2.271
13768 	 -2.252
13770 	 -2.297
13772 	 -2.265
13776 	 -2.263
13804 	 -2.015
13820 	 -2.009
13822 	 -2.027
13848 	 -2.026
13876 	 -2.218
13878 	 -2.118
13900 	 -2.11
13902 	 -2.057
13904 	 -1.746
13912 	 -1.74
13930 	 -1.808
13932 	 -1.789
13938 	 -1.776
13940 	 -1.827
13942 	 -1.818
13960 	 -1.857
13962 	 -1.851
13972 	 -1.864
13978 	 -1.863
13984 	 -2.032
14006 	 -1.966
14012 	 -1.996
14026 	 -1.972
14030 	 -2.094
14038 	 -2.085
14048 	 -2.186
14054 	 -2.311
14058 	 -2.306
14060 	 -2.379
14088 	 -2.358
14098 	 -2.441
14100 	 -2.44
14112 	 -2.438
14116 	 -2.43
14120 	 -2.222
14126 	 -2.331
14136 	 -2.19
14138 	 -2.118
14162 	 -1.918
14166 	 -1.904
14170 	 -2.147
14178 	 -2.113
14182 	 -2.127
14184 	 -2.083
14212 	 -2.081
14218 	 -2.075
14224 	 -2.04
14236 	 -2.304
14248 	 -2.282
14250 	 -2.195
14258 	 -2.189
14272 	 -2.182
14276 	 -2.148
14286 	 -2.127
14288 	 -2.166
14290 	 -2.165
14306 	 -2.188
14318 	 -2.186
14320 	 -2.244
14326 	 -2.238
14338 	 -2.306
14348 	 -2.262
14360 	 -2.27
14376 	 -2.139
14378 	 -2.099
14398 	 -1.88
14406 	 -1.846
14414 	 -1.87
14422 	 -1.848
14448 	 -1.901
14450 	 -1.992
14474 	 -2.088
14482 	 -2.087
14496 	 -2.054
14524 	 -2.069
14526 	 -1.955
14546 	 -2.142
14564 	 -1.898
14580 	 -1.871
14588 	 -1.851
14596 	 -1.8
14612 	 -1.84
14616 	 -1.666
14620 	 -1.833
14638 	 -1.795
14642 	 -1.791
14644 	 -1.68
14654 	 -1.657
14656 	 -1.328
14672 	 -1.272
14674 	 -1.204
14688 	 -1.188
14690 	 -1.067
14692 	 -0.955
14704 	 -0.947
14708 	 -0.882
14710 	 -0.738
14714 	 -0.72
14716 	 -0.719
14720 	 -0.583
14730 	 -0.526
14738 	 -0.507
14740 	 -0.49
14750 	 -0.472
14752 	 -0.394
14756 	 -0.359
14768 	 -0.336
14774 	 -0.329
14790 	 -0.313
14794 	 -0.306
14824 	 -0.29
14830 	 -0.278
14836 	 -0.263
14838 	 -0.261
14864 	 -0.247
14870 	 -0.243
14890 	 -0.236
15000 	 -1.44
15024 	 -1.612
15050 	 -2.328
15078 	 -2.923
15112 	 -3.383
15158 	 -3.339
15162 	 -3.409
15174 	 -3.34
15186 	 -2.848
15216 	 -3.339
15222 	 -3.336
15232 	 -3.16
15238 	 -3.33
15262 	 -2.162
15266 	 -2.081
15276 	 -1.637
15300 	 -1.109
15310 	 -1.151
15336 	 -1.449
15342 	 -1.446
15356 	 -1.616
15372 	 -1.612
15374 	 -1.232
15400 	 -0.741
15422 	 -0.581
15456 	 -0.319
15470 	 -0.314
15486 	 -0.121
15492 	 -0.12
15558 	 -0.05
15660 	 -0.038
15794 	 -0.037
15864 	 -0.029
15870 	 -0.028
15888 	 -0.025
15904 	 -0.017
16038 	 -0.015
16152 	 -0.013
16422 	 -0.01
18000 	 -2.129
18020 	 -2.246
18042 	 -2.758
18064 	 -2.895
18088 	 -2.34
18120 	 -1.765
18154 	 -2.865
18180 	 -2.601
18190 	 -3.254
18234 	 -4.519
18252 	 -4.495
18262 	 -4.309
18270 	 -3.34
18278 	 -3.277
18286 	 -3.136
18296 	 -3.67
18316 	 -3.715
18328 	 -3.959
18336 	 -3.608
18342 	 -3.617
18348 	 -3.026
18360 	 -2.269
18368 	 -1.963
18384 	 -1.977
18402 	 -1.391
18420 	 -0.757
18426 	 -0.669
18434 	 -0.551
18448 	 -0.211
18472 	 -0.181
18552 	 -0.021
18864 	 -0.013
19002 	 -0.001
21000 	 -1.441
21001 	 -1.441
