0 	 0
3000 	 -1.376
3024 	 -1.496
3050 	 -1.88
3062 	 -2.472
3078 	 -3.176
3112 	 -3.62
3158 	 -3.808
3164 	 -3.728
3186 	 -2.828
3198 	 -2.688
3216 	 -1.912
3232 	 -1.736
3238 	 -1.364
3262 	 -0.608
3296 	 -0.264
3400 	 -0.024
3636 	 -0.008
3904 	 0
6000 	 -2.478
6020 	 -2.638
6042 	 -3.286
6064 	 -3.582
6088 	 -3.11
6120 	 -2.686
6138 	 -2.872
6154 	 -3.312
6180 	 -3.048
6190 	 -3.516
6198 	 -3.5
6234 	 -3.9
6284 	 -4.203
6296 	 -4.179
6346 	 -4.159
6360 	 -2.871
6374 	 -2.271
6376 	 -1.719
6424 	 -1.319
6444 	 -0.761
6504 	 -0.637
6506 	 -0.613
6552 	 -0.501
6634 	 -0.359
6704 	 -0.331
6710 	 -0.307
6726 	 -0.295
6728 	 -0.267
6782 	 -0.263
6894 	 -0.165
6990 	 -0.145
6994 	 -0.125
7002 	 -0.093
7272 	 -0.089
7278 	 -0.085
7290 	 -0.073
7324 	 -0.025
9000 	 -1.433
9024 	 -1.537
9050 	 -2.497
9078 	 -3.177
9112 	 -3.761
9158 	 -3.713
9162 	 -3.797
9174 	 -3.705
9186 	 -2.857
9216 	 -3.589
9232 	 -3.413
9238 	 -3.801
9262 	 -1.973
9268 	 -1.305
9298 	 -0.417
9304 	 -0.413
9306 	 -0.409
9334 	 -0.277
9400 	 -0.025
9660 	 -0.009
9904 	 -0.001
12000 	 -2.554
12002 	 -2.49
12004 	 -3.323
12006 	 -4.673
12008 	 -5.611
12010 	 -6.756
12012 	 -7.175
12016 	 -7.632
12020 	 -7.965
12028 	 -8.099
12030 	 -8.167
12032 	 -7.974
12040 	 -7.851
12042 	 -8.327
12048 	 -8.092
12054 	 -7.603
12064 	 -7.703
12070 	 -7.683
12072 	 -7.725
12074 	 -7.246
12088 	 -6.634
12100 	 -6.77
12102 	 -6.529
12120 	 -6.001
12130 	 -5.795
12140 	 -6.06
12148 	 -6.3
12154 	 -7.336
12160 	 -7.694
12162 	 -7.667
12164 	 -7.557
12178 	 -7.635
12180 	 -7.707
12182 	 -8.237
12186 	 -8.539
12190 	 -8.855
12198 	 -8.803
12200 	 -8.879
12208 	 -9.057
12212 	 -10.101
12226 	 -10.622
12228 	 -10.781
12230 	 -10.833
12234 	 -12.215
12246 	 -12.501
12252 	 -11.861
12254 	 -11.76
12256 	 -11.833
12260 	 -11.516
12266 	 -11.956
12270 	 -12.083
12274 	 -10.831
12276 	 -10.872
12282 	 -10.715
12290 	 -10.443
12296 	 -10.696
12300 	 -10.84
12304 	 -10.796
12310 	 -10.905
12314 	 -10.789
12322 	 -10.86
12324 	 -10.256
12332 	 -10.288
12334 	 -10.505
12338 	 -10.253
12344 	 -9.457
12350 	 -9.429
12358 	 -8.683
12360 	 -7.731
12376 	 -7.63
12380 	 -7.766
12382 	 -7.758
12386 	 -7.545
12392 	 -7.475
12398 	 -7.578
12400 	 -7.466
12404 	 -7.087
12406 	 -7.057
12412 	 -6.746
12418 	 -6.743
12420 	 -6.637
12426 	 -6.613
12430 	 -6.546
12436 	 -7.044
12437 	 -7.264
12438 	 -6.941
12448 	 -6.834
12452 	 -6.85
12460 	 -6.767
12464 	 -6.939
12466 	 -7.384
12470 	 -7.361
12472 	 -7.346
12476 	 -7.553
12480 	 -7.387
12488 	 -7.371
12492 	 -7.343
12494 	 -7.304
12502 	 -7.425
12506 	 -7.352
12508 	 -7.343
12516 	 -7.442
12520 	 -7.412
12540 	 -7.52
12550 	 -7.344
12552 	 -7.224
12556 	 -7.207
12562 	 -7.343
12570 	 -7.317
12574 	 -7.763
12576 	 -7.759
12590 	 -7.748
12592 	 -7.569
12594 	 -7.741
12604 	 -7.731
12608 	 -7.492
12618 	 -7.533
12624 	 -7.52
12630 	 -7.957
12638 	 -7.947
12640 	 -7.89
12648 	 -7.84
12664 	 -7.72
12666 	 -7.759
12668 	 -7.786
12688 	 -7.594
12696 	 -7.579
12710 	 -7.575
12712 	 -7.028
12716 	 -7.025
12724 	 -7.099
12732 	 -7.125
12736 	 -7.611
12740 	 -7.584
12742 	 -7.58
12746 	 -7.76
12748 	 -7.743
12758 	 -7.741
12768 	 -8.003
12776 	 -7.993
12782 	 -7.893
12788 	 -7.681
12800 	 -7.572
12802 	 -7.548
12804 	 -7.654
12816 	 -7.834
12820 	 -7.975
12828 	 -7.94
12840 	 -7.848
12874 	 -7.879
12876 	 -7.633
12904 	 -7.781
12908 	 -7.077
12916 	 -7.003
12920 	 -6.913
12924 	 -6.888
12934 	 -6.484
12944 	 -6.479
12954 	 -6.41
12956 	 -6.455
12964 	 -6.515
12966 	 -6.617
12968 	 -6.552
12972 	 -6.373
12982 	 -6.292
12986 	 -6.266
12988 	 -6.206
12990 	 -6.203
12996 	 -6.828
13002 	 -6.987
13004 	 -6.913
13006 	 -6.923
13008 	 -6.909
13010 	 -6.924
13012 	 -6.921
13016 	 -7.141
13022 	 -7.358
13024 	 -7.288
13028 	 -7.247
13030 	 -7.154
13034 	 -7.125
13036 	 -7.063
13040 	 -7.248
13042 	 -7.189
13048 	 -7.115
13052 	 -7.079
13054 	 -6.801
13060 	 -7.287
13066 	 -7.342
13068 	 -7.138
13082 	 -7.13
13084 	 -6.714
13088 	 -6.712
13090 	 -6.845
13096 	 -6.708
13100 	 -6.791
13102 	 -6.775
13104 	 -6.552
13108 	 -6.584
13112 	 -6.55
13114 	 -6.503
13122 	 -6.232
13124 	 -6.173
13126 	 -6.313
13134 	 -6.269
13136 	 -6.266
13150 	 -5.425
13168 	 -5.355
13170 	 -5.416
13172 	 -5.464
13174 	 -5.395
13176 	 -5.587
13182 	 -5.586
13202 	 -5.61
13206 	 -5.781
13218 	 -5.896
13220 	 -5.887
13228 	 -5.966
13234 	 -5.964
13242 	 -6.139
13244 	 -6.089
13246 	 -6.02
13248 	 -5.782
13250 	 -5.693
13254 	 -6.092
13256 	 -6.151
13260 	 -6.135
13262 	 -5.945
13268 	 -6.13
13270 	 -6.125
13272 	 -6.291
13282 	 -6.258
13290 	 -6.241
13294 	 -6.083
13296 	 -6.042
13304 	 -5.9
13308 	 -5.885
13314 	 -5.935
13316 	 -5.647
13318 	 -5.484
13324 	 -5.457
13326 	 -5.349
13328 	 -5.315
13332 	 -5.378
13334 	 -5.415
13350 	 -5.312
13360 	 -5.267
13366 	 -5.111
13368 	 -4.047
13372 	 -4.035
13374 	 -4.051
13378 	 -4.015
13384 	 -3.904
13388 	 -3.898
13390 	 -3.865
13392 	 -3.945
13394 	 -3.842
13398 	 -3.784
13400 	 -3.883
13404 	 -3.814
13408 	 -3.697
13414 	 -3.8
13426 	 -3.82
13432 	 -3.783
13446 	 -3.945
13454 	 -3.929
13472 	 -4.013
13474 	 -4.058
13484 	 -4.192
13504 	 -4.318
13508 	 -4.251
13510 	 -4.301
13514 	 -4.292
13516 	 -4.336
13542 	 -4.332
13544 	 -4.404
13546 	 -4.471
13554 	 -4.447
13556 	 -4.446
13564 	 -4.51
13584 	 -4.508
13590 	 -4.373
13598 	 -4.365
13604 	 -4.484
13608 	 -4.206
13624 	 -4.202
13632 	 -4.076
13636 	 -3.974
13648 	 -3.14
13656 	 -3.123
13664 	 -3.104
13676 	 -3.08
13680 	 -2.997
13690 	 -2.969
13694 	 -2.9
13696 	 -2.861
13712 	 -2.836
13720 	 -2.828
13724 	 -2.88
13728 	 -2.929
13742 	 -2.903
13744 	 -2.866
13760 	 -2.846
13766 	 -2.832
13778 	 -2.817
13784 	 -2.815
13798 	 -2.814
13804 	 -2.127
13820 	 -2.121
13822 	 -1.992
13824 	 -1.988
13836 	 -1.979
13844 	 -1.951
13872 	 -2.009
13876 	 -1.96
13878 	 -1.86
13890 	 -1.837
13898 	 -1.829
13900 	 -1.821
13902 	 -1.768
13912 	 -1.762
13922 	 -1.76
13924 	 -1.792
13932 	 -1.814
13940 	 -1.796
13942 	 -1.787
13964 	 -1.86
13978 	 -1.873
14008 	 -1.799
14032 	 -1.761
14038 	 -1.668
14042 	 -1.767
14046 	 -1.737
14048 	 -1.685
14052 	 -1.561
14056 	 -1.559
14058 	 -1.554
14068 	 -1.65
14072 	 -1.489
14080 	 -1.465
14088 	 -1.467
14104 	 -1.459
14106 	 -1.131
14110 	 -1.129
14112 	 -0.998
14120 	 -0.995
14124 	 -0.993
14126 	 -0.975
14132 	 -0.909
14136 	 -0.782
14142 	 -0.673
14148 	 -0.652
14154 	 -0.637
14158 	 -0.569
14164 	 -0.54
14168 	 -0.533
14180 	 -0.468
14194 	 -0.446
14200 	 -0.426
14208 	 -0.394
14212 	 -0.392
14218 	 -0.367
14230 	 -0.325
14234 	 -0.309
14236 	 -0.291
14246 	 -0.28
14256 	 -0.258
14278 	 -0.253
14296 	 -0.244
14318 	 -0.242
14324 	 -0.239
14326 	 -0.238
14336 	 -0.234
14344 	 -0.232
14378 	 -0.192
14406 	 -0.182
14458 	 -0.179
14474 	 -0.16
14500 	 -0.154
14602 	 -0.152
15000 	 -1.413
15024 	 -1.553
15050 	 -2.333
15078 	 -2.911
15112 	 -3.359
15158 	 -3.546
15162 	 -3.607
15174 	 -3.536
15186 	 -3.042
15216 	 -3.63
15222 	 -3.627
15232 	 -3.451
15238 	 -3.643
15262 	 -3.146
15268 	 -2.887
15282 	 -2.491
15298 	 -1.971
15310 	 -2.052
15336 	 -2.649
15342 	 -2.646
15346 	 -2.568
15356 	 -2.907
15372 	 -2.903
15374 	 -2.139
15400 	 -1.417
15422 	 -1.098
15456 	 -0.572
15470 	 -0.567
15486 	 -0.186
15558 	 -0.049
15660 	 -0.04
15708 	 -0.034
15810 	 -0.033
15818 	 -0.032
15864 	 -0.019
15888 	 -0.016
15904 	 -0.008
18000 	 -2.128
18020 	 -2.263
18042 	 -2.839
18064 	 -3.056
18088 	 -2.581
18120 	 -2.098
18154 	 -3.36
18180 	 -3.096
18190 	 -4.019
18234 	 -5.482
18252 	 -5.458
18262 	 -5.086
18270 	 -4.117
18278 	 -4.054
18286 	 -3.913
18296 	 -5.161
18316 	 -5.206
18328 	 -5.694
18336 	 -5.343
18342 	 -5.412
18348 	 -4.821
18360 	 -4.198
18368 	 -3.586
18384 	 -3.614
18402 	 -2.67
18420 	 -1.402
18426 	 -1.226
18434 	 -0.99
18448 	 -0.31
18472 	 -0.25
18552 	 -0.028
18864 	 -0.012
19002 	 0
21000 	 -1.44
21001 	 -1.44
