0 	 0
3000 	 -1.376
3024 	 -1.496
3050 	 -1.88
3062 	 -2.472
3078 	 -3.176
3112 	 -3.62
3158 	 -3.808
3164 	 -3.728
3186 	 -2.828
3198 	 -2.688
3216 	 -1.912
3232 	 -1.736
3238 	 -1.364
3262 	 -0.608
3296 	 -0.264
3400 	 -0.024
3636 	 -0.008
3904 	 0
6000 	 -2.478
6020 	 -2.638
6042 	 -3.286
6064 	 -3.582
6088 	 -3.11
6120 	 -2.686
6138 	 -2.872
6154 	 -3.312
6180 	 -3.048
6190 	 -3.516
6198 	 -3.5
6234 	 -3.9
6284 	 -4.203
6296 	 -4.179
6346 	 -4.159
6360 	 -2.871
6374 	 -2.271
6376 	 -1.719
6424 	 -1.319
6444 	 -0.761
6504 	 -0.637
6506 	 -0.613
6552 	 -0.501
6634 	 -0.359
6704 	 -0.331
6710 	 -0.307
6726 	 -0.295
6728 	 -0.267
6782 	 -0.263
6894 	 -0.165
6990 	 -0.145
6994 	 -0.125
7002 	 -0.093
7272 	 -0.089
7278 	 -0.085
7290 	 -0.073
7324 	 -0.025
9000 	 -1.433
9024 	 -1.537
9050 	 -2.497
9078 	 -3.177
9112 	 -3.761
9158 	 -3.713
9162 	 -3.797
9174 	 -3.705
9186 	 -2.857
9216 	 -3.589
9232 	 -3.413
9238 	 -3.801
9262 	 -1.973
9268 	 -1.305
9298 	 -0.417
9304 	 -0.413
9306 	 -0.409
9334 	 -0.277
9400 	 -0.025
9660 	 -0.009
9904 	 -0.001
12000 	 -2.554
12002 	 -2.49
12004 	 -3.403
12006 	 -4.753
12008 	 -6.513
12010 	 -7.658
12012 	 -8.507
12016 	 -8.964
12020 	 -9.523
12028 	 -9.657
12030 	 -9.725
12032 	 -9.533
12040 	 -9.567
12042 	 -10.043
12048 	 -9.84
12054 	 -9.351
12064 	 -9.451
12070 	 -9.781
12072 	 -9.823
12074 	 -9.344
12088 	 -8.732
12100 	 -8.697
12102 	 -8.476
12108 	 -8.53
12114 	 -8.671
12120 	 -8.143
12130 	 -7.719
12140 	 -7.984
12148 	 -8.224
12154 	 -9.26
12160 	 -9.347
12162 	 -9.32
12164 	 -9.21
12168 	 -9.525
12178 	 -9.718
12180 	 -9.79
12182 	 -10.32
12184 	 -10.172
12186 	 -10.474
12190 	 -10.79
12192 	 -10.733
12198 	 -10.681
12200 	 -10.484
12208 	 -10.662
12210 	 -10.719
12212 	 -11.763
12226 	 -12.805
12228 	 -12.964
12230 	 -12.924
12234 	 -14.306
12242 	 -14.21
12248 	 -14.563
12252 	 -13.884
12254 	 -13.581
12260 	 -13.204
12264 	 -13.139
12266 	 -13.501
12270 	 -13.628
12274 	 -12.376
12276 	 -12.47
12282 	 -12.221
12290 	 -11.949
12292 	 -11.763
12296 	 -12.016
12300 	 -12.16
12304 	 -11.878
12320 	 -11.88
12324 	 -11.276
12330 	 -11.475
12332 	 -11.507
12334 	 -11.137
12338 	 -10.885
12344 	 -10.089
12346 	 -10.153
12350 	 -10.134
12354 	 -10.119
12356 	 -10.05
12358 	 -9.401
12360 	 -8.449
12364 	 -8.526
12376 	 -8.495
12380 	 -8.417
12382 	 -8.409
12386 	 -8.143
12388 	 -8.061
12398 	 -8.056
12400 	 -7.944
12404 	 -7.672
12406 	 -7.642
12410 	 -7.375
12412 	 -7.064
12420 	 -6.958
12422 	 -6.86
12426 	 -6.836
12430 	 -6.769
12436 	 -7.262
12437 	 -7.482
12438 	 -6.913
12444 	 -6.969
12448 	 -6.862
12452 	 -6.759
12460 	 -6.676
12466 	 -7.055
12468 	 -6.854
12472 	 -6.695
12474 	 -6.706
12476 	 -6.979
12480 	 -6.813
12482 	 -6.846
12488 	 -6.861
12492 	 -6.849
12494 	 -6.81
12500 	 -6.91
12506 	 -6.785
12508 	 -6.776
12516 	 -6.875
12520 	 -6.845
12532 	 -6.836
12538 	 -6.816
12540 	 -6.919
12550 	 -6.393
12552 	 -6.273
12562 	 -6.345
12570 	 -6.339
12574 	 -6.533
12580 	 -6.534
12590 	 -6.523
12592 	 -6.344
12594 	 -6.631
12600 	 -6.54
12604 	 -6.53
12618 	 -6.491
12626 	 -6.755
12630 	 -7.113
12638 	 -7.109
12640 	 -7.052
12642 	 -7.177
12648 	 -7.36
12650 	 -7.457
12656 	 -7.449
12664 	 -7.329
12668 	 -7.429
12682 	 -7.406
12686 	 -7.169
12694 	 -7.157
12710 	 -7.153
12712 	 -6.579
12716 	 -6.576
12732 	 -6.602
12740 	 -6.468
12742 	 -6.464
12746 	 -6.456
12748 	 -6.439
12758 	 -6.437
12768 	 -6.617
12776 	 -6.607
12782 	 -6.875
12790 	 -7.026
12798 	 -7.104
12800 	 -6.989
12804 	 -7.099
12814 	 -7.097
12820 	 -7.142
12826 	 -7.293
12828 	 -7.258
12840 	 -7.112
12874 	 -7.178
12876 	 -7.251
12882 	 -7.23
12890 	 -7.245
12894 	 -7.71
12904 	 -7.641
12906 	 -8.367
12908 	 -8.108
12912 	 -8.231
12916 	 -8.157
12920 	 -8.067
12924 	 -8.007
12928 	 -8.161
12942 	 -8.094
12948 	 -7.933
12954 	 -8.143
12956 	 -8.483
12958 	 -8.542
12964 	 -8.434
12966 	 -8.455
12968 	 -8.506
12972 	 -8.327
12976 	 -8.353
12980 	 -8.207
12982 	 -7.936
12986 	 -7.91
12990 	 -7.972
12994 	 -7.948
12996 	 -7.952
13004 	 -7.878
13006 	 -7.888
13008 	 -7.858
13010 	 -7.873
13012 	 -7.727
13016 	 -7.626
13028 	 -7.585
13032 	 -6.66
13038 	 -6.783
13040 	 -6.726
13042 	 -6.667
13052 	 -6.486
13054 	 -6.552
13056 	 -6.607
13064 	 -6.545
13068 	 -6.426
13070 	 -6.333
13076 	 -6.293
13082 	 -6.285
13084 	 -6.268
13090 	 -6.092
13094 	 -6.13
13096 	 -5.993
13102 	 -5.95
13106 	 -6.002
13114 	 -5.955
13124 	 -5.959
13126 	 -6.086
13142 	 -6.656
13144 	 -6.549
13150 	 -6.969
13158 	 -6.605
13160 	 -6.784
13168 	 -6.714
13170 	 -6.677
13172 	 -6.839
13174 	 -6.805
13190 	 -6.802
13194 	 -6.952
13202 	 -6.915
13206 	 -7.418
13208 	 -6.877
13214 	 -6.965
13220 	 -6.956
13224 	 -6.952
13228 	 -6.91
13234 	 -6.908
13238 	 -6.317
13244 	 -6.304
13246 	 -6.16
13248 	 -5.9
13250 	 -5.811
13256 	 -5.865
13258 	 -5.778
13260 	 -5.766
13262 	 -5.74
13266 	 -5.341
13268 	 -5.331
13270 	 -5.326
13276 	 -5.338
13288 	 -5.316
13290 	 -5.299
13292 	 -5.561
13294 	 -5.367
13314 	 -5.304
13316 	 -5.395
13320 	 -5.315
13324 	 -5.381
13326 	 -5.486
13328 	 -5.452
13340 	 -5.355
13360 	 -5.31
13366 	 -5.734
13372 	 -5.699
13374 	 -5.693
13378 	 -5.824
13384 	 -5.713
13388 	 -5.707
13398 	 -5.761
13406 	 -5.843
13420 	 -6.04
13424 	 -6.341
13432 	 -6.344
13440 	 -6.331
13444 	 -6.314
13454 	 -6.341
13456 	 -6.3
13458 	 -6.202
13462 	 -6.201
13472 	 -6.304
13474 	 -6.292
13484 	 -6.138
13492 	 -5.926
13506 	 -5.976
13508 	 -5.954
13510 	 -5.812
13514 	 -5.795
13516 	 -5.902
13522 	 -5.809
13524 	 -5.504
13532 	 -5.409
13538 	 -5.396
13542 	 -5.343
13544 	 -5.419
13558 	 -5.398
13570 	 -5.368
13572 	 -5.234
13588 	 -5.242
13604 	 -4.866
13648 	 -3.568
13654 	 -3.566
13662 	 -3.36
13696 	 -3.321
13704 	 -3.16
13710 	 -3.332
13712 	 -3.337
13716 	 -3.333
13744 	 -3.236
13748 	 -3.222
13752 	 -3.071
13760 	 -3.051
13766 	 -3.037
13778 	 -3.065
13784 	 -3.088
13796 	 -3.085
13804 	 -2.43
13820 	 -2.424
13822 	 -2.41
13834 	 -2.48
13840 	 -2.551
13848 	 -2.639
13856 	 -2.616
13858 	 -2.614
13866 	 -2.612
13868 	 -2.671
13878 	 -2.508
13894 	 -2.484
13898 	 -2.371
13900 	 -2.363
13902 	 -2.31
13904 	 -2.026
13908 	 -2.073
13912 	 -2.067
13916 	 -2.046
13922 	 -2.019
13924 	 -2.107
13942 	 -2.098
13944 	 -2.042
13948 	 -2.013
13962 	 -2.159
13966 	 -2.083
13974 	 -2.078
13978 	 -2.127
13990 	 -1.91
13992 	 -1.69
14008 	 -1.693
14012 	 -1.691
14024 	 -1.65
14026 	 -1.518
14032 	 -1.461
14040 	 -1.423
14046 	 -1.422
14048 	 -1.37
14054 	 -1.353
14056 	 -1.2
14058 	 -1.195
14060 	 -1.045
14084 	 -1.035
14086 	 -1.002
14094 	 -0.971
14102 	 -0.968
14104 	 -0.923
14120 	 -0.92
14126 	 -0.825
14136 	 -0.698
14138 	 -0.892
14158 	 -0.889
14176 	 -0.882
14182 	 -0.68
14212 	 -0.678
14216 	 -0.616
14230 	 -0.588
14232 	 -0.515
14252 	 -0.458
14272 	 -0.302
14296 	 -0.293
14318 	 -0.291
14324 	 -0.264
14326 	 -0.263
14342 	 -0.231
14378 	 -0.191
14398 	 -0.185
14482 	 -0.166
14734 	 -0.164
15000 	 -1.412
15024 	 -1.531
15050 	 -2.204
15078 	 -2.645
15112 	 -2.87
15158 	 -2.803
15162 	 -2.845
15174 	 -2.797
15186 	 -2.185
15216 	 -2.4
15222 	 -2.397
15232 	 -2.221
15238 	 -2.349
15262 	 -1.471
15268 	 -1.299
15282 	 -1.034
15292 	 -1.033
15298 	 -0.687
15310 	 -0.708
15336 	 -0.857
15342 	 -0.854
15346 	 -0.802
15352 	 -0.801
15356 	 -0.886
15372 	 -0.882
15374 	 -0.692
15400 	 -0.379
15422 	 -0.299
15456 	 -0.168
15470 	 -0.163
15486 	 -0.066
15558 	 -0.031
15660 	 -0.025
15864 	 -0.021
15888 	 -0.018
15904 	 -0.01
18000 	 -2.128
18020 	 -2.227
18042 	 -2.675
18064 	 -2.729
18088 	 -2.111
18120 	 -1.491
18154 	 -2.168
18180 	 -1.904
18190 	 -2.225
18234 	 -2.958
18252 	 -2.942
18262 	 -2.849
18270 	 -2.203
18278 	 -2.161
18286 	 -2.067
18296 	 -2.256
18316 	 -2.286
18328 	 -2.408
18336 	 -2.174
18342 	 -2.17
18348 	 -1.776
18360 	 -1.201
18368 	 -1.048
18384 	 -1.055
18402 	 -0.724
18420 	 -0.407
18426 	 -0.363
18434 	 -0.304
18448 	 -0.134
18472 	 -0.119
18552 	 -0.012
18864 	 -0.008
19002 	 0
21000 	 -1.44
21001 	 -1.44
