0 	 0
3000 	 -1.376
3024 	 -1.496
3050 	 -1.88
3062 	 -2.472
3078 	 -3.176
3112 	 -3.62
3158 	 -3.808
3164 	 -3.728
3186 	 -2.828
3198 	 -2.688
3216 	 -1.912
3232 	 -1.736
3238 	 -1.364
3262 	 -0.608
3296 	 -0.264
3400 	 -0.024
3636 	 -0.008
3904 	 0
6000 	 -2.478
6020 	 -2.638
6042 	 -3.286
6064 	 -3.582
6088 	 -3.11
6120 	 -2.686
6138 	 -2.872
6154 	 -3.312
6180 	 -3.048
6190 	 -3.516
6198 	 -3.5
6234 	 -3.9
6284 	 -4.203
6296 	 -4.179
6346 	 -4.159
6360 	 -2.871
6374 	 -2.271
6376 	 -1.719
6424 	 -1.319
6444 	 -0.761
6504 	 -0.637
6506 	 -0.613
6552 	 -0.501
6634 	 -0.359
6704 	 -0.331
6710 	 -0.307
6726 	 -0.295
6728 	 -0.267
6782 	 -0.263
6894 	 -0.165
6990 	 -0.145
6994 	 -0.125
7002 	 -0.093
7272 	 -0.089
7278 	 -0.085
7290 	 -0.073
7324 	 -0.025
9000 	 -1.433
9024 	 -1.537
9050 	 -2.497
9078 	 -3.177
9112 	 -3.761
9158 	 -3.713
9162 	 -3.797
9174 	 -3.705
9186 	 -2.857
9216 	 -3.589
9232 	 -3.413
9238 	 -3.801
9262 	 -1.973
9268 	 -1.305
9298 	 -0.417
9304 	 -0.413
9306 	 -0.409
9334 	 -0.277
9400 	 -0.025
9660 	 -0.009
9904 	 -0.001
12000 	 -2.554
12002 	 -2.49
12004 	 -3.363
12006 	 -4.713
12008 	 -6.062
12010 	 -7.207
12012 	 -7.841
12016 	 -8.298
12020 	 -8.744
12028 	 -8.878
12030 	 -8.946
12032 	 -8.754
12040 	 -8.7
12042 	 -9.176
12048 	 -8.973
12054 	 -8.484
12064 	 -8.584
12070 	 -8.739
12072 	 -8.781
12074 	 -8.302
12088 	 -7.69
12100 	 -7.734
12102 	 -7.513
12108 	 -7.567
12120 	 -7.039
12130 	 -6.622
12140 	 -6.887
12148 	 -7.127
12154 	 -8.163
12160 	 -8.608
12162 	 -8.581
12164 	 -8.471
12168 	 -8.786
12178 	 -8.871
12180 	 -8.943
12182 	 -9.473
12186 	 -9.775
12190 	 -10.091
12198 	 -10.017
12200 	 -10.127
12208 	 -10.305
12212 	 -11.349
12226 	 -11.87
12228 	 -12.029
12230 	 -12.295
12234 	 -13.677
12246 	 -14.004
12248 	 -14.182
12252 	 -13.542
12254 	 -13.404
12256 	 -13.302
12260 	 -13.044
12266 	 -13.484
12270 	 -13.611
12272 	 -13.746
12274 	 -12.494
12276 	 -12.571
12282 	 -12.385
12290 	 -12.186
12292 	 -12.052
12296 	 -12.305
12300 	 -12.449
12304 	 -12.405
12310 	 -12.473
12314 	 -12.293
12322 	 -12.298
12324 	 -11.694
12332 	 -11.726
12334 	 -11.537
12338 	 -11.285
12344 	 -10.489
12350 	 -10.461
12354 	 -10.394
12358 	 -9.64
12360 	 -8.688
12362 	 -8.883
12364 	 -8.88
12368 	 -8.783
12374 	 -8.79
12376 	 -8.689
12380 	 -8.625
12382 	 -8.846
12386 	 -8.303
12388 	 -8.299
12392 	 -8.229
12398 	 -8.224
12400 	 -8.112
12402 	 -8.234
12404 	 -7.884
12406 	 -7.854
12410 	 -7.75
12412 	 -7.439
12420 	 -7.333
12426 	 -7.309
12430 	 -7.242
12436 	 -7.72
12437 	 -7.94
12438 	 -6.828
12444 	 -6.88
12448 	 -6.773
12452 	 -6.67
12458 	 -7.064
12460 	 -6.981
12462 	 -6.953
12466 	 -7.376
12468 	 -7.359
12476 	 -7.675
12480 	 -7.442
12488 	 -7.392
12490 	 -7.377
12492 	 -7.349
12494 	 -7.31
12498 	 -7.328
12508 	 -7.319
12516 	 -7.418
12520 	 -7.388
12540 	 -7.55
12550 	 -7.642
12552 	 -7.522
12556 	 -7.433
12562 	 -7.596
12570 	 -7.59
12574 	 -8.01
12576 	 -8.006
12584 	 -7.623
12590 	 -7.612
12592 	 -7.433
12594 	 -7.446
12604 	 -7.436
12618 	 -7.362
12620 	 -6.852
12624 	 -6.839
12626 	 -6.808
12630 	 -7.164
12638 	 -7.154
12640 	 -7.097
12644 	 -7.166
12648 	 -7.199
12660 	 -7.206
12664 	 -7.086
12666 	 -7.21
12668 	 -7.246
12670 	 -7.745
12682 	 -8.019
12686 	 -8.177
12694 	 -8.165
12710 	 -8.161
12712 	 -7.401
12716 	 -7.398
12730 	 -7.126
12732 	 -7.117
12740 	 -7.096
12742 	 -7.092
12748 	 -7.075
12750 	 -7.049
12758 	 -7.047
12760 	 -7.035
12768 	 -7.188
12774 	 -7.353
12776 	 -7.333
12782 	 -7.246
12790 	 -7.361
12804 	 -7.468
12810 	 -7.43
12818 	 -7.643
12824 	 -7.576
12828 	 -7.541
12840 	 -8.028
12864 	 -8.039
12866 	 -8.043
12872 	 -8.04
12874 	 -8.02
12886 	 -7.945
12890 	 -7.927
12898 	 -8.007
12906 	 -8.16
12908 	 -7.585
12910 	 -7.604
12916 	 -7.53
12920 	 -7.44
12924 	 -7.654
12934 	 -8.232
12948 	 -8.465
12954 	 -8.396
12964 	 -8.702
12966 	 -8.816
12972 	 -8.61
12978 	 -8.634
12982 	 -8.589
12986 	 -8.563
12990 	 -8.825
12994 	 -8.856
12996 	 -8.84
13002 	 -8.649
13004 	 -8.579
13006 	 -8.589
13008 	 -8.575
13010 	 -8.59
13016 	 -8.65
13024 	 -8.418
13028 	 -8.399
13032 	 -8.366
13042 	 -8.307
13052 	 -7.82
13054 	 -7.795
13064 	 -7.594
13068 	 -7.488
13078 	 -7.3
13082 	 -7.292
13086 	 -7.43
13088 	 -6.951
13094 	 -6.928
13096 	 -6.791
13102 	 -6.786
13106 	 -6.702
13114 	 -6.509
13116 	 -6.558
13126 	 -6.557
13150 	 -6.147
13164 	 -6.176
13168 	 -6.106
13182 	 -6.243
13190 	 -6.376
13196 	 -6.293
13206 	 -7.075
13210 	 -7.015
13216 	 -7.075
13220 	 -7.066
13222 	 -7.105
13224 	 -7.222
13234 	 -7.22
13240 	 -7.063
13242 	 -7.113
13246 	 -7.044
13248 	 -6.816
13250 	 -6.679
13254 	 -6.675
13260 	 -6.436
13262 	 -6.41
13266 	 -6.377
13268 	 -6.367
13270 	 -6.362
13274 	 -6.282
13290 	 -6.078
13292 	 -5.853
13316 	 -5.933
13320 	 -5.733
13328 	 -5.526
13336 	 -5.421
13340 	 -5.368
13350 	 -5.478
13360 	 -5.37
13366 	 -5.416
13372 	 -5.156
13384 	 -5.045
13386 	 -4.948
13388 	 -4.942
13390 	 -4.941
13394 	 -5.088
13398 	 -5.531
13432 	 -6.063
13446 	 -5.993
13450 	 -6.199
13454 	 -6.182
13460 	 -6.725
13462 	 -6.723
13474 	 -6.708
13478 	 -6.746
13484 	 -6.876
13502 	 -6.933
13508 	 -6.004
13514 	 -6.165
13518 	 -6.158
13520 	 -6.154
13526 	 -6.248
13528 	 -5.883
13530 	 -5.855
13536 	 -5.623
13542 	 -5.592
13550 	 -5.627
13552 	 -5.497
13554 	 -5.1
13558 	 -4.975
13568 	 -4.739
13580 	 -4.71
13602 	 -4.664
13604 	 -4.479
13620 	 -4.461
13624 	 -4.729
13626 	 -4.852
13634 	 -5.127
13638 	 -5.237
13648 	 -4.535
13660 	 -4.571
13664 	 -4.518
13668 	 -4.579
13670 	 -4.461
13690 	 -4.753
13696 	 -4.714
13698 	 -4.277
13700 	 -4.241
13708 	 -4.16
13710 	 -4.147
13712 	 -4.049
13718 	 -4.112
13722 	 -4.116
13738 	 -3.978
13740 	 -4.255
13744 	 -3.547
13758 	 -3.542
13760 	 -3.522
13766 	 -3.508
13772 	 -3.495
13774 	 -3.421
13776 	 -3.391
13786 	 -3.346
13798 	 -3.375
13804 	 -2.914
13816 	 -2.931
13820 	 -2.925
13822 	 -3.063
13838 	 -3.102
13840 	 -3.148
13856 	 -3.174
13868 	 -3.167
13874 	 -3.16
13876 	 -3.452
13878 	 -2.855
13884 	 -2.772
13900 	 -2.764
13902 	 -2.44
13910 	 -2.306
13912 	 -2.3
13926 	 -2.264
13932 	 -2.244
13940 	 -2.177
13942 	 -2.156
13944 	 -2.267
13952 	 -2.161
13956 	 -2.209
13960 	 -2.195
13978 	 -2.194
13980 	 -2.135
13982 	 -2.106
14010 	 -2.109
14020 	 -2.106
14032 	 -2.092
14034 	 -2.08
14036 	 -2.087
14046 	 -2.078
14048 	 -2.026
14054 	 -2.008
14056 	 -2.006
14058 	 -2.001
14064 	 -1.981
14070 	 -1.978
14076 	 -1.948
14082 	 -1.87
14096 	 -1.857
14106 	 -1.823
14112 	 -1.71
14114 	 -1.697
14120 	 -1.698
14136 	 -1.537
14138 	 -1.56
14142 	 -1.555
14154 	 -1.551
14162 	 -1.508
14164 	 -1.572
14190 	 -1.567
14194 	 -1.531
14198 	 -1.577
14212 	 -1.575
14226 	 -1.528
14230 	 -1.637
14236 	 -1.656
14258 	 -1.65
14268 	 -1.648
14274 	 -1.667
14284 	 -1.748
14310 	 -1.725
14318 	 -1.723
14326 	 -1.72
14340 	 -1.431
14348 	 -1.425
14366 	 -1.416
14378 	 -1.375
14390 	 -1.559
14408 	 -1.502
14418 	 -1.541
14422 	 -1.54
14476 	 -1.354
14498 	 -1.342
14524 	 -1.202
14538 	 -1.165
14540 	 -1.126
14542 	 -0.982
14544 	 -0.976
14558 	 -0.898
14568 	 -0.875
14570 	 -0.856
14584 	 -0.719
14590 	 -0.706
14594 	 -0.7
14602 	 -0.681
14606 	 -0.493
14624 	 -0.472
14630 	 -0.409
14642 	 -0.399
14666 	 -0.388
14680 	 -0.266
14714 	 -0.236
14730 	 -0.226
14742 	 -0.224
14790 	 -0.22
14818 	 -0.214
15000 	 -1.428
15024 	 -1.575
15050 	 -2.198
15078 	 -2.654
15112 	 -2.883
15158 	 -2.868
15162 	 -2.907
15174 	 -2.861
15186 	 -2.445
15216 	 -2.566
15222 	 -2.563
15232 	 -2.387
15238 	 -2.518
15262 	 -1.801
15266 	 -1.742
15276 	 -1.434
15300 	 -1.096
15310 	 -1.136
15336 	 -1.437
15342 	 -1.434
15350 	 -1.39
15356 	 -1.558
15372 	 -1.554
15374 	 -1.169
15400 	 -0.737
15422 	 -0.578
15456 	 -0.314
15470 	 -0.309
15486 	 -0.118
15532 	 -0.11
15558 	 -0.043
15658 	 -0.04
15668 	 -0.037
15708 	 -0.031
15794 	 -0.03
15816 	 -0.029
15858 	 -0.028
15864 	 -0.023
15888 	 -0.02
15904 	 -0.012
15988 	 -0.011
16290 	 -0.01
18000 	 -2.129
18020 	 -2.237
18042 	 -2.717
18064 	 -2.811
18088 	 -2.233
18120 	 -1.659
18154 	 -2.417
18180 	 -2.153
18190 	 -2.609
18234 	 -3.441
18252 	 -3.425
18262 	 -3.239
18270 	 -2.593
18278 	 -2.551
18286 	 -2.457
18296 	 -3.003
18316 	 -3.033
18328 	 -3.277
18336 	 -3.043
18342 	 -3.069
18348 	 -2.675
18360 	 -2.167
18368 	 -1.861
18384 	 -1.875
18402 	 -1.365
18420 	 -0.731
18426 	 -0.643
18434 	 -0.525
18448 	 -0.185
18472 	 -0.155
18552 	 -0.017
18864 	 -0.009
19002 	 -0.001
21000 	 -1.441
21001 	 -1.441
