0 	 0
3000 	 -1.376
3024 	 -1.496
3050 	 -1.88
3062 	 -2.472
3078 	 -3.176
3112 	 -3.62
3158 	 -3.808
3164 	 -3.728
3186 	 -2.828
3198 	 -2.688
3216 	 -1.912
3232 	 -1.736
3238 	 -1.364
3262 	 -0.608
3296 	 -0.264
3400 	 -0.024
3636 	 -0.008
3904 	 0
6000 	 -2.478
6020 	 -2.638
6042 	 -3.286
6064 	 -3.582
6088 	 -3.11
6120 	 -2.686
6138 	 -2.872
6154 	 -3.312
6180 	 -3.048
6190 	 -3.516
6198 	 -3.5
6234 	 -3.9
6284 	 -4.203
6296 	 -4.179
6346 	 -4.159
6360 	 -2.871
6374 	 -2.271
6376 	 -1.719
6424 	 -1.319
6444 	 -0.761
6504 	 -0.637
6506 	 -0.613
6552 	 -0.501
6634 	 -0.359
6704 	 -0.331
6710 	 -0.307
6726 	 -0.295
6728 	 -0.267
6782 	 -0.263
6894 	 -0.165
6990 	 -0.145
6994 	 -0.125
7002 	 -0.093
7272 	 -0.089
7278 	 -0.085
7290 	 -0.073
7324 	 -0.025
9000 	 -1.433
9024 	 -1.537
9050 	 -2.497
9078 	 -3.177
9112 	 -3.761
9158 	 -3.713
9162 	 -3.797
9174 	 -3.705
9186 	 -2.857
9216 	 -3.589
9232 	 -3.413
9238 	 -3.801
9262 	 -1.973
9268 	 -1.305
9298 	 -0.417
9304 	 -0.413
9306 	 -0.409
9334 	 -0.277
9400 	 -0.025
9660 	 -0.009
9904 	 -0.001
12000 	 -2.54
12002 	 -2.421
12004 	 -2.461
12006 	 -2.374
12008 	 -2.791
12010 	 -3.264
12012 	 -3.475
12018 	 -3.533
12020 	 -3.756
12032 	 -3.722
12034 	 -3.761
12040 	 -3.779
12042 	 -4.255
12064 	 -4.331
12082 	 -4.419
12086 	 -4.615
12088 	 -4.003
12098 	 -4.073
12120 	 -3.545
12132 	 -3.842
12154 	 -4.878
12156 	 -5.264
12180 	 -5.2
12190 	 -5.516
12192 	 -5.698
12206 	 -5.821
12212 	 -6.865
12234 	 -8.213
12236 	 -8.238
12252 	 -7.522
12258 	 -7.499
12260 	 -7.542
12272 	 -7.541
12274 	 -6.289
12282 	 -6.161
12286 	 -6.235
12290 	 -5.963
12296 	 -6.203
12304 	 -6.159
12306 	 -6.388
12324 	 -5.784
12328 	 -6.031
12332 	 -6.063
12338 	 -5.811
12340 	 -5.728
12344 	 -4.932
12350 	 -4.882
12354 	 -4.87
12360 	 -3.918
12376 	 -4.003
12380 	 -3.968
12382 	 -3.96
12384 	 -3.863
12386 	 -3.791
12388 	 -3.758
12404 	 -3.486
12432 	 -3.688
12450 	 -3.986
12452 	 -4.018
12462 	 -4.088
12464 	 -4.039
12474 	 -3.966
12480 	 -3.85
12494 	 -3.846
12496 	 -3.778
12502 	 -4.007
12512 	 -3.873
12516 	 -3.836
12528 	 -3.566
12532 	 -3.536
12534 	 -3.662
12540 	 -3.772
12548 	 -3.761
12552 	 -3.641
12566 	 -3.66
12570 	 -3.543
12578 	 -3.778
12580 	 -4.125
12588 	 -4.522
12590 	 -4.492
12604 	 -4.487
12624 	 -3.864
12636 	 -3.745
12642 	 -3.514
12654 	 -3.391
12658 	 -3.376
12664 	 -3.322
12666 	 -3.615
12672 	 -3.372
12678 	 -3.341
12682 	 -3.63
12710 	 -4.247
12716 	 -4.152
12732 	 -4.146
12736 	 -4.105
12752 	 -4.046
12756 	 -4.263
12768 	 -4.203
12772 	 -4.192
12778 	 -4.225
12780 	 -4.25
12784 	 -4.201
12786 	 -4.197
12796 	 -4.024
12798 	 -4.098
12802 	 -4.072
12814 	 -4.18
12822 	 -4.069
12834 	 -4.094
12836 	 -3.945
12846 	 -4.066
12850 	 -4.07
12858 	 -4.003
12860 	 -4.644
12864 	 -4.762
12872 	 -4.984
12874 	 -4.976
12876 	 -4.972
12880 	 -4.768
12882 	 -4.813
12890 	 -4.796
12892 	 -4.791
12906 	 -4.852
12908 	 -5.312
12910 	 -4.976
12914 	 -5.08
12918 	 -5.218
12922 	 -5.109
12926 	 -5.359
12928 	 -5.338
12934 	 -5.378
12942 	 -5.128
12948 	 -5.132
12950 	 -4.95
12952 	 -4.656
12954 	 -4.654
12956 	 -4.632
12962 	 -4.549
12966 	 -5.098
12968 	 -5.092
12970 	 -5.083
12972 	 -5.177
12976 	 -4.921
12986 	 -4.699
12992 	 -4.672
12996 	 -4.77
12998 	 -4.635
13002 	 -4.624
13004 	 -4.616
13008 	 -4.76
13018 	 -4.52
13024 	 -4.482
13032 	 -4.449
13034 	 -4.612
13036 	 -4.438
13046 	 -4.338
13056 	 -4.308
13058 	 -4.218
13068 	 -4.334
13072 	 -4.227
13078 	 -3.944
13080 	 -3.863
13082 	 -3.774
13088 	 -4.001
13094 	 -3.931
13098 	 -4.647
13100 	 -4.753
13110 	 -4.915
13114 	 -5.131
13120 	 -5.325
13134 	 -5.265
13150 	 -5.01
13154 	 -5.021
13162 	 -4.96
13166 	 -4.744
13168 	 -4.563
13174 	 -4.594
13180 	 -4.638
13190 	 -4.58
13194 	 -4.399
13198 	 -4.38
13202 	 -4.37
13208 	 -4.104
13214 	 -4.018
13216 	 -3.868
13224 	 -3.684
13232 	 -3.672
13238 	 -3.352
13240 	 -3.632
13250 	 -3.488
13254 	 -3.571
13256 	 -3.615
13258 	 -3.613
13262 	 -3.595
13268 	 -3.557
13270 	 -3.627
13278 	 -3.665
13282 	 -3.584
13286 	 -3.566
13292 	 -3.602
13316 	 -3.524
13340 	 -2.357
13358 	 -2.355
13366 	 -1.739
13380 	 -1.828
13382 	 -1.68
13384 	 -1.713
13386 	 -1.709
13394 	 -1.437
13410 	 -1.499
13420 	 -1.495
13440 	 -1.524
13442 	 -1.513
13450 	 -1.439
13458 	 -1.464
13460 	 -1.319
13462 	 -1.271
13470 	 -1.127
13476 	 -1.014
13490 	 -0.975
13496 	 -0.843
13506 	 -0.788
13508 	 -0.59
13514 	 -0.582
13522 	 -0.581
13526 	 -0.459
13552 	 -0.408
13562 	 -0.374
13564 	 -0.36
13568 	 -0.351
13586 	 -0.269
13612 	 -0.247
13616 	 -0.236
13640 	 -0.214
13666 	 -0.208
13670 	 -0.199
13690 	 -0.198
13692 	 -0.122
13726 	 -0.121
13738 	 -0.113
13756 	 -0.105
13796 	 -0.094
13806 	 -0.086
13828 	 -0.085
13850 	 -0.076
13880 	 -0.073
13882 	 -0.059
13884 	 -0.058
13898 	 -0.054
13906 	 -0.047
14084 	 -0.046
14112 	 -0.038
14180 	 -0.024
14186 	 -0.023
14300 	 -0.021
14316 	 -0.019
15000 	 -1.382
15024 	 -1.52
15050 	 -2.016
15078 	 -2.344
15112 	 -2.395
15158 	 -2.513
15162 	 -2.533
15174 	 -2.51
15186 	 -2.326
15216 	 -2.053
15232 	 -1.877
15238 	 -1.977
15262 	 -2.206
15268 	 -2.12
15282 	 -1.987
15298 	 -1.814
15308 	 -1.833
15310 	 -1.895
15334 	 -2.039
15336 	 -2.486
15346 	 -2.46
15354 	 -2.56
15356 	 -2.815
15372 	 -2.638
15374 	 -2.068
15400 	 -1.39
15422 	 -1.064
15456 	 -0.671
15460 	 -0.532
15486 	 -0.247
15490 	 -0.16
15558 	 -0.055
15574 	 -0.026
15660 	 -0.023
15864 	 -0.011
15904 	 -0.003
15916 	 0
18000 	 -2.128
18020 	 -2.245
18042 	 -2.757
18064 	 -2.888
18088 	 -2.367
18120 	 -1.886
18154 	 -2.464
18180 	 -2.2
18190 	 -2.729
18234 	 -3.326
18252 	 -3.318
18262 	 -2.945
18270 	 -2.622
18278 	 -2.601
18286 	 -2.554
18296 	 -3.827
18316 	 -3.842
18328 	 -4.33
18336 	 -4.213
18342 	 -4.316
18348 	 -4.119
18360 	 -3.994
18368 	 -3.382
18384 	 -3.41
18402 	 -2.618
18420 	 -1.35
18426 	 -1.174
18434 	 -0.938
18448 	 -0.258
18472 	 -0.198
18552 	 -0.02
18864 	 -0.004
19002 	 0
21000 	 -1.44
21001 	 -1.44
