0 	 0
3000 	 -1.376
3024 	 -1.496
3050 	 -1.88
3062 	 -2.472
3078 	 -3.176
3112 	 -3.62
3158 	 -3.808
3164 	 -3.728
3186 	 -2.828
3198 	 -2.688
3216 	 -1.912
3232 	 -1.736
3238 	 -1.364
3262 	 -0.608
3296 	 -0.264
3400 	 -0.024
3636 	 -0.008
3904 	 0
6000 	 -2.478
6020 	 -2.638
6042 	 -3.286
6064 	 -3.582
6088 	 -3.11
6120 	 -2.686
6138 	 -2.872
6154 	 -3.312
6180 	 -3.048
6190 	 -3.516
6198 	 -3.5
6234 	 -3.9
6284 	 -4.203
6296 	 -4.179
6346 	 -4.159
6360 	 -2.871
6374 	 -2.271
6376 	 -1.719
6424 	 -1.319
6444 	 -0.761
6504 	 -0.637
6506 	 -0.613
6552 	 -0.501
6634 	 -0.359
6704 	 -0.331
6710 	 -0.307
6726 	 -0.295
6728 	 -0.267
6782 	 -0.263
6894 	 -0.165
6990 	 -0.145
6994 	 -0.125
7002 	 -0.093
7272 	 -0.089
7278 	 -0.085
7290 	 -0.073
7324 	 -0.025
9000 	 -1.433
9024 	 -1.537
9050 	 -2.497
9078 	 -3.177
9112 	 -3.761
9158 	 -3.713
9162 	 -3.797
9174 	 -3.705
9186 	 -2.857
9216 	 -3.589
9232 	 -3.413
9238 	 -3.801
9262 	 -1.973
9268 	 -1.305
9298 	 -0.417
9304 	 -0.413
9306 	 -0.409
9334 	 -0.277
9400 	 -0.025
9660 	 -0.009
9904 	 -0.001
12000 	 -2.54
12002 	 -2.421
12004 	 -2.541
12006 	 -2.454
12008 	 -3.693
12010 	 -4.166
12012 	 -4.807
12018 	 -4.865
12020 	 -5.314
12032 	 -5.28
12034 	 -5.319
12040 	 -5.513
12042 	 -5.989
12064 	 -6.065
12070 	 -6.424
12082 	 -6.512
12086 	 -6.708
12088 	 -6.096
12098 	 -6.166
12100 	 -6.07
12114 	 -6.211
12120 	 -5.683
12130 	 -5.47
12132 	 -5.763
12154 	 -6.799
12156 	 -7.185
12178 	 -7.2
12180 	 -7.106
12184 	 -6.958
12186 	 -6.983
12190 	 -7.299
12192 	 -7.424
12200 	 -7.212
12210 	 -7.349
12212 	 -8.393
12226 	 -8.384
12230 	 -8.235
12234 	 -9.583
12236 	 -9.701
12242 	 -9.74
12248 	 -9.665
12252 	 -8.91
12254 	 -9.033
12260 	 -9.076
12264 	 -9.011
12272 	 -9.01
12274 	 -7.758
12276 	 -7.964
12282 	 -7.667
12286 	 -7.718
12290 	 -7.446
12296 	 -7.686
12304 	 -7.525
12320 	 -7.527
12324 	 -6.923
12328 	 -6.994
12330 	 -6.994
12332 	 -7.026
12336 	 -6.929
12338 	 -6.677
12340 	 -6.594
12344 	 -5.798
12350 	 -5.748
12352 	 -5.815
12354 	 -5.803
12358 	 -5.784
12360 	 -4.832
12376 	 -4.917
12378 	 -4.793
12380 	 -4.758
12382 	 -4.613
12384 	 -4.516
12386 	 -4.415
12398 	 -4.345
12402 	 -4.166
12404 	 -3.894
12432 	 -3.949
12438 	 -3.399
12452 	 -3.372
12456 	 -3.268
12464 	 -3.135
12474 	 -3.062
12480 	 -2.946
12494 	 -2.942
12496 	 -2.874
12502 	 -2.973
12510 	 -2.964
12512 	 -2.929
12516 	 -2.892
12528 	 -2.622
12532 	 -2.613
12534 	 -3.053
12548 	 -3.316
12550 	 -3.19
12552 	 -3.07
12566 	 -3.2
12570 	 -3.169
12586 	 -2.97
12590 	 -2.94
12600 	 -2.785
12604 	 -2.78
12618 	 -2.772
12624 	 -2.229
12658 	 -2.054
12662 	 -2.176
12664 	 -2.122
12682 	 -2.211
12696 	 -2.142
12700 	 -2.226
12716 	 -2.131
12736 	 -1.741
12768 	 -1.856
12772 	 -1.88
12784 	 -2.032
12788 	 -2.265
12798 	 -2.255
12800 	 -2.301
12802 	 -2.569
12806 	 -3.332
12814 	 -3.33
12826 	 -3.333
12836 	 -3.189
12840 	 -3.307
12856 	 -3.033
12858 	 -3.04
12864 	 -3.021
12866 	 -3.016
12868 	 -3.03
12870 	 -3.042
12874 	 -3.008
12876 	 -3.318
12882 	 -3.346
12888 	 -3.457
12896 	 -3.461
12900 	 -3.221
12902 	 -3.289
12908 	 -3.012
12918 	 -2.988
12920 	 -3.085
12924 	 -2.726
12930 	 -2.798
12942 	 -3.036
12944 	 -3.069
12946 	 -2.943
12954 	 -2.94
12956 	 -3.034
12960 	 -3.024
12970 	 -2.727
12976 	 -2.639
12978 	 -2.632
12982 	 -2.705
12986 	 -2.694
12990 	 -2.688
12994 	 -2.686
12996 	 -2.697
13002 	 -2.57
13004 	 -2.688
13012 	 -2.671
13016 	 -2.571
13018 	 -2.568
13020 	 -2.507
13024 	 -2.574
13030 	 -2.575
13032 	 -2.542
13034 	 -2.511
13040 	 -3.092
13042 	 -3.141
13048 	 -3.095
13052 	 -3.14
13056 	 -3.31
13064 	 -3.265
13066 	 -3.366
13070 	 -3.482
13072 	 -3.088
13080 	 -3.082
13088 	 -2.997
13092 	 -2.912
13094 	 -2.774
13104 	 -2.798
13106 	 -2.78
13114 	 -2.832
13116 	 -2.613
13118 	 -2.685
13130 	 -2.578
13132 	 -2.545
13134 	 -2.552
13140 	 -2.522
13148 	 -2.717
13154 	 -2.521
13158 	 -2.234
13164 	 -2.421
13174 	 -2.389
13178 	 -2.074
13182 	 -1.971
13188 	 -1.964
13194 	 -2.157
13196 	 -2.011
13200 	 -2.048
13206 	 -2.022
13210 	 -1.989
13216 	 -1.973
13220 	 -1.754
13222 	 -1.828
13232 	 -1.816
13234 	 -1.784
13244 	 -1.873
13250 	 -1.821
13252 	 -1.976
13254 	 -1.951
13258 	 -1.949
13266 	 -2.194
13282 	 -2.323
13288 	 -2.456
13340 	 -2.813
13362 	 -2.876
13386 	 -2.916
13394 	 -3.176
13398 	 -3.195
13404 	 -3.216
13420 	 -3.079
13422 	 -2.903
13436 	 -3.078
13442 	 -3.038
13450 	 -2.896
13462 	 -2.899
13468 	 -2.885
13472 	 -2.765
13476 	 -2.704
13482 	 -3.095
13500 	 -3.07
13502 	 -3.043
13512 	 -2.939
13522 	 -2.919
13524 	 -2.803
13532 	 -2.781
13540 	 -2.816
13546 	 -2.872
13586 	 -2.792
13606 	 -2.752
13608 	 -2.739
13610 	 -2.735
13630 	 -2.743
13634 	 -2.854
13638 	 -2.85
13650 	 -2.747
13654 	 -2.638
13658 	 -2.681
13662 	 -2.826
13680 	 -2.845
13684 	 -2.858
13688 	 -2.793
13692 	 -2.869
13708 	 -2.568
13712 	 -2.567
13722 	 -2.634
13726 	 -2.633
13730 	 -2.655
13736 	 -2.62
13740 	 -2.686
13754 	 -2.614
13760 	 -2.332
13766 	 -2.312
13774 	 -2.306
13780 	 -2.264
13784 	 -2.3
13790 	 -2.243
13804 	 -2.275
13808 	 -2.174
13810 	 -2.074
13826 	 -1.827
13836 	 -1.824
13840 	 -1.792
13842 	 -1.772
13846 	 -1.758
13852 	 -1.755
13860 	 -1.682
13880 	 -1.815
13884 	 -1.814
13886 	 -1.811
13888 	 -1.799
13892 	 -1.793
13894 	 -1.732
13904 	 -1.722
13922 	 -1.583
13930 	 -1.582
13934 	 -1.572
13942 	 -1.577
13944 	 -1.564
13954 	 -1.559
13958 	 -1.237
13964 	 -1.39
13970 	 -1.237
13974 	 -1.229
13980 	 -1.21
13990 	 -1.136
13998 	 -1.111
14000 	 -0.973
14010 	 -0.956
14018 	 -0.908
14022 	 -0.879
14044 	 -0.495
14046 	 -0.461
14048 	 -0.437
14050 	 -0.432
14058 	 -0.441
14072 	 -0.392
14074 	 -0.386
14082 	 -0.356
14086 	 -0.354
14092 	 -0.24
14094 	 -0.224
14096 	 -0.22
14104 	 -0.208
14108 	 -0.204
14112 	 -0.186
14116 	 -0.146
14134 	 -0.139
14144 	 -0.135
14152 	 -0.131
14158 	 -0.111
14160 	 -0.11
14162 	 -0.102
14176 	 -0.101
14210 	 -0.085
14272 	 -0.083
14276 	 -0.079
14278 	 -0.077
14280 	 -0.066
14306 	 -0.062
14310 	 -0.059
14322 	 -0.041
14328 	 -0.036
14368 	 -0.033
14552 	 -0.032
15000 	 -1.379
15024 	 -1.52
15050 	 -2.155
15078 	 -2.61
15112 	 -2.833
15158 	 -2.691
15162 	 -2.732
15174 	 -2.684
15186 	 -1.985
15216 	 -2.209
15232 	 -2.033
15238 	 -2.161
15262 	 -1.037
15268 	 -0.865
15282 	 -0.6
15298 	 -0.253
15346 	 -0.201
15400 	 -0.015
15660 	 -0.009
15904 	 -0.001
18000 	 -2.128
18020 	 -2.218
18042 	 -2.634
18064 	 -2.648
18088 	 -1.99
18120 	 -1.324
18154 	 -1.92
18180 	 -1.656
18190 	 -1.842
18234 	 -2.476
18252 	 -2.46
18270 	 -1.814
18278 	 -1.772
18286 	 -1.678
18296 	 -1.51
18316 	 -1.54
18336 	 -1.306
18342 	 -1.272
18348 	 -0.878
18360 	 -0.236
18402 	 -0.084
18552 	 -0.008
19002 	 0
21000 	 -1.44
21001 	 -1.44
