0 	 0
3000 	 -1.376
3024 	 -1.496
3050 	 -1.88
3062 	 -2.472
3078 	 -3.176
3112 	 -3.62
3158 	 -3.808
3164 	 -3.728
3186 	 -2.828
3198 	 -2.688
3216 	 -1.912
3232 	 -1.736
3238 	 -1.364
3262 	 -0.608
3296 	 -0.264
3400 	 -0.024
3636 	 -0.008
3904 	 0
6000 	 -2.478
6020 	 -2.638
6042 	 -3.286
6064 	 -3.582
6088 	 -3.11
6120 	 -2.686
6138 	 -2.872
6154 	 -3.312
6180 	 -3.048
6190 	 -3.516
6198 	 -3.5
6234 	 -3.9
6284 	 -4.203
6296 	 -4.179
6346 	 -4.159
6360 	 -2.871
6374 	 -2.271
6376 	 -1.719
6424 	 -1.319
6444 	 -0.761
6504 	 -0.637
6506 	 -0.613
6552 	 -0.501
6634 	 -0.359
6704 	 -0.331
6710 	 -0.307
6726 	 -0.295
6728 	 -0.267
6782 	 -0.263
6894 	 -0.165
6990 	 -0.145
6994 	 -0.125
7002 	 -0.093
7272 	 -0.089
7278 	 -0.085
7290 	 -0.073
7324 	 -0.025
9000 	 -1.433
9024 	 -1.537
9050 	 -2.497
9078 	 -3.177
9112 	 -3.761
9158 	 -3.713
9162 	 -3.797
9174 	 -3.705
9186 	 -2.857
9216 	 -3.589
9232 	 -3.413
9238 	 -3.801
9262 	 -1.973
9268 	 -1.305
9298 	 -0.417
9304 	 -0.413
9306 	 -0.409
9334 	 -0.277
9400 	 -0.025
9660 	 -0.009
9904 	 -0.001
12000 	 -2.54
12002 	 -2.421
12004 	 -2.501
12006 	 -2.414
12008 	 -3.242
12010 	 -3.715
12012 	 -4.141
12018 	 -4.199
12020 	 -4.535
12032 	 -4.501
12034 	 -4.54
12040 	 -4.646
12042 	 -5.122
12064 	 -5.198
12070 	 -5.382
12082 	 -5.47
12086 	 -5.666
12088 	 -5.054
12098 	 -5.124
12100 	 -5.107
12120 	 -4.579
12130 	 -4.373
12132 	 -4.67
12154 	 -5.706
12156 	 -6.092
12160 	 -6.45
12178 	 -6.528
12180 	 -6.464
12190 	 -6.78
12192 	 -6.962
12198 	 -6.94
12200 	 -7.066
12206 	 -7.189
12212 	 -8.233
12230 	 -8.448
12234 	 -9.796
12236 	 -9.808
12246 	 -10.104
12252 	 -9.388
12254 	 -9.287
12256 	 -9.27
12260 	 -9.313
12272 	 -9.312
12274 	 -8.06
12276 	 -7.85
12282 	 -7.693
12286 	 -7.761
12290 	 -7.489
12296 	 -7.729
12304 	 -7.685
12310 	 -8.165
12314 	 -8.095
12324 	 -7.491
12328 	 -7.766
12332 	 -7.798
12334 	 -7.733
12338 	 -7.481
12340 	 -7.398
12344 	 -6.602
12350 	 -6.543
12354 	 -6.531
12358 	 -6.464
12360 	 -5.796
12376 	 -5.841
12380 	 -5.961
12382 	 -5.937
12384 	 -5.84
12386 	 -5.768
12388 	 -5.76
12392 	 -5.718
12394 	 -5.852
12396 	 -5.941
12404 	 -5.591
12432 	 -5.839
12438 	 -5.356
12452 	 -5.329
12456 	 -5.63
12462 	 -5.605
12464 	 -5.543
12468 	 -5.481
12474 	 -5.408
12476 	 -5.569
12480 	 -5.453
12494 	 -5.449
12496 	 -5.381
12498 	 -5.015
12502 	 -5.254
12508 	 -5.25
12512 	 -5.091
12514 	 -5.026
12516 	 -5.397
12528 	 -5.127
12536 	 -5.08
12548 	 -5.069
12550 	 -4.734
12552 	 -4.614
12558 	 -4.951
12566 	 -4.97
12568 	 -5.369
12570 	 -5.338
12576 	 -5.334
12582 	 -5.469
12586 	 -5.713
12588 	 -5.659
12590 	 -5.629
12602 	 -5.788
12604 	 -5.783
12618 	 -5.773
12624 	 -5.246
12628 	 -5.198
12638 	 -5.04
12646 	 -5.258
12652 	 -5.203
12658 	 -5.188
12662 	 -4.949
12664 	 -4.895
12678 	 -4.971
12696 	 -4.794
12706 	 -4.924
12716 	 -4.715
12718 	 -4.779
12736 	 -4.468
12754 	 -4.404
12762 	 -4.406
12766 	 -3.971
12768 	 -3.818
12776 	 -3.808
12778 	 -3.804
12784 	 -3.709
12790 	 -3.86
12796 	 -3.832
12798 	 -3.822
12802 	 -3.803
12810 	 -3.776
12814 	 -3.824
12818 	 -3.766
12824 	 -3.767
12836 	 -3.605
12838 	 -4.075
12848 	 -4.1
12850 	 -4.547
12856 	 -4.482
12858 	 -4.359
12862 	 -4.451
12864 	 -4.394
12874 	 -4.386
12876 	 -4.382
12878 	 -4.365
12880 	 -4.63
12882 	 -4.739
12888 	 -4.736
12902 	 -4.45
12906 	 -4.376
12912 	 -4.305
12914 	 -4.253
12916 	 -3.842
12918 	 -3.818
12924 	 -3.717
12926 	 -3.652
12928 	 -3.613
12930 	 -3.735
12936 	 -3.718
12940 	 -3.715
12942 	 -3.347
12944 	 -3.204
12946 	 -3.186
12954 	 -3.183
12956 	 -2.892
12964 	 -2.952
12966 	 -2.94
12970 	 -2.736
12972 	 -2.639
12976 	 -2.462
12980 	 -2.314
12984 	 -2.373
12986 	 -2.342
12988 	 -2.457
12990 	 -2.454
12992 	 -2.564
12994 	 -2.468
12996 	 -2.414
13002 	 -2.583
13006 	 -2.575
13014 	 -2.613
13016 	 -2.485
13022 	 -2.523
13024 	 -2.269
13028 	 -2.237
13032 	 -2.204
13034 	 -2.2
13036 	 -2.158
13048 	 -2.233
13050 	 -2.168
13056 	 -2.138
13060 	 -2.073
13066 	 -2.154
13072 	 -2.047
13078 	 -2.016
13080 	 -2.01
13094 	 -1.868
13112 	 -2.315
13118 	 -2.34
13132 	 -2.8
13136 	 -2.9
13144 	 -2.874
13170 	 -2.981
13174 	 -2.647
13176 	 -2.62
13180 	 -2.714
13182 	 -2.63
13184 	 -2.649
13186 	 -2.579
13206 	 -2.519
13212 	 -2.293
13228 	 -1.965
13232 	 -1.896
13238 	 -1.881
13240 	 -1.842
13244 	 -1.837
13248 	 -1.646
13258 	 -1.542
13268 	 -1.535
13274 	 -1.501
13280 	 -1.556
13286 	 -1.667
13296 	 -1.59
13304 	 -1.588
13308 	 -1.557
13324 	 -1.528
13340 	 -1.573
13372 	 -1.577
13378 	 -1.604
13388 	 -1.634
13402 	 -1.622
13410 	 -1.601
13414 	 -1.663
13422 	 -1.685
13436 	 -1.596
13442 	 -1.556
13444 	 -1.573
13446 	 -1.623
13454 	 -1.622
13462 	 -1.485
13466 	 -1.477
13476 	 -1.473
13486 	 -1.354
13494 	 -1.128
13498 	 -1
13512 	 -0.97
13516 	 -0.957
13520 	 -0.847
13532 	 -0.839
13536 	 -0.835
13542 	 -0.791
13544 	 -0.761
13560 	 -0.746
13564 	 -0.715
13586 	 -0.737
13608 	 -0.692
13622 	 -0.684
13630 	 -0.562
13652 	 -0.508
13654 	 -0.501
13664 	 -0.484
13668 	 -0.454
13676 	 -0.304
13694 	 -0.233
13712 	 -0.219
13726 	 -0.218
13730 	 -0.205
13734 	 -0.111
13796 	 -0.102
13808 	 -0.097
13814 	 -0.093
13820 	 -0.092
13848 	 -0.09
13860 	 -0.063
13884 	 -0.062
13890 	 -0.058
13922 	 -0.052
13964 	 -0.042
13992 	 -0.035
14046 	 -0.027
14060 	 -0.026
14114 	 -0.022
14238 	 -0.02
14292 	 -0.018
14502 	 -0.017
15000 	 -1.377
15024 	 -1.497
15050 	 -2.025
15078 	 -2.342
15112 	 -2.38
15158 	 -2.354
15162 	 -2.375
15174 	 -2.351
15186 	 -1.957
15216 	 -1.768
15232 	 -1.592
15238 	 -1.657
15262 	 -1.396
15268 	 -1.31
15282 	 -1.178
15298 	 -1.004
15310 	 -1.044
15336 	 -1.343
15346 	 -1.317
15356 	 -1.488
15374 	 -1.098
15400 	 -0.701
15422 	 -0.542
15456 	 -0.277
15486 	 -0.089
15558 	 -0.025
15660 	 -0.022
15708 	 -0.01
15864 	 -0.008
15904 	 0
18000 	 -2.128
18020 	 -2.227
18042 	 -2.675
18064 	 -2.726
18088 	 -2.125
18120 	 -1.552
18154 	 -1.968
18180 	 -1.704
18190 	 -1.963
18234 	 -2.362
18252 	 -2.354
18262 	 -2.168
18270 	 -1.845
18278 	 -1.824
18286 	 -1.777
18296 	 -2.335
18316 	 -2.35
18328 	 -2.594
18336 	 -2.477
18342 	 -2.52
18348 	 -2.323
18360 	 -2.064
18368 	 -1.758
18384 	 -1.772
18402 	 -1.338
18420 	 -0.704
18426 	 -0.616
18434 	 -0.498
18448 	 -0.158
18472 	 -0.128
18552 	 -0.012
18864 	 -0.004
19002 	 0
21000 	 -1.44
21001 	 -1.44
