0 	 0
3000 	 -1.376
3024 	 -1.496
3050 	 -1.88
3062 	 -2.472
3078 	 -3.176
3112 	 -3.62
3158 	 -3.808
3164 	 -3.728
3186 	 -2.828
3198 	 -2.688
3216 	 -1.912
3232 	 -1.736
3238 	 -1.364
3262 	 -0.608
3296 	 -0.264
3400 	 -0.024
3636 	 -0.008
3904 	 0
6000 	 -2.478
6020 	 -2.638
6042 	 -3.286
6064 	 -3.582
6088 	 -3.11
6120 	 -2.686
6138 	 -2.872
6154 	 -3.312
6180 	 -3.048
6190 	 -3.516
6198 	 -3.5
6234 	 -3.9
6284 	 -4.203
6296 	 -4.179
6346 	 -4.159
6360 	 -2.871
6374 	 -2.271
6376 	 -1.719
6424 	 -1.319
6444 	 -0.761
6504 	 -0.637
6506 	 -0.613
6552 	 -0.501
6634 	 -0.359
6704 	 -0.331
6710 	 -0.307
6726 	 -0.295
6728 	 -0.267
6782 	 -0.263
6894 	 -0.165
6990 	 -0.145
6994 	 -0.125
7002 	 -0.093
7272 	 -0.089
7278 	 -0.085
7290 	 -0.073
7324 	 -0.025
9000 	 -1.433
9024 	 -1.537
9050 	 -2.497
9078 	 -3.177
9112 	 -3.761
9158 	 -3.713
9162 	 -3.797
9174 	 -3.705
9186 	 -2.857
9216 	 -3.589
9232 	 -3.413
9238 	 -3.801
9262 	 -1.973
9268 	 -1.305
9298 	 -0.417
9304 	 -0.413
9306 	 -0.409
9334 	 -0.277
9400 	 -0.025
9660 	 -0.009
9904 	 -0.001
12000 	 -2.54
12002 	 -2.421
12004 	 -2.501
12006 	 -2.414
12008 	 -3.236
12010 	 -3.709
12012 	 -4.139
12018 	 -4.197
12020 	 -4.539
12032 	 -4.505
12034 	 -4.544
12040 	 -4.72
12042 	 -5.196
12064 	 -5.272
12070 	 -5.639
12082 	 -5.714
12088 	 -5.102
12100 	 -5.062
12120 	 -4.534
12130 	 -4.282
12154 	 -5.318
12156 	 -5.631
12160 	 -5.989
12178 	 -6.176
12180 	 -5.912
12186 	 -5.964
12190 	 -6.28
12192 	 -6.6
12198 	 -6.578
12200 	 -6.751
12206 	 -6.741
12212 	 -7.785
12230 	 -8.118
12234 	 -9.466
12236 	 -9.941
12246 	 -10.265
12252 	 -9.549
12254 	 -9.347
12256 	 -9.333
12264 	 -9.691
12274 	 -8.439
12276 	 -8.334
12282 	 -8.148
12286 	 -8.338
12290 	 -8.066
12296 	 -8.306
12304 	 -8.076
12310 	 -8.167
12312 	 -8.198
12314 	 -7.961
12324 	 -7.327
12332 	 -7.374
12334 	 -7.309
12338 	 -7.057
12340 	 -6.974
12344 	 -6.178
12350 	 -6.123
12352 	 -6.445
12354 	 -6.321
12358 	 -6.254
12360 	 -5.302
12368 	 -5.271
12372 	 -5.256
12376 	 -5.078
12380 	 -5.081
12382 	 -4.976
12384 	 -4.879
12392 	 -4.837
12394 	 -4.687
12402 	 -4.402
12404 	 -4.052
12410 	 -4.039
12432 	 -3.956
12438 	 -3.462
12446 	 -3.424
12448 	 -3.478
12452 	 -3.485
12454 	 -3.362
12456 	 -3.521
12466 	 -3.818
12474 	 -3.745
12480 	 -3.629
12484 	 -3.572
12488 	 -3.721
12494 	 -3.837
12496 	 -3.769
12498 	 -3.73
12502 	 -3.722
12512 	 -3.939
12528 	 -3.84
12532 	 -3.808
12542 	 -4.039
12548 	 -4.028
12550 	 -3.998
12552 	 -3.878
12564 	 -3.872
12570 	 -3.841
12576 	 -3.817
12578 	 -3.803
12582 	 -3.597
12584 	 -3.776
12586 	 -3.747
12624 	 -3.084
12642 	 -3.069
12646 	 -3.126
12648 	 -3.13
12654 	 -2.911
12658 	 -2.896
12666 	 -2.89
12668 	 -2.931
12672 	 -2.919
12688 	 -3.22
12692 	 -2.924
12694 	 -2.952
12700 	 -3.328
12722 	 -3.075
12736 	 -2.756
12750 	 -2.662
12754 	 -2.457
12766 	 -2.375
12776 	 -2.365
12778 	 -2.337
12786 	 -2.33
12792 	 -2.193
12798 	 -2.183
12806 	 -2.18
12808 	 -1.984
12818 	 -2.085
12844 	 -2.247
12852 	 -2.581
12854 	 -2.473
12872 	 -2.522
12876 	 -2.518
12886 	 -2.517
12894 	 -2.367
12918 	 -2.322
12924 	 -2.547
12932 	 -2.616
12934 	 -2.773
12936 	 -2.804
12942 	 -2.816
12946 	 -3.136
12954 	 -3.133
12956 	 -3.747
12958 	 -3.887
12962 	 -3.82
12964 	 -4.048
12970 	 -4.239
12986 	 -4.31
12990 	 -4.304
12994 	 -4.238
12996 	 -4.222
13004 	 -3.944
13006 	 -4.085
13008 	 -4.428
13012 	 -4.438
13020 	 -4.551
13022 	 -4.571
13026 	 -4.294
13032 	 -4.253
13042 	 -4.395
13048 	 -4.392
13050 	 -4.467
13056 	 -4.437
13060 	 -4.418
13082 	 -3.28
13088 	 -3.348
13090 	 -3.375
13100 	 -3.454
13106 	 -3.581
13116 	 -3.566
13120 	 -3.452
13124 	 -3.504
13132 	 -3.11
13138 	 -3.108
13140 	 -2.961
13144 	 -2.928
13148 	 -2.833
13152 	 -3.008
13156 	 -2.861
13160 	 -2.722
13162 	 -2.876
13168 	 -2.869
13176 	 -2.871
13178 	 -3.078
13180 	 -3.122
13182 	 -3.121
13190 	 -3.642
13196 	 -3.522
13198 	 -3.44
13200 	 -3.52
13208 	 -3.744
13210 	 -3.674
13212 	 -3.765
13222 	 -3.838
13224 	 -3.902
13232 	 -3.692
13236 	 -3.594
13238 	 -3.518
13240 	 -3.584
13252 	 -3.54
13260 	 -3.673
13262 	 -3.457
13266 	 -3.44
13276 	 -3.324
13284 	 -3.618
13292 	 -3.585
13302 	 -3.531
13308 	 -2.948
13316 	 -2.764
13328 	 -2.456
13340 	 -2.082
13344 	 -1.963
13346 	 -1.946
13350 	 -2.041
13352 	 -2.192
13356 	 -2.079
13374 	 -1.566
13388 	 -1.55
13392 	 -1.512
13396 	 -1.823
13398 	 -1.881
13416 	 -2.086
13424 	 -2.14
13430 	 -2.239
13434 	 -2.305
13442 	 -2.466
13454 	 -2.547
13476 	 -2.56
13480 	 -2.597
13490 	 -2.588
13508 	 -2.65
13510 	 -2.651
13514 	 -2.682
13516 	 -2.749
13518 	 -2.734
13534 	 -2.717
13540 	 -2.733
13542 	 -2.584
13550 	 -2.516
13558 	 -2.268
13566 	 -2.258
13574 	 -2.553
13580 	 -2.402
13582 	 -2.274
13594 	 -2.403
13602 	 -2.366
13606 	 -2.347
13608 	 -2.338
13614 	 -2.379
13624 	 -2.349
13632 	 -2.298
13636 	 -2.174
13640 	 -2.167
13644 	 -2.164
13650 	 -2.135
13662 	 -2.32
13668 	 -2.316
13672 	 -2.248
13674 	 -2.24
13680 	 -2.288
13690 	 -2.313
13698 	 -2.347
13704 	 -2.367
13716 	 -2.275
13722 	 -2.379
13730 	 -2.357
13736 	 -2.065
13740 	 -1.972
13758 	 -1.88
13770 	 -1.823
13782 	 -1.86
13802 	 -1.882
13804 	 -1.87
13820 	 -1.834
13828 	 -1.915
13836 	 -2.05
13848 	 -2.049
13854 	 -2.012
13870 	 -2.042
13876 	 -1.875
13878 	 -1.86
13884 	 -1.859
13888 	 -1.929
13894 	 -1.885
13896 	 -1.87
13906 	 -1.862
13930 	 -1.885
13936 	 -1.922
13944 	 -1.854
13966 	 -1.999
13968 	 -2.01
13986 	 -2.037
13992 	 -2.035
13996 	 -1.998
13998 	 -2.026
14002 	 -1.805
14010 	 -1.775
14014 	 -1.756
14018 	 -1.759
14034 	 -1.68
14042 	 -1.556
14044 	 -1.796
14056 	 -1.826
14062 	 -1.76
14068 	 -1.756
14078 	 -1.741
14098 	 -1.563
14100 	 -1.126
14114 	 -1.1
14118 	 -1.033
14128 	 -1.016
14132 	 -1.006
14138 	 -0.993
14142 	 -0.942
14144 	 -0.831
14164 	 -0.782
14168 	 -0.648
14170 	 -0.625
14180 	 -0.618
14196 	 -0.589
14204 	 -0.578
14240 	 -0.567
14242 	 -0.551
14248 	 -0.544
14254 	 -0.538
14268 	 -0.529
14274 	 -0.525
14330 	 -0.625
14358 	 -0.621
14394 	 -0.619
14404 	 -0.703
14406 	 -0.662
14420 	 -0.661
14474 	 -0.643
14480 	 -0.622
14484 	 -0.621
14496 	 -0.611
14516 	 -0.609
14536 	 -0.608
14566 	 -0.514
14578 	 -0.512
14590 	 -0.477
14648 	 -0.446
14682 	 -0.444
14716 	 -0.357
14732 	 -0.326
14786 	 -0.215
14854 	 -0.112
14902 	 -0.106
15000 	 -1.409
15024 	 -1.559
15050 	 -2.171
15078 	 -2.629
15112 	 -2.879
15158 	 -2.866
15162 	 -2.887
15164 	 -2.875
15174 	 -2.852
15186 	 -2.371
15216 	 -2.546
15232 	 -2.37
15238 	 -2.497
15262 	 -1.825
15266 	 -1.795
15268 	 -1.709
15276 	 -1.555
15282 	 -1.422
15298 	 -1.249
15300 	 -1.066
15310 	 -1.107
15324 	 -1.103
15336 	 -1.402
15346 	 -1.376
15356 	 -1.546
15374 	 -1.161
15400 	 -0.718
15422 	 -0.558
15456 	 -0.295
15486 	 -0.106
15558 	 -0.039
15660 	 -0.036
15668 	 -0.032
15708 	 -0.026
15804 	 -0.019
15864 	 -0.014
15904 	 -0.006
16208 	 -0.004
18000 	 -2.128
18020 	 -2.236
18042 	 -2.716
18064 	 -2.81
18088 	 -2.232
18120 	 -1.658
18154 	 -2.416
18180 	 -2.152
18190 	 -2.608
18234 	 -3.44
18252 	 -3.424
18262 	 -3.238
18270 	 -2.592
18278 	 -2.55
18286 	 -2.456
18296 	 -3.002
18316 	 -3.032
18328 	 -3.276
18336 	 -3.042
18342 	 -3.068
18348 	 -2.674
18360 	 -2.166
18368 	 -1.86
18384 	 -1.874
18402 	 -1.364
18420 	 -0.73
18426 	 -0.642
18434 	 -0.524
18448 	 -0.184
18472 	 -0.154
18552 	 -0.016
18864 	 -0.008
19002 	 0
21000 	 -1.44
21001 	 -1.44
