0 	 0
3000 	 -1.376
3024 	 -1.496
3050 	 -1.88
3062 	 -2.472
3078 	 -3.176
3112 	 -3.62
3158 	 -3.808
3164 	 -3.728
3186 	 -2.828
3198 	 -2.688
3216 	 -1.912
3232 	 -1.736
3238 	 -1.364
3262 	 -0.608
3296 	 -0.264
3400 	 -0.024
3636 	 -0.008
3904 	 0
6000 	 -2.478
6020 	 -2.638
6042 	 -3.286
6064 	 -3.582
6088 	 -3.11
6120 	 -2.686
6138 	 -2.872
6154 	 -3.312
6180 	 -3.048
6190 	 -3.516
6198 	 -3.5
6234 	 -3.9
6284 	 -4.203
6296 	 -4.179
6346 	 -4.159
6360 	 -2.871
6374 	 -2.271
6376 	 -1.719
6424 	 -1.319
6444 	 -0.761
6504 	 -0.637
6506 	 -0.613
6552 	 -0.501
6634 	 -0.359
6704 	 -0.331
6710 	 -0.307
6726 	 -0.295
6728 	 -0.267
6782 	 -0.263
6894 	 -0.165
6990 	 -0.145
6994 	 -0.125
7002 	 -0.093
7272 	 -0.089
7278 	 -0.085
7290 	 -0.073
7324 	 -0.025
9000 	 -1.433
9024 	 -1.537
9050 	 -2.497
9078 	 -3.177
9112 	 -3.761
9158 	 -3.713
9162 	 -3.797
9174 	 -3.705
9186 	 -2.857
9216 	 -3.589
9232 	 -3.413
9238 	 -3.801
9262 	 -1.973
9268 	 -1.305
9298 	 -0.417
9304 	 -0.413
9306 	 -0.409
9334 	 -0.277
9400 	 -0.025
9660 	 -0.009
9904 	 -0.001
12000 	 -2.54
12002 	 -2.421
12004 	 -2.541
12006 	 -2.454
12008 	 -3.687
12010 	 -4.16
12012 	 -4.805
12018 	 -4.863
12020 	 -5.318
12032 	 -5.284
12034 	 -5.323
12040 	 -5.587
12042 	 -6.063
12064 	 -6.139
12070 	 -6.681
12082 	 -6.756
12088 	 -6.144
12100 	 -6.025
12114 	 -6.166
12120 	 -5.638
12130 	 -5.379
12154 	 -6.415
12156 	 -6.728
12178 	 -6.859
12180 	 -6.595
12184 	 -6.447
12186 	 -6.499
12190 	 -6.815
12192 	 -7.078
12200 	 -6.91
12206 	 -6.9
12210 	 -7.016
12212 	 -8.06
12226 	 -8.051
12230 	 -8.012
12234 	 -9.36
12236 	 -9.835
12248 	 -9.825
12252 	 -9.07
12254 	 -8.767
12256 	 -8.785
12264 	 -9.6
12274 	 -8.348
12276 	 -8.37
12282 	 -8.044
12286 	 -7.872
12290 	 -7.6
12296 	 -7.84
12304 	 -7.253
12312 	 -7.46
12320 	 -7.462
12324 	 -6.606
12330 	 -6.726
12332 	 -6.758
12338 	 -6.506
12340 	 -6.423
12344 	 -5.627
12350 	 -5.475
12354 	 -5.32
12358 	 -5.301
12360 	 -4.588
12368 	 -4.624
12370 	 -4.553
12372 	 -4.377
12376 	 -4.462
12382 	 -4.426
12384 	 -4.329
12394 	 -4.016
12404 	 -3.744
12432 	 -3.612
12438 	 -3.005
12446 	 -2.967
12452 	 -2.974
12456 	 -3.013
12466 	 -3.31
12474 	 -3.237
12480 	 -3.121
12488 	 -3.191
12494 	 -3.187
12496 	 -3.119
12498 	 -2.939
12502 	 -2.816
12512 	 -3.041
12528 	 -2.771
12532 	 -2.762
12542 	 -3.156
12548 	 -3.145
12550 	 -3.041
12552 	 -2.921
12564 	 -2.915
12570 	 -2.884
12576 	 -2.864
12578 	 -2.854
12582 	 -2.395
12602 	 -2.444
12624 	 -2.33
12640 	 -2.355
12648 	 -2.517
12652 	 -2.984
12658 	 -2.969
12660 	 -3.234
12662 	 -3.197
12672 	 -3.185
12692 	 -3.15
12710 	 -2.909
12720 	 -2.826
12722 	 -2.685
12736 	 -2.305
12750 	 -2.211
12762 	 -2.196
12768 	 -2.015
12776 	 -2.173
12792 	 -2.057
12798 	 -2.047
12812 	 -2.182
12814 	 -2.18
12826 	 -2.414
12840 	 -2.281
12844 	 -2.421
12848 	 -2.598
12852 	 -2.529
12858 	 -2.523
12860 	 -2.479
12872 	 -2.678
12876 	 -2.674
12894 	 -2.63
12918 	 -2.889
12920 	 -3.337
12926 	 -3.829
12930 	 -3.803
12936 	 -3.743
12940 	 -3.855
12944 	 -4.165
12946 	 -4.209
12954 	 -4.206
12956 	 -4.295
12958 	 -4.289
12960 	 -4.772
12970 	 -4.768
12972 	 -5.199
12976 	 -4.941
12980 	 -5.105
12984 	 -5.127
12988 	 -5.343
12990 	 -5.334
12994 	 -5.143
12996 	 -5.127
13008 	 -5.016
13012 	 -4.937
13016 	 -4.979
13018 	 -5.484
13020 	 -5.515
13022 	 -5.341
13026 	 -5.241
13034 	 -5.223
13036 	 -5.059
13040 	 -4.928
13048 	 -5.077
13056 	 -4.094
13060 	 -4.262
13070 	 -4.391
13072 	 -4.498
13080 	 -4.75
13084 	 -4.247
13090 	 -4.193
13094 	 -4.098
13098 	 -4.078
13100 	 -4.106
13104 	 -4.192
13106 	 -4.059
13108 	 -3.889
13110 	 -3.856
13130 	 -3.869
13132 	 -3.789
13142 	 -3.38
13150 	 -3.396
13154 	 -3.325
13156 	 -3.249
13164 	 -3.266
13168 	 -3.156
13170 	 -3.189
13174 	 -4.143
13178 	 -4.145
13180 	 -4.18
13186 	 -4.279
13188 	 -4.061
13190 	 -4.011
13196 	 -3.914
13202 	 -3.924
13212 	 -3.833
13216 	 -3.755
13222 	 -3.755
13224 	 -3.751
13228 	 -3.955
13230 	 -3.965
13232 	 -3.923
13236 	 -3.958
13238 	 -3.62
13248 	 -3.553
13254 	 -3.573
13256 	 -3.704
13258 	 -3.662
13262 	 -3.74
13272 	 -3.715
13276 	 -3.572
13278 	 -3.366
13280 	 -3.381
13284 	 -3.332
13298 	 -3.305
13304 	 -2.979
13308 	 -2.917
13320 	 -2.847
13340 	 -2.669
13362 	 -2.697
13374 	 -2.671
13392 	 -2.746
13400 	 -2.674
13402 	 -2.743
13426 	 -2.792
13436 	 -2.788
13438 	 -2.76
13442 	 -2.739
13444 	 -2.774
13454 	 -2.728
13462 	 -2.794
13466 	 -2.718
13476 	 -2.765
13482 	 -2.689
13502 	 -2.671
13504 	 -2.663
13516 	 -2.653
13518 	 -2.346
13520 	 -2.239
13528 	 -2.019
13530 	 -2.08
13542 	 -2.012
13544 	 -2.014
13550 	 -1.992
13564 	 -1.974
13566 	 -1.952
13580 	 -1.927
13582 	 -1.724
13588 	 -1.705
13598 	 -1.609
13600 	 -1.609
13606 	 -1.622
13626 	 -1.537
13648 	 -1.568
13650 	 -1.532
13654 	 -1.53
13658 	 -1.504
13664 	 -1.458
13674 	 -1.499
13706 	 -1.661
13708 	 -1.722
13712 	 -1.708
13734 	 -1.535
13740 	 -1.517
13750 	 -1.535
13752 	 -1.533
13758 	 -1.489
13764 	 -1.477
13766 	 -1.45
13782 	 -1.284
13804 	 -1.224
13824 	 -1.205
13826 	 -1.04
13834 	 -1.017
13840 	 -0.99
13846 	 -0.982
13848 	 -0.981
13856 	 -0.938
13868 	 -0.927
13870 	 -0.91
13880 	 -0.748
13884 	 -0.747
13892 	 -0.931
13900 	 -0.914
13904 	 -0.848
13926 	 -0.832
13940 	 -0.573
13946 	 -0.548
13950 	 -0.544
13958 	 -0.503
13974 	 -0.496
13976 	 -0.377
13992 	 -0.311
14008 	 -0.297
14014 	 -0.24
14034 	 -0.22
14052 	 -0.191
14086 	 -0.185
14094 	 -0.106
14136 	 -0.104
14144 	 -0.1
14146 	 -0.087
14212 	 -0.084
14220 	 -0.082
14248 	 -0.06
14300 	 -0.059
14310 	 -0.051
14316 	 -0.049
14320 	 -0.047
14336 	 -0.046
14388 	 -0.045
14412 	 -0.04
14448 	 -0.036
14560 	 -0.035
15000 	 -1.382
15024 	 -1.523
15050 	 -2.302
15078 	 -2.883
15112 	 -3.324
15158 	 -3.438
15162 	 -3.499
15174 	 -3.427
15186 	 -2.846
15216 	 -3.442
15232 	 -3.266
15238 	 -3.458
15262 	 -2.714
15268 	 -2.456
15282 	 -2.06
15298 	 -1.538
15310 	 -1.599
15336 	 -2.046
15346 	 -1.968
15356 	 -2.224
15374 	 -1.649
15400 	 -1.054
15422 	 -0.815
15456 	 -0.42
15486 	 -0.136
15558 	 -0.034
15660 	 -0.025
15708 	 -0.019
15864 	 -0.01
15904 	 -0.002
18000 	 -2.128
18020 	 -2.254
18042 	 -2.798
18064 	 -2.975
18088 	 -2.46
18120 	 -1.931
18154 	 -3.112
18180 	 -2.848
18190 	 -3.636
18234 	 -5
18252 	 -4.976
18262 	 -4.697
18270 	 -3.728
18278 	 -3.665
18286 	 -3.524
18296 	 -4.415
18316 	 -4.46
18328 	 -4.826
18336 	 -4.475
18342 	 -4.514
18348 	 -3.923
18360 	 -3.233
18368 	 -2.774
18384 	 -2.795
18402 	 -2.03
18420 	 -1.079
18426 	 -0.947
18434 	 -0.77
18448 	 -0.26
18472 	 -0.215
18552 	 -0.024
18864 	 -0.012
19002 	 0
21000 	 -1.44
21001 	 -1.44
