0 	 0
3000 	 -1.376
3024 	 -1.496
3050 	 -1.88
3062 	 -2.472
3078 	 -3.176
3112 	 -3.62
3158 	 -3.808
3164 	 -3.728
3186 	 -2.828
3198 	 -2.688
3216 	 -1.912
3232 	 -1.736
3238 	 -1.364
3262 	 -0.608
3296 	 -0.264
3400 	 -0.024
3636 	 -0.008
3904 	 0
6000 	 -2.478
6020 	 -2.638
6042 	 -3.286
6064 	 -3.582
6088 	 -3.11
6120 	 -2.686
6138 	 -2.872
6154 	 -3.312
6180 	 -3.048
6190 	 -3.516
6198 	 -3.5
6234 	 -3.9
6284 	 -4.203
6296 	 -4.179
6346 	 -4.159
6360 	 -2.871
6374 	 -2.271
6376 	 -1.719
6424 	 -1.319
6444 	 -0.761
6504 	 -0.637
6506 	 -0.613
6552 	 -0.501
6634 	 -0.359
6704 	 -0.331
6710 	 -0.307
6726 	 -0.295
6728 	 -0.267
6782 	 -0.263
6894 	 -0.165
6990 	 -0.145
6994 	 -0.125
7002 	 -0.093
7272 	 -0.089
7278 	 -0.085
7290 	 -0.073
7324 	 -0.025
9000 	 -1.433
9024 	 -1.537
9050 	 -2.497
9078 	 -3.177
9112 	 -3.761
9158 	 -3.713
9162 	 -3.797
9174 	 -3.705
9186 	 -2.857
9216 	 -3.589
9232 	 -3.413
9238 	 -3.801
9262 	 -1.973
9268 	 -1.305
9298 	 -0.417
9304 	 -0.413
9306 	 -0.409
9334 	 -0.277
9400 	 -0.025
9660 	 -0.009
9904 	 -0.001
12000 	 -2.54
12002 	 -2.421
12004 	 -2.501
12006 	 -2.414
12008 	 -3.236
12010 	 -3.709
12012 	 -4.139
12018 	 -4.197
12020 	 -4.539
12032 	 -4.505
12034 	 -4.544
12040 	 -4.72
12042 	 -5.196
12064 	 -5.272
12070 	 -5.64
12082 	 -5.715
12088 	 -5.103
12100 	 -5.069
12120 	 -4.541
12130 	 -4.129
12154 	 -5.165
12156 	 -5.478
12160 	 -6.194
12178 	 -6.335
12180 	 -6.071
12190 	 -6.387
12192 	 -6.707
12198 	 -6.663
12200 	 -6.867
12212 	 -7.911
12230 	 -8.154
12234 	 -9.502
12236 	 -9.977
12246 	 -10.612
12252 	 -9.896
12254 	 -9.694
12256 	 -9.549
12274 	 -8.297
12276 	 -8.252
12282 	 -8.066
12286 	 -8.116
12290 	 -7.913
12294 	 -8.01
12296 	 -8.25
12304 	 -8.206
12310 	 -8.397
12314 	 -7.928
12324 	 -7.324
12326 	 -7.269
12332 	 -7.301
12334 	 -7.151
12338 	 -6.899
12340 	 -6.816
12344 	 -6.02
12346 	 -6.103
12350 	 -6.035
12352 	 -6.138
12358 	 -5.966
12360 	 -5.014
12362 	 -4.858
12368 	 -5.323
12372 	 -5.491
12376 	 -5.374
12380 	 -5.38
12382 	 -5.372
12384 	 -5.348
12392 	 -5.236
12396 	 -5.013
12404 	 -4.585
12410 	 -4.575
12432 	 -4.421
12438 	 -3.397
12446 	 -3.359
12452 	 -3.366
12454 	 -3.401
12456 	 -3.528
12466 	 -3.825
12474 	 -3.752
12478 	 -3.679
12480 	 -3.72
12484 	 -3.695
12488 	 -3.783
12494 	 -3.779
12496 	 -3.711
12500 	 -3.876
12512 	 -4.096
12518 	 -4.065
12528 	 -3.795
12542 	 -4.026
12548 	 -4.015
12550 	 -4.04
12552 	 -3.92
12566 	 -3.686
12570 	 -3.655
12576 	 -3.647
12582 	 -3.515
12620 	 -3.586
12624 	 -3.446
12626 	 -3.425
12636 	 -3.202
12638 	 -3.196
12648 	 -3.198
12658 	 -3.183
12660 	 -3.089
12664 	 -3.291
12672 	 -3.079
12673 	 -3.355
12704 	 -3.317
12712 	 -3.472
12722 	 -3.732
12736 	 -3.552
12740 	 -3.583
12750 	 -3.489
12752 	 -3.54
12756 	 -3.527
12770 	 -3.52
12776 	 -3.5
12784 	 -3.813
12790 	 -3.867
12792 	 -3.73
12796 	 -3.588
12798 	 -3.578
12808 	 -3.682
12810 	 -3.706
12844 	 -3.821
12852 	 -3.836
12862 	 -3.742
12876 	 -3.725
12886 	 -3.487
12892 	 -3.162
12910 	 -3.169
12912 	 -3.215
12918 	 -3.175
12924 	 -3.532
12934 	 -3.7
12936 	 -3.807
12948 	 -3.801
12954 	 -3.798
12958 	 -3.942
12964 	 -4.006
12970 	 -4.002
12982 	 -4.637
12990 	 -4.631
12994 	 -4.608
12996 	 -4.592
13002 	 -4.831
13012 	 -4.866
13018 	 -4.778
13024 	 -4.646
13026 	 -4.467
13036 	 -4.458
13038 	 -4.799
13050 	 -4.831
13054 	 -4.171
13056 	 -4.141
13060 	 -4.149
13066 	 -4.086
13070 	 -3.809
13078 	 -3.671
13088 	 -3.669
13092 	 -3.5
13094 	 -3.715
13098 	 -3.687
13102 	 -3.718
13118 	 -3.605
13122 	 -3.543
13126 	 -3.483
13132 	 -3.355
13144 	 -3.401
13146 	 -3.511
13152 	 -4.115
13156 	 -4.025
13162 	 -3.888
13172 	 -4.34
13182 	 -4.338
13188 	 -4.298
13190 	 -4.224
13196 	 -4.552
13198 	 -4.793
13206 	 -4.741
13218 	 -4.671
13222 	 -5.083
13224 	 -5.174
13230 	 -5.42
13238 	 -5.882
13248 	 -6.011
13250 	 -6.128
13252 	 -6.124
13254 	 -6.171
13258 	 -6.262
13266 	 -6.239
13268 	 -6.293
13270 	 -6.228
13274 	 -5.894
13276 	 -5.832
13284 	 -5.742
13292 	 -5.552
13296 	 -5.484
13298 	 -5.117
13302 	 -5.198
13308 	 -4.98
13312 	 -4.984
13316 	 -5.026
13322 	 -5.146
13326 	 -5.144
13340 	 -4.137
13364 	 -3.856
13366 	 -3.895
13374 	 -3.894
13378 	 -3.855
13382 	 -3.711
13384 	 -3.634
13386 	 -3.774
13400 	 -3.806
13410 	 -3.79
13414 	 -3.761
13416 	 -3.544
13434 	 -3.813
13436 	 -3.455
13442 	 -3.445
13448 	 -3.428
13454 	 -3.426
13458 	 -3.331
13462 	 -3.464
13464 	 -3.417
13468 	 -3.409
13470 	 -3.383
13474 	 -4.409
13476 	 -4.383
13480 	 -4.045
13482 	 -4.176
13487 	 -4.856
13488 	 -4.823
13492 	 -4.817
13504 	 -4.724
13506 	 -4.825
13516 	 -4.702
13522 	 -4.7
13526 	 -4.619
13528 	 -4.545
13536 	 -4.478
13550 	 -4.76
13558 	 -4.707
13562 	 -4.99
13564 	 -5.102
13570 	 -5.244
13576 	 -5.165
13580 	 -4.98
13590 	 -4.955
13592 	 -4.983
13594 	 -5.028
13606 	 -5.142
13610 	 -5.619
13612 	 -5.607
13618 	 -4.776
13622 	 -5.121
13624 	 -5.256
13626 	 -5.216
13628 	 -5.19
13632 	 -5.172
13634 	 -4.942
13636 	 -4.877
13644 	 -4.88
13650 	 -5.028
13652 	 -4.921
13654 	 -4.905
13660 	 -4.811
13662 	 -4.673
13666 	 -4.439
13672 	 -4.412
13676 	 -4.477
13682 	 -4.378
13684 	 -3.835
13686 	 -3.825
13690 	 -3.806
13696 	 -3.797
13704 	 -3.771
13706 	 -3.769
13712 	 -3.301
13730 	 -3.616
13732 	 -3.518
13734 	 -3.487
13740 	 -3.469
13742 	 -3.425
13744 	 -3.506
13746 	 -3.26
13748 	 -3.64
13766 	 -3.639
13768 	 -4.566
13776 	 -4.314
13784 	 -4.514
13788 	 -4.632
13790 	 -4.592
13792 	 -4.718
13796 	 -4.771
13808 	 -4.757
13810 	 -4.446
13812 	 -4.26
13820 	 -4.206
13830 	 -4.194
13838 	 -3.092
13842 	 -2.795
13844 	 -2.995
13854 	 -2.882
13858 	 -2.755
13870 	 -2.6
13884 	 -2.599
13904 	 -2.474
13906 	 -2.351
13914 	 -2.349
13918 	 -2.282
13920 	 -2.095
13922 	 -2.056
13928 	 -2.099
13934 	 -1.945
13948 	 -1.952
13954 	 -1.874
13960 	 -1.849
13962 	 -1.806
13966 	 -1.805
13968 	 -1.743
13974 	 -1.729
13978 	 -1.605
13980 	 -1.565
13982 	 -1.612
13998 	 -1.594
14000 	 -1.465
14002 	 -1.449
14006 	 -1.417
14020 	 -1.398
14024 	 -1.377
14030 	 -1.102
14032 	 -1.092
14040 	 -1.069
14048 	 -1.068
14050 	 -1.035
14056 	 -0.999
14064 	 -0.966
14068 	 -0.954
14076 	 -0.938
14078 	 -0.841
14086 	 -0.765
14092 	 -0.758
14102 	 -0.746
14124 	 -0.745
14138 	 -0.717
14140 	 -0.713
14142 	 -0.701
14162 	 -0.679
14186 	 -0.71
14216 	 -0.708
14238 	 -0.697
14242 	 -0.68
14256 	 -0.733
14258 	 -0.728
14274 	 -0.708
14302 	 -0.695
14316 	 -0.693
14336 	 -0.609
14346 	 -0.608
14352 	 -0.606
14370 	 -0.601
14378 	 -0.599
14380 	 -0.576
14384 	 -0.573
14394 	 -0.561
14400 	 -0.553
14416 	 -0.534
14480 	 -0.427
14494 	 -0.424
14542 	 -0.338
14610 	 -0.222
14630 	 -0.221
14686 	 -0.139
14736 	 -0.125
14776 	 -0.09
15000 	 -1.412
15024 	 -1.552
15050 	 -2.185
15078 	 -2.635
15112 	 -2.866
15156 	 -2.861
15158 	 -2.774
15162 	 -2.816
15174 	 -2.769
15186 	 -2.208
15216 	 -2.391
15232 	 -2.215
15238 	 -2.336
15262 	 -1.406
15266 	 -1.379
15268 	 -1.293
15276 	 -1.144
15282 	 -1.012
15298 	 -0.839
15300 	 -0.662
15308 	 -0.679
15334 	 -0.827
15346 	 -0.801
15354 	 -0.892
15374 	 -0.677
15400 	 -0.373
15422 	 -0.285
15450 	 -0.271
15460 	 -0.125
15492 	 -0.054
15574 	 -0.025
15660 	 -0.019
15802 	 -0.016
15904 	 -0.008
15916 	 -0.005
16712 	 -0.004
18000 	 -2.128
18020 	 -2.227
18042 	 -2.675
18064 	 -2.729
18088 	 -2.111
18120 	 -1.491
18154 	 -2.168
18180 	 -1.904
18190 	 -2.225
18234 	 -2.958
18252 	 -2.942
18262 	 -2.848
18270 	 -2.202
18278 	 -2.16
18286 	 -2.066
18296 	 -2.256
18316 	 -2.286
18328 	 -2.408
18336 	 -2.174
18342 	 -2.17
18348 	 -1.776
18360 	 -1.201
18368 	 -1.048
18384 	 -1.055
18402 	 -0.724
18420 	 -0.407
18426 	 -0.363
18434 	 -0.304
18448 	 -0.134
18472 	 -0.119
18552 	 -0.012
18864 	 -0.008
19002 	 0
21000 	 -1.44
21001 	 -1.44
