0 	 0
3000 	 -1.376
3024 	 -1.496
3050 	 -1.88
3062 	 -2.472
3078 	 -3.176
3112 	 -3.62
3158 	 -3.808
3164 	 -3.728
3186 	 -2.828
3198 	 -2.688
3216 	 -1.912
3232 	 -1.736
3238 	 -1.364
3262 	 -0.608
3296 	 -0.264
3400 	 -0.024
3636 	 -0.008
3904 	 0
6000 	 -2.478
6020 	 -2.638
6042 	 -3.286
6064 	 -3.582
6088 	 -3.11
6120 	 -2.686
6138 	 -2.872
6154 	 -3.312
6180 	 -3.048
6190 	 -3.516
6198 	 -3.5
6234 	 -3.9
6284 	 -4.203
6296 	 -4.179
6346 	 -4.159
6360 	 -2.871
6374 	 -2.271
6376 	 -1.719
6424 	 -1.319
6444 	 -0.761
6504 	 -0.637
6506 	 -0.613
6552 	 -0.501
6634 	 -0.359
6704 	 -0.331
6710 	 -0.307
6726 	 -0.295
6728 	 -0.267
6782 	 -0.263
6894 	 -0.165
6990 	 -0.145
6994 	 -0.125
7002 	 -0.093
7272 	 -0.089
7278 	 -0.085
7290 	 -0.073
7324 	 -0.025
9000 	 -1.433
9024 	 -1.537
9050 	 -2.497
9078 	 -3.177
9112 	 -3.761
9158 	 -3.713
9162 	 -3.797
9174 	 -3.705
9186 	 -2.857
9216 	 -3.589
9232 	 -3.413
9238 	 -3.801
9262 	 -1.973
9268 	 -1.305
9298 	 -0.417
9304 	 -0.413
9306 	 -0.409
9334 	 -0.277
9400 	 -0.025
9660 	 -0.009
9904 	 -0.001
12000 	 -2.554
12002 	 -2.49
12004 	 -3.042
12006 	 -3.18
12008 	 -4.521
12012 	 -5.153
12016 	 -5.004
12020 	 -5.453
12032 	 -5.2
12040 	 -5.394
12042 	 -5.87
12048 	 -5.592
12064 	 -5.692
12070 	 -5.859
12086 	 -6.081
12088 	 -5.469
12100 	 -5.435
12102 	 -5.404
12120 	 -4.876
12130 	 -4.464
12132 	 -4.775
12154 	 -5.943
12160 	 -6.659
12162 	 -6.632
12178 	 -6.773
12180 	 -6.523
12190 	 -6.839
12198 	 -6.787
12200 	 -6.991
12212 	 -8.035
12230 	 -8.278
12234 	 -9.626
12236 	 -9.211
12246 	 -9.858
12252 	 -9.142
12254 	 -8.94
12256 	 -8.795
12260 	 -8.777
12272 	 -8.776
12274 	 -7.524
12276 	 -7.506
12282 	 -7.32
12290 	 -7.117
12294 	 -7.214
12296 	 -7.454
12304 	 -7.41
12310 	 -7.822
12314 	 -7.353
12324 	 -6.749
12326 	 -6.694
12328 	 -6.831
12332 	 -6.863
12334 	 -6.714
12338 	 -6.462
12340 	 -6.461
12344 	 -5.665
12346 	 -5.76
12350 	 -5.742
12352 	 -5.787
12354 	 -5.775
12358 	 -5.603
12360 	 -4.651
12362 	 -4.495
12368 	 -5.062
12372 	 -4.963
12376 	 -4.761
12380 	 -4.767
12382 	 -4.759
12384 	 -4.777
12386 	 -4.705
12392 	 -4.593
12396 	 -4.201
12404 	 -3.773
12406 	 -3.962
12410 	 -3.956
12412 	 -4.113
12438 	 -3.316
12464 	 -3.267
12470 	 -3.247
12478 	 -3.174
12484 	 -3.191
12488 	 -3.175
12496 	 -3.299
12500 	 -3.314
12502 	 -3.295
12504 	 -3.211
12516 	 -3.161
12518 	 -3.141
12550 	 -2.998
12552 	 -2.878
12564 	 -3.064
12566 	 -3.141
12574 	 -3.49
12576 	 -3.482
12590 	 -3.728
12604 	 -3.723
12614 	 -3.67
12624 	 -3.644
12626 	 -3.624
12632 	 -3.409
12638 	 -3.403
12640 	 -3.023
12644 	 -2.938
12646 	 -2.912
12648 	 -2.874
12658 	 -2.771
12672 	 -2.676
12690 	 -2.502
12694 	 -2.855
12698 	 -2.98
12700 	 -3.611
12704 	 -3.573
12712 	 -3.66
12714 	 -3.51
12720 	 -3.627
12732 	 -3.576
12742 	 -3.569
12744 	 -3.841
12748 	 -3.928
12756 	 -3.915
12770 	 -3.882
12776 	 -3.862
12786 	 -3.814
12802 	 -3.936
12804 	 -3.711
12806 	 -3.868
12810 	 -4.258
12814 	 -4.389
12826 	 -4.315
12828 	 -4.876
12836 	 -4.959
12842 	 -4.888
12846 	 -5.443
12848 	 -5.392
12850 	 -5.982
12860 	 -6.258
12870 	 -6.094
12874 	 -6.048
12886 	 -5.947
12900 	 -5.96
12904 	 -5.751
12910 	 -6.328
12912 	 -6.335
12920 	 -6.179
12924 	 -6.235
12926 	 -6.195
12928 	 -6.343
12936 	 -6.341
12940 	 -6.356
12950 	 -6.41
12952 	 -6.192
12954 	 -5.952
12958 	 -6.029
12966 	 -5.867
12970 	 -5.862
12976 	 -5.885
12978 	 -5.419
12986 	 -5.411
12990 	 -5.223
12996 	 -5.306
13018 	 -5.499
13022 	 -5.554
13026 	 -5.491
13036 	 -5.46
13038 	 -5.521
13040 	 -5.484
13048 	 -5.43
13054 	 -5.629
13060 	 -5.596
13066 	 -5.764
13076 	 -5.588
13080 	 -5.876
13082 	 -6.271
13088 	 -6.269
13092 	 -6.35
13094 	 -6.397
13102 	 -6.66
13116 	 -6.646
13118 	 -6.568
13128 	 -6.788
13132 	 -6.778
13138 	 -6.807
13140 	 -6.807
13142 	 -6.817
13144 	 -6.831
13148 	 -6.806
13152 	 -6.766
13154 	 -6.533
13162 	 -6.594
13166 	 -6.533
13168 	 -6.395
13170 	 -6.741
13176 	 -6.732
13182 	 -6.73
13186 	 -6.441
13188 	 -6.409
13194 	 -6.679
13202 	 -6.381
13208 	 -6.395
13224 	 -6.223
13226 	 -6.017
13230 	 -5.939
13236 	 -5.98
13240 	 -6.96
13244 	 -6.91
13246 	 -6.872
13248 	 -6.981
13250 	 -7.068
13258 	 -7.018
13270 	 -6.639
13274 	 -6.517
13276 	 -6.472
13282 	 -6.403
13292 	 -6.428
13294 	 -6.308
13300 	 -6.202
13308 	 -6.307
13316 	 -6.174
13318 	 -6.276
13322 	 -6.368
13332 	 -6.397
13334 	 -6.432
13338 	 -6.342
13348 	 -5.965
13350 	 -6.026
13356 	 -6.232
13358 	 -6.105
13360 	 -5.799
13374 	 -5.798
13378 	 -5.702
13382 	 -5.699
13404 	 -4.882
13408 	 -4.699
13410 	 -4.63
13412 	 -4.528
13420 	 -4.521
13426 	 -4.183
13434 	 -4.152
13436 	 -3.966
13440 	 -3.954
13444 	 -3.891
13454 	 -3.886
13456 	 -3.567
13464 	 -3.405
13472 	 -3.357
13474 	 -3.273
13484 	 -3.538
13486 	 -3.522
13490 	 -3.444
13492 	 -3.427
13494 	 -3.662
13496 	 -3.658
13502 	 -3.641
13504 	 -3.64
13512 	 -2.193
13516 	 -2.106
13520 	 -2.091
13522 	 -2.089
13528 	 -2.09
13532 	 -2.08
13534 	 -1.905
13546 	 -1.795
13556 	 -1.774
13558 	 -1.713
13564 	 -1.676
13574 	 -1.666
13578 	 -1.503
13598 	 -1.488
13602 	 -1.475
13618 	 -1.474
13630 	 -1.336
13632 	 -1.324
13654 	 -1.346
13658 	 -1.316
13660 	 -1.195
13662 	 -1.185
13670 	 -1.184
13678 	 -1.14
13680 	 -1.135
13686 	 -1.149
13712 	 -1.136
13718 	 -1.125
13722 	 -1.1
13724 	 -0.967
13726 	 -0.966
13740 	 -0.954
13744 	 -0.835
13750 	 -0.828
13752 	 -0.611
13764 	 -0.599
13766 	 -0.597
13770 	 -0.582
13782 	 -0.529
13798 	 -0.355
13816 	 -0.328
13822 	 -0.284
13836 	 -0.229
13842 	 -0.223
13862 	 -0.2
13874 	 -0.163
13894 	 -0.162
13902 	 -0.16
13930 	 -0.15
13960 	 -0.149
14004 	 -0.147
14014 	 -0.145
14048 	 -0.075
14058 	 -0.064
14076 	 -0.062
14084 	 -0.057
14088 	 -0.053
14114 	 -0.044
14168 	 -0.041
14176 	 -0.04
14178 	 -0.039
14226 	 -0.034
14312 	 -0.031
14448 	 -0.029
15000 	 -1.378
15024 	 -1.508
15050 	 -2.019
15078 	 -2.342
15112 	 -2.38
15158 	 -2.355
15162 	 -2.375
15174 	 -2.351
15186 	 -1.958
15216 	 -1.77
15232 	 -1.594
15238 	 -1.658
15262 	 -1.396
15268 	 -1.31
15282 	 -1.178
15298 	 -1.004
15310 	 -1.044
15336 	 -1.344
15346 	 -1.318
15356 	 -1.488
15374 	 -1.098
15400 	 -0.701
15422 	 -0.542
15456 	 -0.277
15486 	 -0.089
15558 	 -0.025
15660 	 -0.022
15708 	 -0.01
15864 	 -0.008
15904 	 0
18000 	 -2.128
18020 	 -2.227
18042 	 -2.675
18064 	 -2.726
18088 	 -2.125
18120 	 -1.552
18154 	 -1.968
18180 	 -1.704
18190 	 -1.963
18234 	 -2.362
18252 	 -2.354
18262 	 -2.168
18270 	 -1.845
18278 	 -1.824
18286 	 -1.777
18296 	 -2.335
18316 	 -2.35
18328 	 -2.594
18336 	 -2.477
18342 	 -2.52
18348 	 -2.323
18360 	 -2.064
18368 	 -1.758
18384 	 -1.772
18402 	 -1.338
18420 	 -0.704
18426 	 -0.616
18434 	 -0.498
18448 	 -0.158
18472 	 -0.128
18552 	 -0.012
18864 	 -0.004
19002 	 0
21000 	 -1.44
21001 	 -1.44
