0 	 0
3000 	 -1.376
3024 	 -1.496
3050 	 -1.88
3062 	 -2.472
3078 	 -3.176
3112 	 -3.62
3158 	 -3.808
3164 	 -3.728
3186 	 -2.828
3198 	 -2.688
3216 	 -1.912
3232 	 -1.736
3238 	 -1.364
3262 	 -0.608
3296 	 -0.264
3400 	 -0.024
3636 	 -0.008
3904 	 0
6000 	 -2.478
6020 	 -2.638
6042 	 -3.286
6064 	 -3.582
6088 	 -3.11
6120 	 -2.686
6138 	 -2.872
6154 	 -3.312
6180 	 -3.048
6190 	 -3.516
6198 	 -3.5
6234 	 -3.9
6284 	 -4.203
6296 	 -4.179
6346 	 -4.159
6360 	 -2.871
6374 	 -2.271
6376 	 -1.719
6424 	 -1.319
6444 	 -0.761
6504 	 -0.637
6506 	 -0.613
6552 	 -0.501
6634 	 -0.359
6704 	 -0.331
6710 	 -0.307
6726 	 -0.295
6728 	 -0.267
6782 	 -0.263
6894 	 -0.165
6990 	 -0.145
6994 	 -0.125
7002 	 -0.093
7272 	 -0.089
7278 	 -0.085
7290 	 -0.073
7324 	 -0.025
9000 	 -1.433
9024 	 -1.537
9050 	 -2.497
9078 	 -3.177
9112 	 -3.761
9158 	 -3.713
9162 	 -3.797
9174 	 -3.705
9186 	 -2.857
9216 	 -3.589
9232 	 -3.413
9238 	 -3.801
9262 	 -1.973
9268 	 -1.305
9298 	 -0.417
9304 	 -0.413
9306 	 -0.409
9334 	 -0.277
9400 	 -0.025
9660 	 -0.009
9904 	 -0.001
12000 	 -2.554
12002 	 -2.49
12004 	 -3.002
12006 	 -3.14
12008 	 -4.07
12012 	 -4.487
12016 	 -4.338
12020 	 -4.674
12032 	 -4.421
12040 	 -4.527
12042 	 -5.003
12048 	 -4.725
12064 	 -4.825
12070 	 -4.807
12086 	 -5.029
12088 	 -4.417
12100 	 -4.394
12102 	 -4.363
12120 	 -3.835
12130 	 -3.789
12132 	 -4.1
12154 	 -5.268
12162 	 -5.241
12178 	 -5.383
12180 	 -5.133
12186 	 -5.185
12190 	 -5.501
12198 	 -5.493
12200 	 -5.569
12206 	 -5.559
12212 	 -6.603
12230 	 -6.863
12234 	 -8.211
12236 	 -7.8
12252 	 -7.084
12254 	 -6.983
12256 	 -7.125
12260 	 -7.107
12264 	 -7.504
12272 	 -7.503
12274 	 -6.251
12282 	 -6.094
12286 	 -5.887
12290 	 -5.615
12294 	 -5.76
12296 	 -6
12304 	 -5.77
12312 	 -5.735
12320 	 -5.946
12324 	 -5.443
12328 	 -5.612
12332 	 -5.644
12334 	 -5.711
12338 	 -5.459
12340 	 -5.6
12344 	 -4.804
12350 	 -4.808
12352 	 -4.853
12354 	 -4.884
12360 	 -3.932
12372 	 -3.917
12376 	 -4.007
12382 	 -3.94
12386 	 -3.953
12392 	 -4.017
12394 	 -3.824
12404 	 -3.552
12406 	 -3.68
12410 	 -3.741
12412 	 -3.695
12414 	 -3.684
12438 	 -3.351
12464 	 -3.344
12474 	 -3.235
12496 	 -3.252
12500 	 -3.206
12502 	 -3.187
12508 	 -3.185
12516 	 -3.135
12528 	 -3.25
12530 	 -2.939
12544 	 -3.481
12548 	 -3.467
12550 	 -3.429
12552 	 -3.351
12564 	 -3.345
12568 	 -3.203
12574 	 -3.176
12576 	 -3.156
12578 	 -3.151
12588 	 -3.093
12590 	 -3.063
12592 	 -3.558
12604 	 -3.553
12610 	 -3.907
12614 	 -3.614
12622 	 -3.474
12630 	 -3.44
12638 	 -3.397
12640 	 -3.255
12642 	 -3.373
12644 	 -3.399
12654 	 -3.742
12656 	 -3.782
12662 	 -3.565
12664 	 -3.547
12670 	 -4.203
12672 	 -4.191
12676 	 -4.041
12690 	 -3.942
12698 	 -3.935
12700 	 -4.318
12702 	 -4.162
12714 	 -4.012
12728 	 -4.254
12732 	 -4.128
12742 	 -4.121
12744 	 -4.156
12750 	 -4.383
12754 	 -4.552
12762 	 -4.48
12764 	 -4.452
12778 	 -4.471
12786 	 -4.725
12788 	 -4.526
12796 	 -4.284
12800 	 -4.372
12804 	 -4.16
12806 	 -4.105
12820 	 -4.183
12822 	 -4.23
12832 	 -4.055
12844 	 -3.959
12848 	 -3.937
12851 	 -4.408
12874 	 -4.806
12894 	 -4.814
12900 	 -5.034
12914 	 -5.113
12920 	 -5.11
12928 	 -5.483
12940 	 -5.345
12946 	 -6.055
12950 	 -5.968
12952 	 -5.884
12954 	 -5.941
12962 	 -6.074
12968 	 -6.117
12970 	 -6.112
12980 	 -6.37
12984 	 -6.244
12988 	 -6.168
12990 	 -6.165
12992 	 -5.983
12996 	 -5.923
12998 	 -6.021
13000 	 -5.966
13002 	 -5.54
13008 	 -5.587
13010 	 -5.606
13012 	 -5.756
13016 	 -5.618
13020 	 -5.802
13024 	 -5.696
13032 	 -5.69
13034 	 -5.769
13040 	 -5.685
13042 	 -5.681
13044 	 -5.674
13058 	 -5.683
13064 	 -5.723
13080 	 -5.819
13090 	 -5.905
13094 	 -5.205
13096 	 -5.133
13118 	 -4.929
13122 	 -4.91
13124 	 -4.968
13128 	 -5.055
13140 	 -4.97
13142 	 -4.841
13154 	 -5.025
13156 	 -4.356
13158 	 -4.297
13162 	 -4.024
13164 	 -3.997
13170 	 -3.964
13178 	 -3.984
13188 	 -3.763
13200 	 -3.811
13202 	 -3.782
13214 	 -3.912
13218 	 -3.947
13220 	 -3.647
13224 	 -3.177
13226 	 -3.152
13228 	 -3.121
13244 	 -2.869
13250 	 -2.795
13252 	 -2.693
13258 	 -2.691
13262 	 -2.922
13264 	 -2.893
13268 	 -2.996
13272 	 -3.362
13278 	 -3.369
13284 	 -3.61
13294 	 -3.521
13298 	 -3.493
13302 	 -3.395
13306 	 -3.479
13308 	 -3.42
13320 	 -3.346
13326 	 -3.123
13332 	 -3.107
13340 	 -2.951
13360 	 -2.907
13374 	 -2.044
13390 	 -2.04
13398 	 -2.055
13400 	 -2.098
13404 	 -2.264
13408 	 -2.239
13422 	 -2.287
13428 	 -2.133
13430 	 -2.074
13440 	 -1.881
13444 	 -1.925
13458 	 -1.922
13460 	 -2.071
13474 	 -2.043
13476 	 -1.93
13492 	 -1.865
13496 	 -1.6
13502 	 -1.578
13508 	 -2.182
13512 	 -2.188
13514 	 -2.131
13518 	 -2.313
13520 	 -2.425
13528 	 -2.417
13534 	 -2.276
13542 	 -2.242
13544 	 -2.335
13546 	 -2.304
13552 	 -2.231
13554 	 -2.209
13556 	 -2.325
13560 	 -2.308
13564 	 -2.366
13568 	 -2.126
13578 	 -2.119
13580 	 -1.979
13586 	 -1.966
13604 	 -1.949
13610 	 -1.913
13614 	 -1.885
13616 	 -1.845
13620 	 -1.819
13626 	 -1.702
13628 	 -1.458
13636 	 -1.445
13638 	 -1.128
13640 	 -0.964
13654 	 -0.838
13656 	 -0.827
13658 	 -0.752
13662 	 -0.745
13676 	 -0.655
13680 	 -0.65
13682 	 -0.593
13684 	 -0.557
13702 	 -0.428
13726 	 -0.427
13746 	 -0.422
13760 	 -0.196
13774 	 -0.163
13812 	 -0.161
13816 	 -0.147
13818 	 -0.146
13836 	 -0.145
13848 	 -0.144
13898 	 -0.077
13908 	 -0.069
13942 	 -0.064
13984 	 -0.042
13992 	 -0.034
14218 	 -0.033
14220 	 -0.024
14312 	 -0.022
14320 	 -0.02
14394 	 -0.019
15000 	 -1.381
15024 	 -1.511
15050 	 -2.308
15078 	 -2.883
15112 	 -3.32
15158 	 -3.272
15162 	 -3.335
15174 	 -3.263
15186 	 -2.514
15216 	 -3.125
15232 	 -2.949
15238 	 -3.14
15262 	 -1.898
15268 	 -1.64
15282 	 -1.244
15298 	 -0.724
15310 	 -0.745
15336 	 -0.894
15346 	 -0.816
15356 	 -0.901
15374 	 -0.711
15400 	 -0.365
15422 	 -0.285
15456 	 -0.154
15486 	 -0.059
15558 	 -0.024
15660 	 -0.015
15864 	 -0.011
15904 	 -0.003
18000 	 -2.128
18020 	 -2.236
18042 	 -2.716
18064 	 -2.813
18088 	 -2.218
18120 	 -1.597
18154 	 -2.616
18180 	 -2.352
18190 	 -2.87
18234 	 -4.036
18252 	 -4.012
18262 	 -3.919
18270 	 -2.95
18278 	 -2.887
18286 	 -2.746
18296 	 -2.923
18316 	 -2.968
18328 	 -3.09
18336 	 -2.739
18342 	 -2.718
18348 	 -2.127
18360 	 -1.303
18368 	 -1.15
18384 	 -1.157
18402 	 -0.75
18420 	 -0.433
18426 	 -0.389
18434 	 -0.33
18448 	 -0.16
18472 	 -0.145
18552 	 -0.016
18864 	 -0.012
19002 	 0
21000 	 -1.44
21001 	 -1.44
