0 	 0
3000 	 -1.376
3024 	 -1.496
3050 	 -1.88
3062 	 -2.472
3078 	 -3.176
3112 	 -3.62
3158 	 -3.808
3164 	 -3.728
3186 	 -2.828
3198 	 -2.688
3216 	 -1.912
3232 	 -1.736
3238 	 -1.364
3262 	 -0.608
3296 	 -0.264
3400 	 -0.024
3636 	 -0.008
3904 	 0
6000 	 -2.478
6020 	 -2.638
6042 	 -3.286
6064 	 -3.582
6088 	 -3.11
6120 	 -2.686
6138 	 -2.872
6154 	 -3.312
6180 	 -3.048
6190 	 -3.516
6198 	 -3.5
6234 	 -3.9
6284 	 -4.203
6296 	 -4.179
6346 	 -4.159
6360 	 -2.871
6374 	 -2.271
6376 	 -1.719
6424 	 -1.319
6444 	 -0.761
6504 	 -0.637
6506 	 -0.613
6552 	 -0.501
6634 	 -0.359
6704 	 -0.331
6710 	 -0.307
6726 	 -0.295
6728 	 -0.267
6782 	 -0.263
6894 	 -0.165
6990 	 -0.145
6994 	 -0.125
7002 	 -0.093
7272 	 -0.089
7278 	 -0.085
7290 	 -0.073
7324 	 -0.025
9000 	 -1.433
9024 	 -1.537
9050 	 -2.497
9078 	 -3.177
9112 	 -3.761
9158 	 -3.713
9162 	 -3.797
9174 	 -3.705
9186 	 -2.857
9216 	 -3.589
9232 	 -3.413
9238 	 -3.801
9262 	 -1.973
9268 	 -1.305
9298 	 -0.417
9304 	 -0.413
9306 	 -0.409
9334 	 -0.277
9400 	 -0.025
9660 	 -0.009
9904 	 -0.001
12000 	 -2.554
12002 	 -2.49
12004 	 -3.042
12006 	 -3.18
12008 	 -4.521
12012 	 -5.153
12016 	 -5.004
12020 	 -5.453
12032 	 -5.2
12040 	 -5.394
12042 	 -5.87
12048 	 -5.592
12064 	 -5.692
12070 	 -5.85
12086 	 -6.072
12088 	 -5.46
12100 	 -5.364
12102 	 -5.333
12114 	 -5.474
12120 	 -4.946
12130 	 -4.733
12132 	 -5.04
12154 	 -6.208
12162 	 -6.181
12178 	 -6.202
12180 	 -5.922
12184 	 -5.774
12186 	 -5.799
12190 	 -6.115
12192 	 -6.058
12198 	 -6.05
12200 	 -5.838
12210 	 -5.893
12212 	 -6.937
12226 	 -7.396
12230 	 -7.247
12234 	 -8.595
12236 	 -8.287
12242 	 -8.29
12248 	 -8.279
12252 	 -7.524
12254 	 -7.322
12260 	 -7.304
12264 	 -7.239
12272 	 -7.238
12274 	 -5.986
12276 	 -6.025
12282 	 -5.728
12290 	 -5.456
12296 	 -5.696
12302 	 -5.808
12304 	 -5.721
12320 	 -5.723
12324 	 -5.119
12328 	 -5.335
12330 	 -5.321
12332 	 -5.353
12334 	 -5.354
12336 	 -5.424
12338 	 -5.172
12340 	 -5.028
12344 	 -4.232
12352 	 -4.277
12354 	 -4.265
12356 	 -4.187
12358 	 -4.168
12360 	 -3.216
12368 	 -3.326
12380 	 -3.145
12382 	 -3.137
12386 	 -3.08
12402 	 -2.828
12404 	 -2.556
12406 	 -2.62
12412 	 -2.641
12438 	 -2.267
12464 	 -2.136
12466 	 -1.995
12470 	 -1.887
12476 	 -1.844
12496 	 -1.819
12500 	 -1.837
12502 	 -1.818
12510 	 -1.817
12516 	 -1.767
12532 	 -1.758
12540 	 -1.736
12548 	 -2.241
12550 	 -2.198
12552 	 -2.078
12558 	 -2.283
12572 	 -2.259
12578 	 -2.411
12580 	 -2.363
12590 	 -2.333
12600 	 -2.252
12604 	 -2.247
12614 	 -2.185
12618 	 -2.003
12640 	 -2.066
12642 	 -1.845
12656 	 -1.833
12690 	 -1.908
12700 	 -1.881
12714 	 -1.81
12722 	 -1.719
12742 	 -1.712
12754 	 -1.695
12756 	 -1.673
12768 	 -1.683
12784 	 -1.74
12786 	 -1.637
12790 	 -1.737
12794 	 -1.755
12804 	 -1.86
12810 	 -2.371
12814 	 -2.369
12824 	 -2.505
12826 	 -2.61
12840 	 -3.233
12844 	 -3.238
12848 	 -3.518
12856 	 -3.585
12866 	 -3.7
12874 	 -3.471
12892 	 -4.143
12894 	 -3.865
12900 	 -3.771
12902 	 -3.714
12906 	 -4.01
12920 	 -3.885
12930 	 -3.701
12940 	 -3.988
12944 	 -3.976
12948 	 -3.814
12952 	 -3.735
12958 	 -3.565
12966 	 -3.623
12970 	 -3.618
12972 	 -3.41
12982 	 -3.585
12988 	 -3.508
12990 	 -4.064
12994 	 -3.936
12996 	 -3.937
13012 	 -4.006
13016 	 -4.314
13018 	 -4.311
13020 	 -4.519
13032 	 -4.558
13040 	 -4.444
13044 	 -4.552
13050 	 -4.487
13052 	 -4.273
13066 	 -4.226
13068 	 -4.092
13072 	 -4.191
13080 	 -4.185
13084 	 -4.095
13086 	 -3.323
13090 	 -3.73
13092 	 -3.725
13096 	 -3.842
13098 	 -3.882
13104 	 -3.925
13106 	 -4.282
13114 	 -4.496
13116 	 -4.518
13120 	 -4.576
13124 	 -4.41
13132 	 -4.467
13136 	 -4.446
13140 	 -4.387
13142 	 -4.449
13144 	 -4.573
13146 	 -4.519
13150 	 -4.589
13152 	 -4.301
13162 	 -4.223
13168 	 -4.096
13174 	 -4.119
13176 	 -4.051
13180 	 -3.952
13184 	 -3.897
13186 	 -3.885
13194 	 -3.568
13200 	 -3.405
13210 	 -3.344
13220 	 -2.318
13224 	 -2.709
13230 	 -2.689
13234 	 -2.894
13236 	 -3.062
13248 	 -2.981
13250 	 -2.876
13252 	 -2.857
13256 	 -3.166
13258 	 -3.164
13268 	 -3.144
13272 	 -3.167
13276 	 -3.155
13278 	 -3.336
13286 	 -3.375
13290 	 -3.482
13296 	 -3.412
13298 	 -3.608
13302 	 -3.542
13310 	 -3.534
13312 	 -3.57
13314 	 -3.703
13330 	 -3.514
13336 	 -3.762
13352 	 -3.846
13354 	 -3.825
13380 	 -3.865
13406 	 -3.827
13408 	 -2.967
13410 	 -2.921
13414 	 -2.961
13416 	 -2.949
13426 	 -3.041
13432 	 -2.965
13436 	 -3.009
13442 	 -2.989
13444 	 -2.979
13446 	 -2.825
13450 	 -2.823
13468 	 -2.819
13476 	 -2.805
13480 	 -2.677
13482 	 -2.724
13488 	 -2.783
13490 	 -2.811
13498 	 -2.795
13504 	 -2.504
13506 	 -2.483
13516 	 -2.513
13518 	 -2.484
13520 	 -2.48
13532 	 -2.504
13534 	 -2.555
13560 	 -2.463
13568 	 -2.495
13592 	 -2.553
13594 	 -2.558
13598 	 -2.552
13602 	 -2.546
13614 	 -2.517
13616 	 -2.294
13624 	 -2.285
13632 	 -2.256
13634 	 -2.231
13638 	 -2.203
13644 	 -2.202
13646 	 -2.198
13648 	 -2.177
13654 	 -2.175
13662 	 -2.197
13664 	 -2.308
13666 	 -2.296
13670 	 -2.079
13690 	 -2.074
13696 	 -2.024
13706 	 -2.143
13710 	 -1.97
13712 	 -2.072
13726 	 -2.071
13730 	 -2.168
13734 	 -2.17
13742 	 -2.154
13754 	 -2.127
13756 	 -1.903
13774 	 -1.828
13776 	 -1.827
13780 	 -1.797
13784 	 -1.823
13800 	 -1.625
13814 	 -1.55
13818 	 -1.493
13820 	 -1.475
13828 	 -1.473
13830 	 -1.472
13832 	 -1.284
13842 	 -1.264
13848 	 -1.044
13850 	 -0.939
13858 	 -0.936
13864 	 -0.935
13866 	 -0.926
13868 	 -0.919
13870 	 -0.844
13886 	 -0.784
13890 	 -0.74
13898 	 -0.659
13910 	 -0.511
13930 	 -0.304
13942 	 -0.272
13958 	 -0.246
13970 	 -0.239
13972 	 -0.227
13984 	 -0.226
14010 	 -0.214
14022 	 -0.157
14026 	 -0.153
14028 	 -0.128
14066 	 -0.123
14092 	 -0.117
14102 	 -0.109
14136 	 -0.104
14148 	 -0.101
14152 	 -0.097
14156 	 -0.084
14192 	 -0.076
14208 	 -0.074
14240 	 -0.07
14266 	 -0.068
14306 	 -0.065
14356 	 -0.048
14390 	 -0.043
14446 	 -0.035
14452 	 -0.032
14460 	 -0.031
15000 	 -1.381
15024 	 -1.521
15050 	 -2.299
15078 	 -2.882
15112 	 -3.322
15158 	 -3.273
15162 	 -3.335
15174 	 -3.263
15186 	 -2.513
15216 	 -3.125
15232 	 -2.949
15238 	 -3.141
15262 	 -1.899
15268 	 -1.641
15282 	 -1.244
15298 	 -0.723
15310 	 -0.744
15336 	 -0.893
15346 	 -0.815
15356 	 -0.9
15374 	 -0.71
15400 	 -0.364
15422 	 -0.284
15456 	 -0.153
15486 	 -0.058
15536 	 -0.057
15558 	 -0.022
15660 	 -0.013
15864 	 -0.009
15904 	 -0.001
18000 	 -2.128
18020 	 -2.236
18042 	 -2.716
18064 	 -2.813
18088 	 -2.218
18120 	 -1.597
18154 	 -2.616
18180 	 -2.352
18190 	 -2.87
18234 	 -4.036
18252 	 -4.012
18262 	 -3.919
18270 	 -2.95
18278 	 -2.887
18286 	 -2.746
18296 	 -2.923
18316 	 -2.968
18328 	 -3.09
18336 	 -2.739
18342 	 -2.718
18348 	 -2.127
18360 	 -1.303
18368 	 -1.15
18384 	 -1.157
18402 	 -0.75
18420 	 -0.433
18426 	 -0.389
18434 	 -0.33
18448 	 -0.16
18472 	 -0.145
18552 	 -0.016
18864 	 -0.012
19002 	 0
21000 	 -1.44
21001 	 -1.44
