0 	 0
3000 	 -1.376
3024 	 -1.496
3050 	 -1.88
3062 	 -2.472
3078 	 -3.176
3112 	 -3.62
3158 	 -3.808
3164 	 -3.728
3186 	 -2.828
3198 	 -2.688
3216 	 -1.912
3232 	 -1.736
3238 	 -1.364
3262 	 -0.608
3296 	 -0.264
3400 	 -0.024
3636 	 -0.008
3904 	 0
6000 	 -2.478
6020 	 -2.638
6042 	 -3.286
6064 	 -3.582
6088 	 -3.11
6120 	 -2.686
6138 	 -2.872
6154 	 -3.312
6180 	 -3.048
6190 	 -3.516
6198 	 -3.5
6234 	 -3.9
6284 	 -4.203
6296 	 -4.179
6346 	 -4.159
6360 	 -2.871
6374 	 -2.271
6376 	 -1.719
6424 	 -1.319
6444 	 -0.761
6504 	 -0.637
6506 	 -0.613
6552 	 -0.501
6634 	 -0.359
6704 	 -0.331
6710 	 -0.307
6726 	 -0.295
6728 	 -0.267
6782 	 -0.263
6894 	 -0.165
6990 	 -0.145
6994 	 -0.125
7002 	 -0.093
7272 	 -0.089
7278 	 -0.085
7290 	 -0.073
7324 	 -0.025
9000 	 -1.433
9024 	 -1.537
9050 	 -2.497
9078 	 -3.177
9112 	 -3.761
9158 	 -3.713
9162 	 -3.797
9174 	 -3.705
9186 	 -2.857
9216 	 -3.589
9232 	 -3.413
9238 	 -3.801
9262 	 -1.973
9268 	 -1.305
9298 	 -0.417
9304 	 -0.413
9306 	 -0.409
9334 	 -0.277
9400 	 -0.025
9660 	 -0.009
9904 	 -0.001
12000 	 -2.554
12002 	 -2.49
12004 	 -3.002
12006 	 -3.14
12008 	 -4.064
12012 	 -4.485
12016 	 -4.336
12020 	 -4.678
12032 	 -4.425
12040 	 -4.601
12042 	 -5.077
12048 	 -4.799
12064 	 -4.899
12070 	 -5.057
12088 	 -4.445
12100 	 -4.349
12102 	 -4.262
12114 	 -4.403
12120 	 -3.875
12130 	 -3.662
12154 	 -4.698
12162 	 -4.671
12178 	 -4.716
12180 	 -4.452
12184 	 -4.304
12190 	 -4.62
12192 	 -4.563
12198 	 -4.555
12200 	 -4.343
12210 	 -4.409
12212 	 -5.453
12226 	 -5.444
12230 	 -5.295
12234 	 -6.643
12242 	 -6.682
12248 	 -6.676
12252 	 -5.921
12254 	 -6.044
12264 	 -5.979
12274 	 -4.727
12276 	 -4.933
12282 	 -4.636
12290 	 -4.364
12296 	 -4.604
12304 	 -4.512
12320 	 -4.514
12324 	 -3.91
12330 	 -4.016
12332 	 -4.048
12334 	 -4.034
12336 	 -3.906
12338 	 -3.654
12344 	 -2.858
12352 	 -2.962
12358 	 -2.943
12360 	 -1.991
12378 	 -1.869
12382 	 -1.785
12402 	 -1.606
12404 	 -1.326
12438 	 -1.008
12472 	 -1.325
12490 	 -1.504
12498 	 -1.554
12510 	 -1.672
12532 	 -1.663
12550 	 -1.491
12552 	 -1.371
12568 	 -1.389
12578 	 -1.358
12591 	 -1.525
12610 	 -1.672
12618 	 -1.307
12624 	 -1.277
12642 	 -1.107
12646 	 -1.21
12658 	 -1.142
12670 	 -1.116
12696 	 -1.328
12736 	 -1.57
12742 	 -1.563
12752 	 -2.092
12760 	 -2.253
12766 	 -2.366
12778 	 -2.515
12788 	 -2.723
12800 	 -2.607
12814 	 -2.605
12820 	 -2.396
12826 	 -2.35
12840 	 -2.173
12856 	 -2.435
12864 	 -2.489
12872 	 -2.337
12876 	 -2.463
12880 	 -2.466
12888 	 -1.996
12892 	 -2.015
12902 	 -2.136
12908 	 -2.22
12910 	 -2.246
12914 	 -2.232
12924 	 -2.236
12926 	 -2.306
12930 	 -2.424
12932 	 -2.319
12942 	 -2.165
12952 	 -2.204
12954 	 -2.214
12964 	 -2.189
12980 	 -2.479
12984 	 -2.84
12990 	 -2.834
12994 	 -2.771
12996 	 -2.755
13014 	 -2.716
13018 	 -2.614
13020 	 -2.595
13028 	 -2.708
13032 	 -3.202
13038 	 -3.424
13044 	 -3.415
13046 	 -3.828
13048 	 -4.045
13050 	 -4.21
13058 	 -4.462
13066 	 -4.441
13068 	 -4.765
13070 	 -4.696
13074 	 -4.628
13088 	 -4.433
13090 	 -4.902
13104 	 -4.9
13106 	 -4.728
13108 	 -4.973
13112 	 -4.901
13122 	 -4.894
13130 	 -4.898
13134 	 -4.908
13136 	 -4.696
13152 	 -4.424
13154 	 -4.489
13156 	 -4.217
13160 	 -4.635
13164 	 -4.524
13166 	 -4.441
13172 	 -4.535
13176 	 -4.616
13178 	 -4.509
13184 	 -4.663
13200 	 -4.598
13204 	 -4.439
13208 	 -4.775
13214 	 -4.567
13216 	 -4.561
13222 	 -4.508
13226 	 -3.915
13232 	 -3.757
13234 	 -3.767
13240 	 -3.856
13250 	 -3.941
13254 	 -3.964
13258 	 -3.895
13266 	 -4.084
13268 	 -4.08
13274 	 -4.541
13276 	 -4.354
13286 	 -4.451
13294 	 -4.311
13298 	 -4.053
13310 	 -3.95
13312 	 -3.81
13314 	 -3.77
13316 	 -3.806
13318 	 -3.73
13322 	 -3.652
13324 	 -3.714
13326 	 -3.651
13328 	 -3.622
13330 	 -3.736
13338 	 -3.704
13344 	 -3.676
13350 	 -3.69
13352 	 -3.732
13358 	 -3.796
13360 	 -3.845
13368 	 -3.756
13370 	 -3.764
13376 	 -3.749
13378 	 -3.703
13388 	 -3.57
13390 	 -3.367
13396 	 -3.445
13398 	 -3.413
13400 	 -3.45
13402 	 -3.387
13406 	 -3.241
13408 	 -3.214
13410 	 -3.174
13412 	 -3.171
13414 	 -2.934
13420 	 -3.037
13432 	 -2.906
13436 	 -2.89
13446 	 -2.881
13452 	 -2.815
13454 	 -2.906
13458 	 -2.926
13466 	 -2.96
13474 	 -2.925
13478 	 -3.034
13488 	 -3.014
13496 	 -2.928
13498 	 -2.881
13506 	 -2.613
13518 	 -2.578
13524 	 -2.562
13534 	 -2.548
13538 	 -2.361
13556 	 -2.473
13564 	 -2.46
13574 	 -2.521
13592 	 -2.522
13594 	 -2.62
13598 	 -2.46
13610 	 -2.45
13620 	 -2.366
13622 	 -2.391
13624 	 -2.413
13628 	 -2.375
13636 	 -2.31
13638 	 -2.293
13648 	 -2.313
13654 	 -2.311
13676 	 -2.196
13678 	 -2.064
13682 	 -2.013
13690 	 -2.007
13694 	 -1.953
13696 	 -1.675
13700 	 -1.772
13708 	 -1.756
13712 	 -1.692
13714 	 -1.687
13716 	 -1.659
13720 	 -1.698
13732 	 -1.582
13746 	 -1.529
13754 	 -1.48
13774 	 -1.461
13778 	 -1.443
13786 	 -1.436
13798 	 -1.32
13802 	 -1.314
13818 	 -1.302
13844 	 -1.249
13860 	 -1.246
13884 	 -1.237
13906 	 -1.216
13920 	 -1.191
13926 	 -1.186
13928 	 -1.174
13958 	 -1.16
13960 	 -0.987
13962 	 -0.981
13964 	 -0.972
13970 	 -0.957
13972 	 -0.953
13978 	 -0.905
13994 	 -0.898
13996 	 -0.822
14008 	 -0.783
14022 	 -0.644
14024 	 -0.642
14034 	 -0.788
14036 	 -0.761
14044 	 -0.744
14068 	 -0.726
14070 	 -0.72
14084 	 -0.717
14086 	 -0.672
14094 	 -0.662
14096 	 -0.647
14112 	 -0.593
14128 	 -0.471
14148 	 -0.437
14172 	 -0.268
14176 	 -0.264
14180 	 -0.243
14196 	 -0.2
14212 	 -0.196
14218 	 -0.158
14238 	 -0.139
14244 	 -0.102
14268 	 -0.1
14318 	 -0.093
14322 	 -0.06
14338 	 -0.055
14474 	 -0.053
14556 	 -0.05
15000 	 -1.388
15024 	 -1.528
15050 	 -2.453
15078 	 -3.156
15112 	 -3.78
15158 	 -3.779
15162 	 -3.863
15174 	 -3.767
15186 	 -2.879
15216 	 -3.887
15232 	 -3.711
15238 	 -3.967
15262 	 -2.359
15268 	 -2.014
15282 	 -1.486
15298 	 -0.791
15310 	 -0.812
15336 	 -0.961
15346 	 -0.857
15356 	 -0.942
15374 	 -0.752
15400 	 -0.373
15422 	 -0.293
15456 	 -0.162
15486 	 -0.067
15558 	 -0.032
15660 	 -0.02
15864 	 -0.016
15904 	 -0.008
18000 	 -2.128
18020 	 -2.245
18042 	 -2.757
18064 	 -2.897
18088 	 -2.325
18120 	 -1.703
18154 	 -3.064
18180 	 -2.8
18190 	 -3.515
18234 	 -5.114
18252 	 -5.082
18262 	 -4.989
18270 	 -3.697
18278 	 -3.613
18286 	 -3.425
18296 	 -3.59
18316 	 -3.65
18328 	 -3.772
18336 	 -3.304
18342 	 -3.266
18348 	 -2.478
18360 	 -1.405
18368 	 -1.252
18384 	 -1.259
18402 	 -0.776
18420 	 -0.459
18426 	 -0.415
18434 	 -0.356
18448 	 -0.186
18472 	 -0.171
18552 	 -0.02
18864 	 -0.016
19002 	 0
21000 	 -1.44
21001 	 -1.44
