0 	 0
3000 	 -1.376
3024 	 -1.496
3050 	 -1.88
3062 	 -2.472
3078 	 -3.176
3112 	 -3.62
3158 	 -3.808
3164 	 -3.728
3186 	 -2.828
3198 	 -2.688
3216 	 -1.912
3232 	 -1.736
3238 	 -1.364
3262 	 -0.608
3296 	 -0.264
3400 	 -0.024
3636 	 -0.008
3904 	 0
6000 	 -2.478
6020 	 -2.638
6042 	 -3.286
6064 	 -3.582
6088 	 -3.11
6120 	 -2.686
6138 	 -2.872
6154 	 -3.312
6180 	 -3.048
6190 	 -3.516
6198 	 -3.5
6234 	 -3.9
6284 	 -4.203
6296 	 -4.179
6346 	 -4.159
6360 	 -2.871
6374 	 -2.271
6376 	 -1.719
6424 	 -1.319
6444 	 -0.761
6504 	 -0.637
6506 	 -0.613
6552 	 -0.501
6634 	 -0.359
6704 	 -0.331
6710 	 -0.307
6726 	 -0.295
6728 	 -0.267
6782 	 -0.263
6894 	 -0.165
6990 	 -0.145
6994 	 -0.125
7002 	 -0.093
7272 	 -0.089
7278 	 -0.085
7290 	 -0.073
7324 	 -0.025
9000 	 -1.433
9024 	 -1.537
9050 	 -2.497
9078 	 -3.177
9112 	 -3.761
9158 	 -3.713
9162 	 -3.797
9174 	 -3.705
9186 	 -2.857
9216 	 -3.589
9232 	 -3.413
9238 	 -3.801
9262 	 -1.973
9268 	 -1.305
9298 	 -0.417
9304 	 -0.413
9306 	 -0.409
9334 	 -0.277
9400 	 -0.025
9660 	 -0.009
9904 	 -0.001
12000 	 -2.54
12002 	 -2.421
12004 	 -2.661
12006 	 -3.127
12008 	 -3.949
12010 	 -4.929
12012 	 -5.359
12016 	 -5.619
12018 	 -5.677
12020 	 -6.019
12030 	 -6.087
12032 	 -6.053
12034 	 -6.092
12040 	 -6.268
12042 	 -6.744
12064 	 -6.82
12070 	 -7.188
12072 	 -7.219
12082 	 -7.299
12088 	 -6.687
12100 	 -6.653
12112 	 -6.725
12120 	 -6.197
12130 	 -5.785
12148 	 -6.026
12154 	 -7.062
12156 	 -7.314
12160 	 -8.03
12178 	 -8.457
12180 	 -8.406
12190 	 -8.722
12192 	 -8.86
12198 	 -8.816
12200 	 -9.02
12212 	 -10.064
12226 	 -10.782
12230 	 -11.025
12234 	 -12.373
12236 	 -12.958
12246 	 -13.593
12252 	 -12.877
12254 	 -12.675
12256 	 -12.53
12260 	 -12.213
12274 	 -10.961
12276 	 -10.916
12282 	 -10.73
12286 	 -10.93
12290 	 -10.727
12294 	 -10.824
12296 	 -11.064
12304 	 -11.02
12310 	 -11.347
12314 	 -10.878
12324 	 -10.274
12326 	 -10.219
12332 	 -10.251
12334 	 -10.101
12338 	 -9.849
12344 	 -9.053
12346 	 -9.136
12350 	 -9.118
12352 	 -9.221
12358 	 -8.401
12360 	 -7.449
12362 	 -7.293
12368 	 -7.758
12372 	 -7.926
12374 	 -7.929
12376 	 -7.727
12380 	 -7.733
12382 	 -7.725
12384 	 -7.798
12386 	 -7.77
12390 	 -7.708
12392 	 -7.596
12396 	 -7.373
12404 	 -6.945
12406 	 -6.827
12410 	 -6.817
12412 	 -6.506
12432 	 -6.046
12438 	 -5.025
12446 	 -4.987
12452 	 -4.994
12454 	 -5.029
12456 	 -5.161
12466 	 -5.458
12470 	 -5.358
12478 	 -5.262
12480 	 -5.31
12484 	 -5.285
12488 	 -5.355
12500 	 -5.52
12512 	 -5.747
12518 	 -5.716
12522 	 -5.652
12542 	 -5.883
12548 	 -5.872
12550 	 -5.814
12552 	 -5.694
12566 	 -5.46
12574 	 -6.859
12576 	 -6.851
12582 	 -6.719
12592 	 -6.54
12598 	 -6.521
12606 	 -6.45
12620 	 -6.367
12624 	 -6.149
12626 	 -6.128
12632 	 -6.146
12636 	 -5.931
12638 	 -5.814
12640 	 -5.757
12648 	 -5.759
12658 	 -5.744
12664 	 -5.748
12672 	 -5.5
12673 	 -5.677
12688 	 -5.684
12697 	 -6.413
12704 	 -6.375
12712 	 -6.124
12722 	 -6.266
12732 	 -6.26
12736 	 -5.933
12748 	 -5.921
12750 	 -5.827
12756 	 -5.814
12768 	 -5.501
12770 	 -5.787
12774 	 -5.776
12776 	 -5.782
12784 	 -6.118
12792 	 -5.981
12796 	 -5.839
12798 	 -5.829
12802 	 -5.787
12808 	 -5.788
12810 	 -5.91
12828 	 -5.875
12846 	 -5.824
12852 	 -6.44
12866 	 -6.334
12868 	 -6.3
12880 	 -6.255
12886 	 -6.115
12896 	 -6.112
12904 	 -6.174
12916 	 -6.1
12918 	 -6.06
12920 	 -6.155
12924 	 -6.394
12930 	 -6.406
12934 	 -6.574
12936 	 -6.333
12942 	 -6.209
12954 	 -6.988
12956 	 -6.956
12958 	 -7.1
12966 	 -7.254
12982 	 -7.685
12984 	 -7.671
12990 	 -7.595
12996 	 -7.579
13000 	 -7.336
13002 	 -7.322
13010 	 -7.339
13012 	 -7.403
13018 	 -8.159
13022 	 -8.09
13026 	 -7.949
13036 	 -7.628
13038 	 -7.596
13042 	 -7.556
13044 	 -7.547
13050 	 -7.269
13052 	 -7.243
13056 	 -7.213
13060 	 -7.263
13068 	 -7.124
13070 	 -6.934
13084 	 -6.878
13088 	 -6.876
13090 	 -6.747
13094 	 -6.486
13096 	 -6.563
13098 	 -6.532
13104 	 -6.519
13106 	 -6.301
13120 	 -6.169
13128 	 -6.165
13132 	 -5.806
13144 	 -5.796
13156 	 -5.581
13158 	 -5.415
13164 	 -5.308
13170 	 -5.546
13176 	 -5.497
13182 	 -5.561
13196 	 -6.014
13200 	 -6.055
13206 	 -6.47
13218 	 -6.4
13224 	 -6.398
13228 	 -6.53
13230 	 -6.59
13232 	 -6.58
13250 	 -5.729
13252 	 -5.725
13256 	 -5.149
13264 	 -5.163
13274 	 -5.109
13282 	 -5.11
13286 	 -4.943
13294 	 -4.912
13306 	 -4.727
13322 	 -4.605
13328 	 -4.571
13340 	 -4.369
13346 	 -4.364
13348 	 -4.464
13352 	 -3.883
13358 	 -4.095
13374 	 -4.094
13376 	 -4.057
13378 	 -3.853
13382 	 -3.796
13386 	 -3.8
13406 	 -3.779
13410 	 -3.778
13424 	 -3.448
13430 	 -3.405
13436 	 -3.225
13448 	 -3.203
13454 	 -3.187
13456 	 -3.171
13464 	 -3.142
13466 	 -3.124
13474 	 -3.034
13476 	 -3.03
13484 	 -3.029
13488 	 -4.447
13490 	 -4.953
13498 	 -4.693
13502 	 -4.756
13504 	 -4.629
13520 	 -4.707
13522 	 -4.755
13538 	 -4.747
13540 	 -4.771
13550 	 -4.356
13552 	 -4.172
13558 	 -4.044
13562 	 -4.116
13564 	 -4.11
13578 	 -4.243
13580 	 -4.11
13582 	 -3.94
13584 	 -3.509
13602 	 -3.715
13604 	 -3.695
13606 	 -3.245
13632 	 -3.157
13634 	 -3.156
13638 	 -2.727
13648 	 -2.686
13650 	 -2.675
13654 	 -2.638
13668 	 -2.537
13684 	 -2.837
13692 	 -2.812
13706 	 -2.81
13708 	 -2.813
13710 	 -3.189
13712 	 -3.108
13720 	 -3.242
13722 	 -3.287
13726 	 -3.451
13732 	 -3.436
13740 	 -3.365
13748 	 -2.995
13752 	 -3.135
13760 	 -2.999
13766 	 -2.847
13772 	 -2.785
13778 	 -2.807
13780 	 -2.635
13786 	 -2.464
13798 	 -2.292
13802 	 -2.007
13804 	 -2
13806 	 -1.992
13808 	 -1.961
13816 	 -1.911
13824 	 -2.017
13834 	 -2.009
13854 	 -1.389
13864 	 -1.354
13884 	 -1.353
13890 	 -1.349
13898 	 -1.36
13904 	 -1.416
13920 	 -1.33
13922 	 -1.381
13936 	 -1.204
13942 	 -1.195
13944 	 -1.216
13954 	 -1.2
13960 	 -1.199
13962 	 -1.051
13966 	 -1.05
13980 	 -0.855
13996 	 -0.536
14020 	 -0.504
14044 	 -0.463
14058 	 -0.458
14066 	 -0.433
14146 	 -0.165
14170 	 -0.164
14236 	 -0.161
14252 	 -0.151
14332 	 -0.144
14426 	 -0.14
14452 	 -0.134
14482 	 -0.133
14548 	 -0.131
15000 	 -1.397
15024 	 -1.517
15050 	 -1.9
15078 	 -2.092
15112 	 -1.938
15158 	 -1.953
15186 	 -1.778
15216 	 -1.191
15232 	 -1.015
15262 	 -1.37
15308 	 -1.387
15310 	 -1.427
15334 	 -1.576
15336 	 -1.875
15352 	 -1.874
15354 	 -1.965
15356 	 -2.134
15374 	 -1.535
15400 	 -1.052
15422 	 -0.805
15456 	 -0.541
15460 	 -0.396
15470 	 -0.391
15486 	 -0.202
15492 	 -0.13
15518 	 -0.129
15558 	 -0.062
15568 	 -0.059
15574 	 -0.03
15610 	 -0.029
15708 	 -0.023
15864 	 -0.018
15904 	 -0.01
15916 	 -0.007
18000 	 -2.128
18020 	 -2.227
18042 	 -2.675
18064 	 -2.723
18088 	 -2.139
18120 	 -1.613
18154 	 -1.768
18180 	 -1.504
18190 	 -1.701
18234 	 -1.766
18262 	 -1.486
18296 	 -2.414
18328 	 -2.78
18342 	 -2.87
18360 	 -2.927
18368 	 -2.468
18384 	 -2.489
18402 	 -1.952
18420 	 -1.001
18426 	 -0.869
18434 	 -0.692
18448 	 -0.182
18472 	 -0.137
18552 	 -0.012
18864 	 0
21000 	 -1.44
21001 	 -1.44
