0 	 0
3000 	 -1.376
3024 	 -1.496
3050 	 -1.88
3062 	 -2.472
3078 	 -3.176
3112 	 -3.62
3158 	 -3.808
3164 	 -3.728
3186 	 -2.828
3198 	 -2.688
3216 	 -1.912
3232 	 -1.736
3238 	 -1.364
3262 	 -0.608
3296 	 -0.264
3400 	 -0.024
3636 	 -0.008
3904 	 0
6000 	 -2.478
6020 	 -2.638
6042 	 -3.286
6064 	 -3.582
6088 	 -3.11
6120 	 -2.686
6138 	 -2.872
6154 	 -3.312
6180 	 -3.048
6190 	 -3.516
6198 	 -3.5
6234 	 -3.9
6284 	 -4.203
6296 	 -4.179
6346 	 -4.159
6360 	 -2.871
6374 	 -2.271
6376 	 -1.719
6424 	 -1.319
6444 	 -0.761
6504 	 -0.637
6506 	 -0.613
6552 	 -0.501
6634 	 -0.359
6704 	 -0.331
6710 	 -0.307
6726 	 -0.295
6728 	 -0.267
6782 	 -0.263
6894 	 -0.165
6990 	 -0.145
6994 	 -0.125
7002 	 -0.093
7272 	 -0.089
7278 	 -0.085
7290 	 -0.073
7324 	 -0.025
9000 	 -1.433
9024 	 -1.537
9050 	 -2.497
9078 	 -3.177
9112 	 -3.761
9158 	 -3.713
9162 	 -3.797
9174 	 -3.705
9186 	 -2.857
9216 	 -3.589
9232 	 -3.413
9238 	 -3.801
9262 	 -1.973
9268 	 -1.305
9298 	 -0.417
9304 	 -0.413
9306 	 -0.409
9334 	 -0.277
9400 	 -0.025
9660 	 -0.009
9904 	 -0.001
12000 	 -2.54
12002 	 -2.421
12004 	 -2.661
12006 	 -3.127
12008 	 -3.949
12010 	 -4.929
12012 	 -5.359
12016 	 -5.619
12018 	 -5.677
12020 	 -6.019
12030 	 -6.087
12032 	 -6.053
12034 	 -6.092
12040 	 -6.268
12042 	 -6.744
12064 	 -6.82
12070 	 -7.187
12072 	 -7.218
12082 	 -7.298
12088 	 -6.686
12100 	 -6.646
12112 	 -6.718
12120 	 -6.19
12130 	 -5.938
12148 	 -6.179
12154 	 -7.215
12156 	 -7.467
12160 	 -7.825
12178 	 -8.298
12180 	 -8.247
12186 	 -8.299
12190 	 -8.615
12192 	 -8.753
12198 	 -8.731
12200 	 -8.904
12206 	 -8.894
12212 	 -9.938
12226 	 -10.656
12230 	 -10.989
12234 	 -12.337
12236 	 -12.922
12246 	 -13.246
12252 	 -12.53
12254 	 -12.328
12256 	 -12.314
12260 	 -11.997
12264 	 -12.355
12274 	 -11.103
12276 	 -10.998
12282 	 -10.812
12286 	 -11.152
12290 	 -10.88
12296 	 -11.12
12304 	 -10.89
12310 	 -11.117
12312 	 -11.148
12314 	 -10.911
12324 	 -10.277
12332 	 -10.324
12334 	 -10.259
12338 	 -10.007
12344 	 -9.211
12350 	 -9.206
12352 	 -9.528
12354 	 -9.404
12358 	 -8.689
12360 	 -7.737
12368 	 -7.706
12372 	 -7.691
12374 	 -7.694
12376 	 -7.431
12380 	 -7.434
12382 	 -7.329
12386 	 -7.301
12390 	 -7.239
12392 	 -7.197
12394 	 -7.047
12402 	 -6.765
12404 	 -6.415
12406 	 -6.297
12410 	 -6.284
12412 	 -5.973
12432 	 -5.581
12438 	 -5.09
12446 	 -5.052
12448 	 -5.106
12452 	 -5.113
12454 	 -4.99
12456 	 -5.155
12466 	 -5.452
12470 	 -5.352
12478 	 -5.329
12480 	 -5.213
12484 	 -5.156
12488 	 -5.287
12494 	 -5.415
12498 	 -5.376
12502 	 -5.368
12512 	 -5.575
12522 	 -5.511
12528 	 -5.682
12532 	 -5.65
12542 	 -5.881
12548 	 -5.87
12550 	 -5.855
12552 	 -5.735
12564 	 -5.729
12574 	 -7.144
12576 	 -7.12
12578 	 -7.106
12582 	 -6.9
12586 	 -6.871
12592 	 -6.692
12598 	 -6.673
12606 	 -6.602
12624 	 -5.936
12632 	 -5.954
12638 	 -5.843
12640 	 -5.74
12642 	 -5.725
12646 	 -5.782
12648 	 -5.786
12654 	 -5.636
12658 	 -5.621
12664 	 -5.65
12666 	 -5.644
12668 	 -5.685
12672 	 -5.643
12688 	 -6.244
12692 	 -5.948
12694 	 -5.976
12722 	 -5.803
12732 	 -5.797
12736 	 -5.462
12750 	 -5.368
12768 	 -5.084
12770 	 -5.145
12772 	 -5.265
12774 	 -5.254
12776 	 -5.244
12784 	 -5.129
12786 	 -5.122
12792 	 -4.985
12798 	 -4.975
12802 	 -4.95
12806 	 -4.947
12810 	 -5.063
12820 	 -4.927
12828 	 -4.892
12842 	 -5.053
12846 	 -4.981
12852 	 -5.363
12868 	 -5.329
12886 	 -5.328
12894 	 -5.24
12896 	 -5.237
12916 	 -5.163
12918 	 -5.118
12922 	 -5.119
12924 	 -5.344
12926 	 -5.413
12934 	 -5.57
12936 	 -5.64
12942 	 -5.988
12954 	 -6.713
12958 	 -6.853
12966 	 -7.015
12982 	 -7.123
12984 	 -7.111
12990 	 -7.105
12996 	 -7.089
13000 	 -6.881
13002 	 -6.867
13008 	 -6.87
13010 	 -6.972
13012 	 -6.964
13020 	 -7.262
13026 	 -7.013
13036 	 -7.012
13038 	 -7.071
13042 	 -7.195
13048 	 -7.079
13052 	 -6.834
13056 	 -6.804
13060 	 -6.785
13064 	 -6.792
13074 	 -6.888
13084 	 -6.72
13090 	 -6.787
13094 	 -6.558
13098 	 -6.425
13104 	 -6.707
13106 	 -5.931
13110 	 -6.294
13118 	 -6.393
13122 	 -6.339
13124 	 -6.421
13130 	 -6.437
13132 	 -6.386
13138 	 -6.374
13140 	 -6.289
13156 	 -6.143
13158 	 -5.942
13162 	 -6.095
13164 	 -6.072
13168 	 -6.065
13174 	 -6.329
13178 	 -6.532
13182 	 -6.567
13184 	 -6.495
13194 	 -6.758
13198 	 -6.977
13200 	 -6.861
13202 	 -7.338
13210 	 -7.221
13220 	 -7.099
13222 	 -7.16
13224 	 -7.158
13236 	 -7.038
13240 	 -7.057
13246 	 -6.711
13250 	 -6.246
13266 	 -6.218
13268 	 -5.948
13276 	 -5.95
13278 	 -5.858
13280 	 -5.81
13284 	 -5.928
13288 	 -5.82
13292 	 -5.77
13296 	 -5.863
13300 	 -5.813
13302 	 -5.846
13308 	 -5.832
13316 	 -5.611
13324 	 -5.26
13328 	 -5.034
13334 	 -4.998
13340 	 -4.699
13346 	 -4.694
13352 	 -4.648
13358 	 -4.617
13370 	 -4.554
13374 	 -4.283
13386 	 -4.293
13390 	 -4.358
13396 	 -4.669
13398 	 -4.701
13424 	 -4.574
13430 	 -4.751
13432 	 -4.82
13438 	 -4.914
13448 	 -4.898
13454 	 -4.897
13456 	 -4.946
13476 	 -5.514
13482 	 -5.479
13494 	 -5.397
13502 	 -5.429
13506 	 -5.435
13516 	 -5.335
13518 	 -6.096
13522 	 -6.308
13536 	 -6.268
13540 	 -6.284
13542 	 -6.259
13550 	 -6.131
13552 	 -6.116
13558 	 -5.993
13574 	 -6.144
13576 	 -5.502
13580 	 -5.355
13590 	 -5.293
13594 	 -5.356
13596 	 -5.49
13602 	 -5.541
13604 	 -5.506
13606 	 -5.515
13616 	 -5.605
13628 	 -5.581
13634 	 -5.58
13636 	 -5.639
13638 	 -5.539
13648 	 -5.494
13650 	 -5.489
13656 	 -5.518
13664 	 -5.451
13672 	 -5.463
13674 	 -5.447
13680 	 -5.378
13684 	 -5.459
13690 	 -5.401
13702 	 -5.289
13714 	 -5.293
13716 	 -5.316
13718 	 -5.443
13728 	 -5.445
13734 	 -5.444
13736 	 -5.454
13740 	 -5.415
13742 	 -5.507
13744 	 -5.497
13756 	 -5.395
13760 	 -5.375
13768 	 -5.362
13772 	 -5.446
13778 	 -5.389
13780 	 -5.23
13782 	 -5.172
13784 	 -5.177
13792 	 -5.074
13798 	 -5.237
13802 	 -5.309
13806 	 -5.285
13808 	 -5.201
13822 	 -5.178
13834 	 -5.185
13838 	 -5.672
13844 	 -5.666
13848 	 -5.665
13854 	 -6.073
13864 	 -6.038
13868 	 -6.072
13882 	 -6.063
13884 	 -6.062
13888 	 -6.081
13892 	 -6.017
13896 	 -6.002
13900 	 -6.038
13902 	 -6.064
13904 	 -6.176
13906 	 -6.168
13914 	 -6.266
13936 	 -6.2
13942 	 -6.191
13944 	 -5.885
13954 	 -5.88
13958 	 -5.772
13964 	 -6.097
13972 	 -6.172
13974 	 -5.864
13982 	 -6.111
13992 	 -5.866
13996 	 -5.864
13998 	 -5.949
14002 	 -5.428
14016 	 -5.568
14018 	 -5.526
14020 	 -5.495
14030 	 -5.256
14040 	 -4.854
14042 	 -4.784
14048 	 -4.709
14050 	 -4.295
14056 	 -4.179
14058 	 -4.174
14062 	 -4.228
14066 	 -4.231
14068 	 -3.98
14072 	 -3.82
14076 	 -3.926
14080 	 -3.901
14082 	 -3.867
14084 	 -3.787
14086 	 -3.691
14090 	 -3.627
14096 	 -3.7
14098 	 -3.447
14108 	 -3.445
14110 	 -3.378
14112 	 -3.487
14126 	 -3.27
14128 	 -3.268
14132 	 -3.141
14136 	 -3.129
14138 	 -3.295
14140 	 -3.256
14146 	 -2.256
14154 	 -2.203
14170 	 -2.028
14176 	 -2.118
14178 	 -2.013
14198 	 -1.9
14206 	 -2.058
14210 	 -1.876
14214 	 -1.844
14216 	 -1.638
14236 	 -1.635
14240 	 -1.314
14252 	 -1.296
14262 	 -1.211
14264 	 -1.151
14274 	 -0.999
14284 	 -0.95
14286 	 -0.898
14288 	 -0.881
14290 	 -0.842
14292 	 -0.808
14310 	 -0.737
14324 	 -0.636
14326 	 -0.634
14344 	 -0.633
14360 	 -0.369
14364 	 -0.341
14392 	 -0.329
14406 	 -0.31
14430 	 -0.302
14456 	 -0.285
14458 	 -0.284
14464 	 -0.279
14476 	 -0.274
14500 	 -0.254
14510 	 -0.253
14544 	 -0.25
14552 	 -0.242
14556 	 -0.233
14580 	 -0.223
14582 	 -0.199
14588 	 -0.193
14618 	 -0.19
14640 	 -0.187
14648 	 -0.185
15000 	 -1.414
15024 	 -1.555
15050 	 -2.335
15078 	 -2.914
15112 	 -3.352
15158 	 -3.305
15162 	 -3.367
15174 	 -3.296
15186 	 -2.545
15194 	 -2.538
15216 	 -3.15
15232 	 -2.974
15238 	 -3.167
15262 	 -1.924
15268 	 -1.665
15282 	 -1.269
15298 	 -0.749
15310 	 -0.769
15336 	 -0.918
15346 	 -0.84
15352 	 -0.839
15356 	 -0.924
15374 	 -0.734
15400 	 -0.388
15422 	 -0.308
15456 	 -0.177
15470 	 -0.172
15486 	 -0.077
15558 	 -0.042
15568 	 -0.039
15632 	 -0.037
15660 	 -0.028
15864 	 -0.024
15904 	 -0.016
16236 	 -0.015
16254 	 -0.013
16500 	 -0.012
18000 	 -2.128
18020 	 -2.236
18042 	 -2.716
18064 	 -2.813
18088 	 -2.218
18120 	 -1.597
18154 	 -2.616
18180 	 -2.352
18190 	 -2.87
18234 	 -4.036
18252 	 -4.012
18262 	 -3.919
18270 	 -2.95
18278 	 -2.887
18286 	 -2.746
18296 	 -2.923
18316 	 -2.968
18328 	 -3.09
18336 	 -2.739
18342 	 -2.718
18348 	 -2.127
18360 	 -1.303
18368 	 -1.15
18384 	 -1.157
18402 	 -0.75
18420 	 -0.433
18426 	 -0.389
18434 	 -0.33
18448 	 -0.16
18472 	 -0.145
18552 	 -0.016
18864 	 -0.012
19002 	 0
21000 	 -1.44
21001 	 -1.44
