0 	 0
3000 	 -1.376
3024 	 -1.496
3050 	 -1.88
3062 	 -2.472
3078 	 -3.176
3112 	 -3.62
3158 	 -3.808
3164 	 -3.728
3186 	 -2.828
3198 	 -2.688
3216 	 -1.912
3232 	 -1.736
3238 	 -1.364
3262 	 -0.608
3296 	 -0.264
3400 	 -0.024
3636 	 -0.008
3904 	 0
6000 	 -2.478
6020 	 -2.638
6042 	 -3.286
6064 	 -3.582
6088 	 -3.11
6120 	 -2.686
6138 	 -2.872
6154 	 -3.312
6180 	 -3.048
6190 	 -3.516
6198 	 -3.5
6234 	 -3.9
6284 	 -4.203
6296 	 -4.179
6346 	 -4.159
6360 	 -2.871
6374 	 -2.271
6376 	 -1.719
6424 	 -1.319
6444 	 -0.761
6504 	 -0.637
6506 	 -0.613
6552 	 -0.501
6634 	 -0.359
6704 	 -0.331
6710 	 -0.307
6726 	 -0.295
6728 	 -0.267
6782 	 -0.263
6894 	 -0.165
6990 	 -0.145
6994 	 -0.125
7002 	 -0.093
7272 	 -0.089
7278 	 -0.085
7290 	 -0.073
7324 	 -0.025
9000 	 -1.433
9024 	 -1.537
9050 	 -2.497
9078 	 -3.177
9112 	 -3.761
9158 	 -3.713
9162 	 -3.797
9174 	 -3.705
9186 	 -2.857
9216 	 -3.589
9232 	 -3.413
9238 	 -3.801
9262 	 -1.973
9268 	 -1.305
9298 	 -0.417
9304 	 -0.413
9306 	 -0.409
9334 	 -0.277
9400 	 -0.025
9660 	 -0.009
9904 	 -0.001
12000 	 -2.54
12002 	 -2.421
12004 	 -2.661
12006 	 -3.127
12008 	 -3.949
12010 	 -4.929
12012 	 -5.359
12016 	 -5.619
12018 	 -5.677
12020 	 -6.019
12030 	 -6.087
12032 	 -6.053
12034 	 -6.092
12040 	 -6.268
12042 	 -6.744
12064 	 -6.82
12070 	 -7.187
12072 	 -7.218
12082 	 -7.298
12088 	 -6.686
12100 	 -6.646
12112 	 -6.718
12120 	 -6.19
12130 	 -5.938
12148 	 -6.179
12154 	 -7.215
12156 	 -7.467
12160 	 -7.825
12178 	 -8.322
12180 	 -8.271
12186 	 -8.323
12190 	 -8.639
12192 	 -8.777
12198 	 -8.755
12200 	 -8.909
12206 	 -8.899
12212 	 -9.943
12226 	 -10.661
12230 	 -10.949
12234 	 -12.297
12236 	 -12.882
12246 	 -13.244
12252 	 -12.528
12254 	 -12.326
12256 	 -12.334
12260 	 -12.017
12264 	 -12.345
12274 	 -11.093
12276 	 -11.067
12282 	 -10.881
12286 	 -11.078
12288 	 -11.178
12290 	 -10.906
12296 	 -11.146
12304 	 -10.916
12310 	 -11.08
12312 	 -11.045
12314 	 -10.855
12324 	 -10.302
12332 	 -10.334
12334 	 -10.249
12338 	 -9.997
12344 	 -9.201
12350 	 -9.196
12352 	 -9.521
12354 	 -9.425
12358 	 -8.672
12360 	 -7.72
12372 	 -7.705
12374 	 -7.708
12376 	 -7.41
12380 	 -7.413
12382 	 -7.244
12386 	 -7.216
12390 	 -7.256
12392 	 -7.186
12394 	 -7.036
12402 	 -6.796
12404 	 -6.446
12406 	 -6.328
12410 	 -6.43
12412 	 -6.108
12432 	 -5.708
12438 	 -4.974
12446 	 -4.936
12452 	 -4.943
12456 	 -5.155
12466 	 -5.452
12468 	 -5.444
12470 	 -5.344
12478 	 -5.321
12480 	 -5.205
12488 	 -5.402
12498 	 -5.487
12512 	 -5.745
12522 	 -5.681
12528 	 -5.781
12542 	 -6.012
12548 	 -6.001
12550 	 -6.004
12552 	 -5.884
12564 	 -5.878
12574 	 -7.175
12576 	 -7.151
12578 	 -7.146
12588 	 -6.759
12592 	 -6.58
12598 	 -6.538
12602 	 -6.536
12606 	 -6.465
12610 	 -6.461
12624 	 -6.05
12632 	 -6.068
12638 	 -5.952
12640 	 -6.258
12648 	 -6.259
12652 	 -6.21
12658 	 -6.184
12672 	 -6.142
12678 	 -6.137
12684 	 -6.62
12686 	 -6.575
12688 	 -6.582
12690 	 -6.295
12694 	 -6.557
12722 	 -6.438
12732 	 -6.432
12736 	 -5.9
12740 	 -6.11
12750 	 -6.016
12766 	 -5.997
12768 	 -6.248
12770 	 -6.309
12774 	 -6.298
12776 	 -6.288
12780 	 -6.247
12784 	 -6.103
12792 	 -5.966
12798 	 -5.956
12802 	 -5.826
12808 	 -5.903
12810 	 -5.652
12816 	 -5.677
12828 	 -5.641
12842 	 -5.537
12852 	 -5.948
12856 	 -6.015
12862 	 -6.082
12868 	 -6.048
12880 	 -6.113
12892 	 -6.357
12894 	 -6.131
12896 	 -6.128
12900 	 -6.126
12916 	 -6.052
12918 	 -6.006
12924 	 -6.287
12926 	 -6.29
12934 	 -6.759
12936 	 -7.003
12942 	 -6.879
12952 	 -7.151
12954 	 -7.148
12956 	 -7.301
12966 	 -7.479
12982 	 -8.251
12984 	 -8.239
12986 	 -8.086
12990 	 -8.08
12996 	 -8.083
13002 	 -8.069
13006 	 -8.055
13008 	 -8.504
13010 	 -8.521
13012 	 -8.521
13022 	 -8.679
13024 	 -8.654
13026 	 -8.833
13032 	 -8.854
13036 	 -8.853
13042 	 -8.827
13044 	 -8.701
13050 	 -8.679
13052 	 -8.653
13056 	 -8.661
13060 	 -8.642
13062 	 -8.414
13064 	 -8.187
13070 	 -7.995
13076 	 -8
13078 	 -7.888
13088 	 -7.832
13094 	 -7.634
13102 	 -7.602
13104 	 -7.77
13112 	 -7.759
13132 	 -7.548
13138 	 -7.367
13148 	 -7.377
13156 	 -7.402
13158 	 -7.326
13162 	 -7.258
13172 	 -7.302
13182 	 -7.301
13184 	 -7.28
13186 	 -7.324
13192 	 -7.428
13198 	 -7.449
13224 	 -7.447
13228 	 -6.994
13230 	 -6.938
13236 	 -6.916
13246 	 -6.777
13250 	 -5.975
13252 	 -5.789
13262 	 -5.806
13270 	 -5.673
13284 	 -5.782
13292 	 -5.665
13312 	 -5.591
13320 	 -5.458
13322 	 -5.446
13328 	 -5.412
13340 	 -5.679
13346 	 -5.674
13352 	 -5.649
13374 	 -4.536
13378 	 -4.817
13384 	 -5.004
13390 	 -4.996
13394 	 -4.913
13396 	 -5.085
13398 	 -5.391
13412 	 -5.121
13416 	 -5.11
13424 	 -4.492
13426 	 -4.261
13440 	 -4.271
13448 	 -4.127
13450 	 -4.294
13452 	 -4.278
13454 	 -4.277
13466 	 -4.309
13472 	 -4.222
13476 	 -4.193
13478 	 -3.806
13494 	 -3.71
13500 	 -3.684
13514 	 -3.52
13526 	 -4.026
13550 	 -3.363
13562 	 -3.332
13574 	 -3.593
13578 	 -3.564
13590 	 -3.64
13600 	 -3.575
13608 	 -3.618
13610 	 -3.711
13634 	 -3.71
13638 	 -3.59
13640 	 -3.479
13648 	 -3.324
13650 	 -3.319
13660 	 -3.203
13662 	 -3.318
13666 	 -3.288
13670 	 -3.436
13672 	 -3.476
13678 	 -3.452
13690 	 -3.402
13694 	 -3.688
13700 	 -3.75
13706 	 -3.74
13710 	 -4.008
13714 	 -3.986
13722 	 -4.032
13728 	 -4.238
13730 	 -4.229
13738 	 -4.2
13740 	 -4.182
13742 	 -4.08
13752 	 -3.936
13758 	 -3.938
13760 	 -3.917
13764 	 -3.83
13774 	 -3.565
13778 	 -3.268
13780 	 -2.929
13784 	 -2.953
13788 	 -2.954
13792 	 -2.883
13794 	 -2.864
13798 	 -2.706
13800 	 -2.775
13806 	 -2.548
13822 	 -2.483
13828 	 -2.592
13836 	 -2.661
13838 	 -2.482
13848 	 -2.427
13850 	 -2.299
13852 	 -2.332
13854 	 -2.214
13858 	 -2.179
13864 	 -2.144
13870 	 -2.143
13876 	 -2.169
13884 	 -2.168
13890 	 -2.338
13910 	 -2.273
13912 	 -2.238
13920 	 -2.262
13922 	 -2.271
13926 	 -2.318
13930 	 -2.282
13942 	 -2.43
13956 	 -2.389
13982 	 -2.476
13992 	 -2.453
13994 	 -2.451
14002 	 -2.46
14008 	 -2.476
14030 	 -1.614
14032 	 -1.589
14038 	 -1.557
14046 	 -1.525
14048 	 -1.494
14052 	 -1.451
14056 	 -1.406
14058 	 -1.401
14062 	 -1.385
14070 	 -1.321
14074 	 -1.256
14078 	 -1.223
14080 	 -1.149
14102 	 -1.104
14110 	 -1.026
14132 	 -0.994
14138 	 -0.946
14146 	 -0.836
14154 	 -0.814
14164 	 -0.813
14176 	 -0.78
14178 	 -0.756
14186 	 -0.594
14190 	 -0.587
14204 	 -0.53
14224 	 -0.463
14228 	 -0.456
14236 	 -0.453
14246 	 -0.322
14252 	 -0.292
14270 	 -0.282
14294 	 -0.249
14298 	 -0.228
14342 	 -0.227
14358 	 -0.221
14370 	 -0.214
14406 	 -0.212
14428 	 -0.162
14444 	 -0.157
14464 	 -0.154
14586 	 -0.151
14638 	 -0.149
15000 	 -1.4
15024 	 -1.519
15050 	 -2.048
15078 	 -2.363
15112 	 -2.402
15158 	 -2.291
15162 	 -2.312
15174 	 -2.288
15186 	 -1.811
15216 	 -1.631
15232 	 -1.455
15238 	 -1.519
15262 	 -1.01
15268 	 -0.924
15282 	 -0.791
15298 	 -0.618
15310 	 -0.638
15336 	 -0.787
15346 	 -0.761
15352 	 -0.76
15356 	 -0.846
15374 	 -0.651
15400 	 -0.376
15422 	 -0.297
15456 	 -0.164
15470 	 -0.159
15486 	 -0.065
15558 	 -0.033
15568 	 -0.03
15660 	 -0.027
15704 	 -0.026
15708 	 -0.019
15864 	 -0.018
15904 	 -0.01
18000 	 -2.128
18020 	 -2.218
18042 	 -2.634
18064 	 -2.645
18088 	 -2.004
18120 	 -1.385
18154 	 -1.72
18180 	 -1.456
18190 	 -1.58
18234 	 -1.88
18252 	 -1.872
18262 	 -1.779
18270 	 -1.456
18278 	 -1.435
18286 	 -1.388
18296 	 -1.589
18316 	 -1.604
18328 	 -1.726
18336 	 -1.609
18342 	 -1.622
18348 	 -1.425
18360 	 -1.099
18368 	 -0.946
18384 	 -0.953
18402 	 -0.698
18420 	 -0.381
18426 	 -0.337
18434 	 -0.278
18448 	 -0.108
18472 	 -0.093
18552 	 -0.008
18864 	 -0.004
19002 	 0
21000 	 -1.44
21001 	 -1.44
