0 	 0
3000 	 -1.376
3024 	 -1.496
3050 	 -1.88
3062 	 -2.472
3078 	 -3.176
3112 	 -3.62
3158 	 -3.808
3164 	 -3.728
3186 	 -2.828
3198 	 -2.688
3216 	 -1.912
3232 	 -1.736
3238 	 -1.364
3262 	 -0.608
3296 	 -0.264
3400 	 -0.024
3636 	 -0.008
3904 	 0
6000 	 -2.478
6020 	 -2.638
6042 	 -3.286
6064 	 -3.582
6088 	 -3.11
6120 	 -2.686
6138 	 -2.872
6154 	 -3.312
6180 	 -3.048
6190 	 -3.516
6198 	 -3.5
6234 	 -3.9
6284 	 -4.203
6296 	 -4.179
6346 	 -4.159
6360 	 -2.871
6374 	 -2.271
6376 	 -1.719
6424 	 -1.319
6444 	 -0.761
6504 	 -0.637
6506 	 -0.613
6552 	 -0.501
6634 	 -0.359
6704 	 -0.331
6710 	 -0.307
6726 	 -0.295
6728 	 -0.267
6782 	 -0.263
6894 	 -0.165
6990 	 -0.145
6994 	 -0.125
7002 	 -0.093
7272 	 -0.089
7278 	 -0.085
7290 	 -0.073
7324 	 -0.025
9000 	 -1.433
9024 	 -1.537
9050 	 -2.497
9078 	 -3.177
9112 	 -3.761
9158 	 -3.713
9162 	 -3.797
9174 	 -3.705
9186 	 -2.857
9216 	 -3.589
9232 	 -3.413
9238 	 -3.801
9262 	 -1.973
9268 	 -1.305
9298 	 -0.417
9304 	 -0.413
9306 	 -0.409
9334 	 -0.277
9400 	 -0.025
9660 	 -0.009
9904 	 -0.001
12000 	 -2.54
12002 	 -2.421
12004 	 -2.581
12006 	 -3.047
12010 	 -4.027
12016 	 -4.287
12018 	 -4.345
12020 	 -4.461
12030 	 -4.529
12032 	 -4.495
12034 	 -4.534
12042 	 -5.01
12064 	 -5.086
12072 	 -5.117
12082 	 -5.197
12088 	 -4.585
12112 	 -4.657
12120 	 -4.129
12148 	 -4.37
12154 	 -5.406
12156 	 -5.658
12178 	 -5.944
12180 	 -5.893
12190 	 -6.209
12192 	 -6.347
12212 	 -7.391
12226 	 -8.109
12234 	 -9.457
12236 	 -10.042
12252 	 -9.326
12260 	 -9.009
12274 	 -7.757
12282 	 -7.629
12286 	 -7.829
12290 	 -7.557
12296 	 -7.797
12304 	 -7.753
12310 	 -7.889
12324 	 -7.285
12332 	 -7.317
12338 	 -7.065
12344 	 -6.269
12352 	 -6.494
12358 	 -5.846
12360 	 -4.894
12374 	 -4.897
12376 	 -4.884
12382 	 -4.876
12386 	 -4.848
12390 	 -4.786
12404 	 -4.514
12406 	 -4.396
12412 	 -4.085
12432 	 -3.828
12446 	 -3.79
12452 	 -3.797
12466 	 -4.094
12470 	 -3.994
12478 	 -3.971
12480 	 -3.855
12486 	 -4.036
12488 	 -4.102
12512 	 -4.342
12520 	 -4.325
12522 	 -4.261
12542 	 -4.492
12548 	 -4.481
12552 	 -4.361
12574 	 -5.674
12592 	 -5.495
12598 	 -5.476
12606 	 -5.405
12624 	 -5.64
12632 	 -5.658
12638 	 -5.547
12640 	 -5.49
12648 	 -5.5
12656 	 -5.41
12658 	 -5.395
12664 	 -5.379
12672 	 -5.461
12688 	 -5.468
12698 	 -5.502
12722 	 -5.454
12728 	 -5.295
12732 	 -5.289
12736 	 -5.1
12746 	 -4.927
12750 	 -4.833
12762 	 -4.807
12768 	 -4.92
12770 	 -5.02
12772 	 -5.014
12774 	 -5.003
12792 	 -4.866
12798 	 -4.856
12802 	 -4.857
12816 	 -4.759
12818 	 -4.68
12828 	 -4.645
12848 	 -4.569
12852 	 -4.533
12866 	 -4.937
12868 	 -4.903
12874 	 -5.073
12892 	 -5.226
12896 	 -5.223
12912 	 -5.211
12916 	 -5.137
12918 	 -4.998
12932 	 -4.791
12936 	 -4.731
12942 	 -4.607
12946 	 -4.429
12954 	 -4.426
12966 	 -4.636
12982 	 -4.477
12984 	 -4.34
12996 	 -4.324
13002 	 -4.31
13004 	 -4.351
13008 	 -4.454
13010 	 -4.471
13012 	 -4.374
13016 	 -4.424
13024 	 -4.564
13026 	 -4.464
13034 	 -4.378
13036 	 -4.377
13042 	 -4.337
13048 	 -4.155
13052 	 -4.129
13056 	 -4.099
13060 	 -4.08
13072 	 -4.261
13094 	 -4.128
13102 	 -3.99
13104 	 -3.92
13106 	 -3.832
13110 	 -3.853
13128 	 -3.929
13132 	 -4.321
13148 	 -5.09
13152 	 -5.115
13156 	 -5.039
13158 	 -4.963
13160 	 -4.921
13162 	 -5.039
13164 	 -5.138
13182 	 -5.038
13190 	 -5.079
13194 	 -5.232
13200 	 -4.947
13202 	 -5.422
13204 	 -5.418
13212 	 -5.263
13216 	 -5.547
13222 	 -5.458
13224 	 -5.456
13232 	 -5.405
13250 	 -4.018
13272 	 -3.74
13274 	 -3.585
13278 	 -3.609
13280 	 -3.58
13282 	 -3.5
13286 	 -3.462
13290 	 -3.554
13300 	 -3.7
13310 	 -3.619
13328 	 -3.585
13330 	 -3.858
13340 	 -3.434
13346 	 -3.429
13352 	 -3.404
13358 	 -3.431
13368 	 -3.498
13372 	 -3.59
13376 	 -3.434
13390 	 -4.143
13394 	 -4.35
13396 	 -4.526
13404 	 -4.494
13406 	 -4.561
13410 	 -4.514
13424 	 -4.046
13426 	 -3.984
13434 	 -3.951
13438 	 -4.022
13446 	 -3.9
13452 	 -3.53
13460 	 -3.505
13468 	 -3.773
13472 	 -3.753
13476 	 -3.788
13480 	 -3.704
13482 	 -3.626
13484 	 -3.461
13496 	 -3.484
13498 	 -3.335
13510 	 -3.333
13518 	 -3.305
13520 	 -2.689
13526 	 -2.809
13528 	 -2.619
13544 	 -2.604
13550 	 -2.583
13552 	 -2.55
13554 	 -2.597
13588 	 -2.761
13594 	 -3.047
13634 	 -3.046
13638 	 -2.902
13648 	 -2.705
13650 	 -2.7
13652 	 -2.377
13660 	 -2.508
13664 	 -2.595
13670 	 -2.597
13672 	 -2.633
13678 	 -2.574
13694 	 -2.629
13708 	 -2.674
13726 	 -2.749
13730 	 -2.572
13736 	 -2.556
13740 	 -2.538
13748 	 -2.546
13756 	 -2.439
13760 	 -2.419
13762 	 -2.254
13768 	 -2.248
13772 	 -2.188
13780 	 -1.997
13786 	 -1.973
13798 	 -1.957
13814 	 -1.947
13822 	 -1.914
13824 	 -1.706
13826 	 -1.679
13834 	 -1.733
13838 	 -1.716
13854 	 -1.598
13858 	 -1.791
13860 	 -1.647
13864 	 -1.608
13878 	 -1.548
13880 	 -1.562
13884 	 -1.561
13894 	 -1.547
13896 	 -1.543
13900 	 -1.161
13916 	 -1.127
13932 	 -1.085
13934 	 -1.106
13938 	 -1.083
13942 	 -1.074
13946 	 -1.006
13954 	 -1.005
13964 	 -0.934
13966 	 -0.932
13978 	 -0.917
13992 	 -0.887
13994 	 -0.749
13996 	 -0.822
14022 	 -0.808
14026 	 -0.658
14036 	 -0.653
14040 	 -0.658
14046 	 -0.643
14054 	 -0.605
14058 	 -0.6
14070 	 -0.474
14088 	 -0.465
14090 	 -0.458
14092 	 -0.383
14112 	 -0.365
14132 	 -0.343
14146 	 -0.233
14152 	 -0.224
14156 	 -0.215
14166 	 -0.199
14190 	 -0.196
14196 	 -0.192
14232 	 -0.172
14234 	 -0.168
14236 	 -0.155
14274 	 -0.148
14356 	 -0.132
14404 	 -0.129
14422 	 -0.123
15000 	 -1.397
15024 	 -1.538
15050 	 -2.172
15078 	 -2.628
15112 	 -2.872
15158 	 -2.952
15162 	 -2.993
15174 	 -2.945
15186 	 -2.495
15216 	 -2.7
15232 	 -2.524
15238 	 -2.652
15262 	 -2.276
15268 	 -2.103
15282 	 -1.839
15298 	 -1.492
15308 	 -1.509
15310 	 -1.549
15334 	 -1.698
15336 	 -1.996
15346 	 -1.944
15352 	 -1.943
15354 	 -2.033
15356 	 -2.204
15374 	 -1.605
15400 	 -1.056
15422 	 -0.809
15456 	 -0.545
15460 	 -0.4
15470 	 -0.395
15486 	 -0.206
15492 	 -0.134
15558 	 -0.067
15568 	 -0.064
15574 	 -0.035
15660 	 -0.029
15708 	 -0.023
15864 	 -0.018
15904 	 -0.01
15916 	 -0.007
18000 	 -2.128
18020 	 -2.245
18042 	 -2.757
18064 	 -2.891
18088 	 -2.353
18120 	 -1.825
18154 	 -2.664
18180 	 -2.4
18190 	 -2.991
18234 	 -3.922
18252 	 -3.906
18262 	 -3.626
18270 	 -2.98
18278 	 -2.938
18286 	 -2.844
18296 	 -3.748
18316 	 -3.778
18328 	 -4.144
18336 	 -3.91
18342 	 -3.966
18348 	 -3.572
18360 	 -3.131
18368 	 -2.672
18384 	 -2.693
18402 	 -2.004
18420 	 -1.053
18426 	 -0.921
18434 	 -0.744
18448 	 -0.234
18472 	 -0.189
18552 	 -0.02
18864 	 -0.008
19002 	 0
21000 	 -1.44
21001 	 -1.44
