0 	 0
3000 	 -1.376
3024 	 -1.496
3050 	 -1.88
3062 	 -2.472
3078 	 -3.176
3112 	 -3.62
3158 	 -3.808
3164 	 -3.728
3186 	 -2.828
3198 	 -2.688
3216 	 -1.912
3232 	 -1.736
3238 	 -1.364
3262 	 -0.608
3296 	 -0.264
3400 	 -0.024
3636 	 -0.008
3904 	 0
6000 	 -2.478
6020 	 -2.638
6042 	 -3.286
6064 	 -3.582
6088 	 -3.11
6120 	 -2.686
6138 	 -2.872
6154 	 -3.312
6180 	 -3.048
6190 	 -3.516
6198 	 -3.5
6234 	 -3.9
6284 	 -4.203
6296 	 -4.179
6346 	 -4.159
6360 	 -2.871
6374 	 -2.271
6376 	 -1.719
6424 	 -1.319
6444 	 -0.761
6504 	 -0.637
6506 	 -0.613
6552 	 -0.501
6634 	 -0.359
6704 	 -0.331
6710 	 -0.307
6726 	 -0.295
6728 	 -0.267
6782 	 -0.263
6894 	 -0.165
6990 	 -0.145
6994 	 -0.125
7002 	 -0.093
7272 	 -0.089
7278 	 -0.085
7290 	 -0.073
7324 	 -0.025
9000 	 -1.433
9024 	 -1.537
9050 	 -2.497
9078 	 -3.177
9112 	 -3.761
9158 	 -3.713
9162 	 -3.797
9174 	 -3.705
9186 	 -2.857
9216 	 -3.589
9232 	 -3.413
9238 	 -3.801
9262 	 -1.973
9268 	 -1.305
9298 	 -0.417
9304 	 -0.413
9306 	 -0.409
9334 	 -0.277
9400 	 -0.025
9660 	 -0.009
9904 	 -0.001
12000 	 -2.54
12002 	 -2.421
12004 	 -2.701
12006 	 -3.167
12008 	 -4.4
12010 	 -5.38
12012 	 -6.025
12016 	 -6.285
12018 	 -6.343
12020 	 -6.798
12030 	 -6.866
12032 	 -6.832
12034 	 -6.871
12040 	 -7.135
12042 	 -7.611
12064 	 -7.687
12070 	 -8.229
12072 	 -8.26
12082 	 -8.34
12088 	 -7.728
12100 	 -7.609
12112 	 -7.681
12114 	 -7.822
12120 	 -7.294
12130 	 -7.035
12148 	 -7.276
12154 	 -8.312
12156 	 -8.564
12178 	 -9.212
12180 	 -9.161
12184 	 -9.013
12186 	 -9.065
12190 	 -9.381
12192 	 -9.462
12200 	 -9.309
12206 	 -9.299
12210 	 -9.295
12212 	 -10.339
12226 	 -11.563
12230 	 -11.546
12234 	 -12.894
12236 	 -13.479
12242 	 -13.466
12248 	 -13.498
12252 	 -12.743
12254 	 -12.44
12256 	 -12.426
12260 	 -12.109
12264 	 -12.406
12274 	 -11.154
12276 	 -11.208
12282 	 -10.882
12286 	 -10.822
12290 	 -10.55
12296 	 -10.79
12304 	 -10.256
12310 	 -10.392
12312 	 -10.57
12320 	 -10.572
12324 	 -9.777
12330 	 -9.959
12332 	 -9.991
12338 	 -9.739
12344 	 -8.943
12350 	 -9.001
12352 	 -9.166
12354 	 -8.919
12356 	 -8.867
12358 	 -8.217
12360 	 -7.265
12362 	 -7.162
12372 	 -7.003
12374 	 -7.006
12376 	 -7.068
12378 	 -7.051
12382 	 -7.05
12386 	 -7.022
12390 	 -6.96
12394 	 -6.663
12396 	 -6.641
12404 	 -6.369
12406 	 -6.146
12412 	 -5.835
12432 	 -5.427
12438 	 -4.842
12446 	 -4.804
12452 	 -5.042
12456 	 -5.124
12466 	 -5.421
12470 	 -5.321
12474 	 -5.158
12476 	 -5.129
12478 	 -5.106
12480 	 -4.99
12486 	 -4.906
12488 	 -4.989
12490 	 -4.813
12500 	 -4.734
12512 	 -4.971
12522 	 -4.907
12532 	 -4.898
12542 	 -5.28
12548 	 -5.25
12550 	 -5.167
12552 	 -5.047
12564 	 -5.041
12574 	 -6.165
12576 	 -6.145
12578 	 -5.734
12590 	 -5.614
12592 	 -5.469
12598 	 -5.45
12606 	 -5.379
12624 	 -5.29
12632 	 -5.308
12636 	 -5.372
12638 	 -5.261
12640 	 -5.215
12646 	 -5.643
12648 	 -5.818
12656 	 -5.81
12658 	 -6.025
12662 	 -5.985
12668 	 -5.965
12672 	 -5.923
12682 	 -5.915
12688 	 -5.922
12700 	 -5.693
12712 	 -5.563
12722 	 -5.399
12732 	 -5.393
12736 	 -5.02
12748 	 -5.084
12750 	 -4.99
12762 	 -4.971
12768 	 -5.034
12770 	 -5.094
12774 	 -5.083
12792 	 -5.091
12798 	 -5.081
12802 	 -5.087
12814 	 -5.085
12826 	 -5.634
12828 	 -5.606
12840 	 -5.621
12846 	 -5.591
12852 	 -5.527
12864 	 -5.749
12868 	 -5.715
12872 	 -5.855
12882 	 -5.852
12894 	 -5.817
12896 	 -5.814
12906 	 -6.292
12912 	 -7.088
12916 	 -7.014
12918 	 -7.354
12930 	 -7.347
12936 	 -7.287
12942 	 -7.163
12946 	 -7.207
12950 	 -7.694
12954 	 -7.691
12958 	 -7.661
12960 	 -7.609
12962 	 -7.76
12964 	 -7.471
12966 	 -7.58
12974 	 -7.988
12978 	 -7.823
12980 	 -7.84
12982 	 -7.754
12984 	 -7.69
12988 	 -7.688
12990 	 -7.679
12992 	 -7.9
12996 	 -7.884
12998 	 -7.89
13000 	 -8.349
13002 	 -8.335
13006 	 -8.122
13008 	 -8.154
13010 	 -8.171
13012 	 -7.58
13022 	 -7.571
13026 	 -7.471
13032 	 -7.652
13036 	 -7.743
13042 	 -7.711
13052 	 -7.722
13056 	 -6.788
13060 	 -6.764
13062 	 -6.798
13072 	 -6.364
13076 	 -6.483
13078 	 -6.356
13080 	 -6.44
13084 	 -6.438
13088 	 -6.389
13094 	 -6.256
13098 	 -6.244
13100 	 -6.209
13102 	 -6.198
13104 	 -6.063
13108 	 -6.132
13110 	 -6.151
13114 	 -6.126
13118 	 -6.039
13124 	 -6.262
13128 	 -6.309
13132 	 -6.229
13146 	 -6.627
13148 	 -6.601
13150 	 -6.641
13154 	 -6.698
13156 	 -6.622
13158 	 -6.546
13160 	 -7.07
13164 	 -7.242
13168 	 -7.142
13180 	 -7.018
13184 	 -6.975
13190 	 -7.27
13196 	 -7.139
13198 	 -7.411
13210 	 -7.122
13212 	 -7.096
13218 	 -7.09
13222 	 -6.985
13224 	 -6.983
13226 	 -6.964
13230 	 -6.921
13240 	 -6.945
13250 	 -6.129
13254 	 -6.098
13258 	 -6.071
13274 	 -5.958
13276 	 -5.805
13278 	 -5.477
13304 	 -5.39
13308 	 -5.476
13312 	 -4.828
13318 	 -5.025
13328 	 -4.998
13332 	 -4.919
13336 	 -4.871
13338 	 -4.817
13340 	 -4.669
13342 	 -4.653
13346 	 -4.648
13350 	 -4.642
13352 	 -4.617
13356 	 -4.599
13374 	 -4.718
13378 	 -4.86
13380 	 -4.828
13390 	 -4.768
13412 	 -4.669
13416 	 -4.664
13418 	 -4.747
13424 	 -4.281
13436 	 -4.305
13448 	 -3.996
13458 	 -4.1
13472 	 -4.214
13476 	 -3.731
13492 	 -3.764
13500 	 -3.79
13504 	 -3.705
13510 	 -3.595
13516 	 -3.678
13528 	 -3.724
13530 	 -3.687
13534 	 -3.375
13538 	 -3.397
13540 	 -3.421
13542 	 -3.42
13546 	 -3.405
13550 	 -3.385
13556 	 -3.353
13558 	 -3.333
13570 	 -3.461
13578 	 -3.419
13580 	 -3.456
13582 	 -3.444
13596 	 -3.413
13602 	 -3.122
13614 	 -2.931
13618 	 -2.986
13626 	 -3.046
13634 	 -3.045
13638 	 -2.946
13644 	 -2.932
13646 	 -2.785
13648 	 -2.746
13650 	 -2.741
13654 	 -2.7
13664 	 -2.626
13666 	 -2.466
13670 	 -2.445
13680 	 -2.431
13682 	 -2.44
13690 	 -2.441
13698 	 -2.501
13704 	 -2.32
13722 	 -2.245
13728 	 -2.215
13730 	 -2.163
13740 	 -2.145
13750 	 -2.104
13760 	 -2.088
13776 	 -2.077
13780 	 -1.918
13782 	 -2.031
13786 	 -2.192
13788 	 -2.086
13804 	 -2.083
13808 	 -2.529
13814 	 -2.307
13818 	 -2.278
13820 	 -2.268
13832 	 -2.269
13848 	 -2.221
13854 	 -2.466
13858 	 -2.464
13864 	 -2.38
13882 	 -2.135
13884 	 -2.134
13886 	 -2.254
13888 	 -2.34
13898 	 -2.335
13900 	 -2.333
13914 	 -2.305
13918 	 -2.296
13924 	 -2.277
13930 	 -2.396
13942 	 -2.387
13944 	 -2.13
13946 	 -2.112
13956 	 -2.18
13966 	 -2.179
13968 	 -1.986
13976 	 -1.981
13988 	 -1.972
13998 	 -1.699
14008 	 -1.696
14012 	 -1.687
14018 	 -1.614
14020 	 -1.503
14024 	 -1.506
14040 	 -1.982
14058 	 -1.978
14060 	 -2.223
14072 	 -2.28
14074 	 -2.433
14076 	 -2.384
14078 	 -2.356
14082 	 -2.343
14088 	 -2.28
14094 	 -2.791
14096 	 -2.678
14098 	 -2.674
14108 	 -2.441
14114 	 -2.438
14122 	 -2.324
14124 	 -2.323
14142 	 -2.32
14146 	 -2.226
14162 	 -2.225
14164 	 -2.223
14170 	 -2.187
14186 	 -1.845
14188 	 -1.679
14194 	 -1.652
14198 	 -1.57
14200 	 -1.417
14206 	 -1.514
14226 	 -1.509
14228 	 -1.339
14234 	 -1.249
14236 	 -1.227
14246 	 -1.22
14258 	 -1.116
14270 	 -1.08
14278 	 -1.079
14288 	 -1.052
14298 	 -1.012
14314 	 -1.037
14316 	 -0.737
14340 	 -0.689
14350 	 -0.688
14360 	 -0.71
14382 	 -0.529
14386 	 -0.517
14408 	 -0.404
14422 	 -0.373
14448 	 -0.36
14450 	 -0.234
14478 	 -0.232
14502 	 -0.206
14516 	 -0.189
14560 	 -0.182
14614 	 -0.162
14638 	 -0.157
15000 	 -1.402
15024 	 -1.532
15050 	 -2.186
15078 	 -2.632
15112 	 -2.871
15158 	 -2.95
15162 	 -2.991
15174 	 -2.944
15186 	 -2.5
15216 	 -2.704
15232 	 -2.528
15238 	 -2.656
15262 	 -2.278
15268 	 -2.106
15282 	 -1.842
15298 	 -1.496
15308 	 -1.514
15310 	 -1.555
15334 	 -1.702
15336 	 -2
15346 	 -1.948
15352 	 -1.947
15354 	 -2.038
15356 	 -2.208
15364 	 -2.207
15374 	 -1.612
15400 	 -1.058
15422 	 -0.809
15456 	 -0.547
15460 	 -0.402
15470 	 -0.398
15486 	 -0.208
15492 	 -0.137
15558 	 -0.067
15568 	 -0.064
15574 	 -0.035
15660 	 -0.029
15864 	 -0.021
15904 	 -0.013
15916 	 -0.01
18000 	 -2.128
18020 	 -2.245
18042 	 -2.757
18064 	 -2.891
18088 	 -2.353
18120 	 -1.825
18154 	 -2.664
18180 	 -2.4
18190 	 -2.991
18234 	 -3.922
18252 	 -3.906
18262 	 -3.626
18270 	 -2.98
18278 	 -2.938
18286 	 -2.844
18296 	 -3.748
18316 	 -3.778
18328 	 -4.144
18336 	 -3.91
18342 	 -3.966
18348 	 -3.572
18360 	 -3.131
18368 	 -2.672
18384 	 -2.693
18402 	 -2.004
18420 	 -1.053
18426 	 -0.921
18434 	 -0.744
18448 	 -0.234
18472 	 -0.189
18552 	 -0.02
18864 	 -0.008
19002 	 0
21000 	 -1.44
21001 	 -1.44
