0 	 0
3000 	 -1.376
3024 	 -1.496
3050 	 -1.88
3062 	 -2.472
3078 	 -3.176
3112 	 -3.62
3158 	 -3.808
3164 	 -3.728
3186 	 -2.828
3198 	 -2.688
3216 	 -1.912
3232 	 -1.736
3238 	 -1.364
3262 	 -0.608
3296 	 -0.264
3400 	 -0.024
3636 	 -0.008
3904 	 0
6000 	 -2.478
6020 	 -2.638
6042 	 -3.286
6064 	 -3.582
6088 	 -3.11
6120 	 -2.686
6138 	 -2.872
6154 	 -3.312
6180 	 -3.048
6190 	 -3.516
6198 	 -3.5
6234 	 -3.9
6284 	 -4.203
6296 	 -4.179
6346 	 -4.159
6360 	 -2.871
6374 	 -2.271
6376 	 -1.719
6424 	 -1.319
6444 	 -0.761
6504 	 -0.637
6506 	 -0.613
6552 	 -0.501
6634 	 -0.359
6704 	 -0.331
6710 	 -0.307
6726 	 -0.295
6728 	 -0.267
6782 	 -0.263
6894 	 -0.165
6990 	 -0.145
6994 	 -0.125
7002 	 -0.093
7272 	 -0.089
7278 	 -0.085
7290 	 -0.073
7324 	 -0.025
9000 	 -1.433
9024 	 -1.537
9050 	 -2.497
9078 	 -3.177
9112 	 -3.761
9158 	 -3.713
9162 	 -3.797
9174 	 -3.705
9186 	 -2.857
9216 	 -3.589
9232 	 -3.413
9238 	 -3.801
9262 	 -1.973
9268 	 -1.305
9298 	 -0.417
9304 	 -0.413
9306 	 -0.409
9334 	 -0.277
9400 	 -0.025
9660 	 -0.009
9904 	 -0.001
12000 	 -2.554
12002 	 -2.49
12004 	 -3.162
12006 	 -3.853
12008 	 -4.777
12010 	 -5.284
12012 	 -5.705
12016 	 -5.816
12020 	 -6.158
12030 	 -6.226
12032 	 -5.973
12040 	 -6.149
12042 	 -6.625
12048 	 -6.347
12064 	 -6.447
12070 	 -6.605
12072 	 -6.641
12088 	 -6.029
12100 	 -5.933
12102 	 -5.887
12114 	 -6.028
12120 	 -5.5
12130 	 -5.287
12148 	 -5.596
12154 	 -6.632
12162 	 -6.605
12178 	 -6.942
12180 	 -6.678
12184 	 -6.53
12190 	 -6.846
12192 	 -6.789
12198 	 -6.781
12200 	 -6.569
12210 	 -6.674
12212 	 -7.718
12226 	 -8.787
12230 	 -8.638
12234 	 -9.986
12242 	 -9.989
12248 	 -10.001
12252 	 -9.246
12254 	 -9.044
12260 	 -8.727
12264 	 -8.662
12274 	 -7.41
12276 	 -7.449
12282 	 -7.152
12286 	 -7.271
12290 	 -6.999
12296 	 -7.239
12302 	 -7.351
12304 	 -7.287
12320 	 -7.289
12324 	 -6.685
12330 	 -6.767
12332 	 -6.799
12334 	 -6.774
12338 	 -6.522
12340 	 -6.468
12344 	 -5.672
12356 	 -5.594
12358 	 -5.32
12360 	 -4.368
12368 	 -4.554
12380 	 -4.315
12382 	 -4.307
12386 	 -4.338
12402 	 -4.174
12404 	 -3.88
12412 	 -3.569
12430 	 -3.658
12438 	 -3.407
12466 	 -3.266
12470 	 -3.265
12474 	 -3.502
12476 	 -3.459
12494 	 -3.639
12498 	 -3.701
12520 	 -3.869
12524 	 -3.773
12532 	 -3.764
12542 	 -3.627
12550 	 -3.48
12552 	 -3.36
12564 	 -3.356
12568 	 -3.317
12570 	 -3.273
12572 	 -3.21
12574 	 -4.352
12592 	 -4.173
12598 	 -4.154
12604 	 -4.286
12606 	 -4.215
12608 	 -4.399
12632 	 -4.417
12638 	 -4.335
12640 	 -4.278
12642 	 -4.264
12644 	 -4.432
12646 	 -4.436
12656 	 -4.641
12672 	 -4.611
12676 	 -4.514
12678 	 -4.693
12682 	 -4.678
12684 	 -4.677
12688 	 -4.684
12714 	 -4.64
12720 	 -4.502
12732 	 -4.496
12738 	 -4.97
12742 	 -4.963
12744 	 -4.95
12750 	 -5.151
12768 	 -5.256
12770 	 -5.344
12776 	 -5.411
12794 	 -5.205
12796 	 -5.12
12802 	 -5.176
12806 	 -5.066
12814 	 -5.064
12826 	 -4.782
12828 	 -4.747
12832 	 -4.759
12840 	 -4.653
12856 	 -4.633
12868 	 -4.599
12878 	 -4.631
12882 	 -4.588
12888 	 -4.821
12896 	 -4.818
12898 	 -4.779
12908 	 -4.773
12910 	 -4.848
12912 	 -4.715
12916 	 -4.641
12936 	 -4.686
12942 	 -4.553
12944 	 -4.642
12964 	 -4.638
12966 	 -4.833
12982 	 -4.446
12984 	 -4.285
12990 	 -4.334
12994 	 -4.324
12996 	 -4.308
13000 	 -4.885
13002 	 -4.854
13008 	 -5.409
13012 	 -5.362
13014 	 -5.567
13016 	 -5.651
13022 	 -5.589
13036 	 -5.535
13042 	 -5.495
13044 	 -5.611
13062 	 -5.413
13068 	 -5.504
13072 	 -5.371
13084 	 -5.305
13086 	 -5.267
13098 	 -5.274
13102 	 -5.231
13104 	 -5.185
13114 	 -4.858
13116 	 -4.953
13124 	 -4.911
13126 	 -4.723
13134 	 -4.776
13136 	 -4.759
13142 	 -4.426
13144 	 -4.288
13146 	 -4.283
13148 	 -4.274
13150 	 -4.44
13154 	 -4.364
13160 	 -4.433
13166 	 -4.337
13168 	 -4.255
13182 	 -4.127
13184 	 -4.125
13190 	 -4.097
13196 	 -4.234
13212 	 -4.309
13234 	 -4.602
13250 	 -4.214
13262 	 -4.44
13268 	 -4.371
13272 	 -4.422
13306 	 -3.966
13312 	 -4.075
13324 	 -4.069
13328 	 -3.903
13332 	 -3.944
13338 	 -3.902
13342 	 -3.753
13346 	 -3.748
13352 	 -3.723
13360 	 -3.559
13368 	 -3.468
13372 	 -2.949
13380 	 -2.987
13394 	 -2.898
13402 	 -2.991
13404 	 -2.877
13406 	 -2.83
13424 	 -2.624
13426 	 -2.652
13438 	 -2.621
13440 	 -2.73
13452 	 -2.714
13458 	 -2.823
13466 	 -2.945
13472 	 -2.937
13474 	 -3.054
13476 	 -3.036
13480 	 -3.113
13504 	 -3.169
13506 	 -3.149
13524 	 -3.245
13526 	 -3.263
13528 	 -3.253
13530 	 -3.286
13538 	 -3.274
13544 	 -3.394
13550 	 -3.156
13552 	 -3.207
13556 	 -3.254
13576 	 -3.295
13578 	 -3.265
13580 	 -3.237
13596 	 -3.179
13598 	 -3.027
13616 	 -2.895
13618 	 -2.889
13632 	 -2.431
13634 	 -2.43
13638 	 -2.141
13644 	 -2.14
13648 	 -1.961
13650 	 -1.956
13654 	 -1.954
13656 	 -2.071
13662 	 -2.041
13678 	 -1.874
13688 	 -1.87
13708 	 -1.904
13720 	 -1.969
13742 	 -1.944
13746 	 -1.977
13750 	 -1.956
13760 	 -1.936
13768 	 -1.915
13780 	 -1.756
13782 	 -1.764
13796 	 -1.85
13822 	 -1.823
13826 	 -1.876
13840 	 -2.004
13854 	 -1.886
13858 	 -1.883
13860 	 -1.966
13864 	 -1.931
13870 	 -1.857
13872 	 -1.835
13876 	 -1.814
13882 	 -1.738
13906 	 -1.714
13912 	 -1.533
13926 	 -1.395
13928 	 -1.343
13934 	 -1.319
13940 	 -1.311
13942 	 -1.222
13946 	 -1.177
13956 	 -1.159
13964 	 -1.051
13968 	 -1.045
13974 	 -0.869
13978 	 -0.868
13980 	 -0.745
13990 	 -0.72
14000 	 -0.701
14004 	 -0.68
14006 	 -0.615
14026 	 -0.548
14038 	 -0.524
14044 	 -0.508
14054 	 -0.457
14058 	 -0.452
14064 	 -0.451
14072 	 -0.334
14080 	 -0.299
14100 	 -0.297
14112 	 -0.284
14120 	 -0.276
14146 	 -0.166
14150 	 -0.165
14168 	 -0.16
14230 	 -0.153
14236 	 -0.15
14276 	 -0.139
14304 	 -0.132
14364 	 -0.129
14366 	 -0.124
14428 	 -0.122
14456 	 -0.121
14486 	 -0.119
14584 	 -0.118
15000 	 -1.397
15024 	 -1.539
15050 	 -2.175
15078 	 -2.628
15112 	 -2.872
15158 	 -2.952
15162 	 -2.994
15174 	 -2.946
15186 	 -2.501
15216 	 -2.702
15232 	 -2.526
15238 	 -2.654
15262 	 -2.27
15268 	 -2.097
15282 	 -1.832
15298 	 -1.486
15308 	 -1.505
15310 	 -1.545
15334 	 -1.689
15336 	 -1.988
15346 	 -1.936
15352 	 -1.935
15354 	 -2.035
15356 	 -2.205
15372 	 -2.028
15374 	 -1.643
15400 	 -1.064
15422 	 -0.818
15456 	 -0.555
15460 	 -0.416
15470 	 -0.411
15486 	 -0.222
15490 	 -0.135
15558 	 -0.068
15568 	 -0.065
15574 	 -0.036
15660 	 -0.03
15708 	 -0.024
15864 	 -0.019
15904 	 -0.011
15916 	 -0.008
18000 	 -2.128
18020 	 -2.245
18042 	 -2.757
18064 	 -2.891
18088 	 -2.353
18120 	 -1.825
18154 	 -2.664
18180 	 -2.4
18190 	 -2.991
18234 	 -3.922
18252 	 -3.906
18262 	 -3.626
18270 	 -2.98
18278 	 -2.938
18286 	 -2.844
18296 	 -3.748
18316 	 -3.778
18328 	 -4.144
18336 	 -3.91
18342 	 -3.966
18348 	 -3.572
18360 	 -3.131
18368 	 -2.672
18384 	 -2.693
18402 	 -2.004
18420 	 -1.053
18426 	 -0.921
18434 	 -0.744
18448 	 -0.234
18472 	 -0.189
18552 	 -0.02
18864 	 -0.008
19002 	 0
21000 	 -1.44
21001 	 -1.44
