0 	 0
3000 	 -1.376
3024 	 -1.496
3050 	 -1.88
3062 	 -2.472
3078 	 -3.176
3112 	 -3.62
3158 	 -3.808
3164 	 -3.728
3186 	 -2.828
3198 	 -2.688
3216 	 -1.912
3232 	 -1.736
3238 	 -1.364
3262 	 -0.608
3296 	 -0.264
3400 	 -0.024
3636 	 -0.008
3904 	 0
6000 	 -2.478
6020 	 -2.638
6042 	 -3.286
6064 	 -3.582
6088 	 -3.11
6120 	 -2.686
6138 	 -2.872
6154 	 -3.312
6180 	 -3.048
6190 	 -3.516
6198 	 -3.5
6234 	 -3.9
6284 	 -4.203
6296 	 -4.179
6346 	 -4.159
6360 	 -2.871
6374 	 -2.271
6376 	 -1.719
6424 	 -1.319
6444 	 -0.761
6504 	 -0.637
6506 	 -0.613
6552 	 -0.501
6634 	 -0.359
6704 	 -0.331
6710 	 -0.307
6726 	 -0.295
6728 	 -0.267
6782 	 -0.263
6894 	 -0.165
6990 	 -0.145
6994 	 -0.125
7002 	 -0.093
7272 	 -0.089
7278 	 -0.085
7290 	 -0.073
7324 	 -0.025
9000 	 -1.433
9024 	 -1.537
9050 	 -2.497
9078 	 -3.177
9112 	 -3.761
9158 	 -3.713
9162 	 -3.797
9174 	 -3.705
9186 	 -2.857
9216 	 -3.589
9232 	 -3.413
9238 	 -3.801
9262 	 -1.973
9268 	 -1.305
9298 	 -0.417
9304 	 -0.413
9306 	 -0.409
9334 	 -0.277
9400 	 -0.025
9660 	 -0.009
9904 	 -0.001
12000 	 -2.554
12002 	 -2.49
12004 	 -3.162
12006 	 -3.853
12008 	 -4.783
12010 	 -5.29
12012 	 -5.707
12016 	 -5.818
12020 	 -6.154
12030 	 -6.222
12032 	 -5.969
12040 	 -6.075
12042 	 -6.551
12048 	 -6.273
12064 	 -6.373
12070 	 -6.356
12072 	 -6.392
12086 	 -6.614
12088 	 -6.002
12100 	 -5.985
12102 	 -5.995
12120 	 -5.467
12130 	 -5.261
12132 	 -5.572
12148 	 -5.881
12154 	 -7.049
12160 	 -7.407
12162 	 -7.38
12178 	 -7.744
12180 	 -7.494
12190 	 -7.81
12198 	 -7.78
12200 	 -7.906
12212 	 -8.95
12226 	 -9.56
12230 	 -9.775
12234 	 -11.123
12236 	 -10.708
12246 	 -11.004
12252 	 -10.288
12254 	 -10.187
12256 	 -10.17
12260 	 -9.835
12272 	 -9.834
12274 	 -8.582
12276 	 -8.421
12282 	 -8.264
12286 	 -8.383
12290 	 -8.111
12296 	 -8.351
12304 	 -8.307
12310 	 -8.845
12314 	 -8.784
12324 	 -8.18
12328 	 -8.488
12332 	 -8.52
12334 	 -8.508
12338 	 -8.256
12344 	 -7.46
12350 	 -7.451
12352 	 -7.496
12354 	 -7.484
12358 	 -7.199
12360 	 -6.584
12376 	 -6.483
12380 	 -6.486
12382 	 -6.509
12386 	 -6.468
12388 	 -6.453
12392 	 -6.411
12404 	 -6.061
12406 	 -6.262
12412 	 -6.147
12424 	 -6.162
12430 	 -6.251
12438 	 -5.925
12462 	 -6.057
12464 	 -6.012
12468 	 -5.95
12470 	 -5.949
12474 	 -5.91
12496 	 -6.228
12498 	 -5.968
12500 	 -5.98
12502 	 -5.961
12506 	 -5.926
12508 	 -5.918
12516 	 -5.868
12518 	 -5.89
12524 	 -5.724
12534 	 -5.899
12542 	 -5.762
12550 	 -5.46
12552 	 -5.34
12558 	 -5.209
12574 	 -6.421
12576 	 -6.347
12588 	 -6.36
12590 	 -6.33
12592 	 -6.151
12596 	 -6.266
12598 	 -6.781
12604 	 -6.776
12606 	 -6.705
12608 	 -6.889
12614 	 -6.984
12618 	 -6.964
12624 	 -6.951
12626 	 -6.941
12628 	 -6.893
12632 	 -6.901
12634 	 -6.951
12638 	 -6.84
12640 	 -6.358
12642 	 -6.344
12644 	 -6.512
12646 	 -6.501
12652 	 -6.28
12664 	 -5.955
12670 	 -5.901
12672 	 -5.871
12676 	 -5.853
12688 	 -5.86
12700 	 -5.799
12706 	 -5.719
12714 	 -5.569
12718 	 -5.467
12730 	 -5.448
12732 	 -5.477
12742 	 -5.47
12768 	 -5.689
12770 	 -5.751
12776 	 -5.741
12778 	 -5.733
12786 	 -5.617
12792 	 -5.608
12800 	 -5.544
12802 	 -5.686
12804 	 -5.511
12806 	 -5.466
12824 	 -5.533
12828 	 -5.498
12830 	 -5.571
12834 	 -5.521
12850 	 -5.556
12862 	 -5.427
12868 	 -5.393
12870 	 -5.837
12874 	 -5.791
12880 	 -6.552
12888 	 -6.771
12890 	 -6.944
12896 	 -6.941
12900 	 -7.094
12908 	 -7.088
12914 	 -7.119
12916 	 -7.143
12922 	 -7.336
12934 	 -7.713
12942 	 -7.589
12948 	 -7.422
12950 	 -7.292
12952 	 -7.208
12958 	 -7.275
12964 	 -7.271
12966 	 -7.779
12970 	 -7.774
12982 	 -7.028
12984 	 -6.878
12990 	 -6.875
12994 	 -6.745
12996 	 -6.747
13000 	 -6.553
13002 	 -6.522
13004 	 -6.618
13006 	 -6.764
13012 	 -6.717
13016 	 -6.581
13018 	 -6.584
13022 	 -6.522
13024 	 -6.378
13030 	 -6.249
13036 	 -6.084
13038 	 -6.03
13042 	 -5.99
13044 	 -5.96
13048 	 -6.058
13050 	 -6.014
13052 	 -5.853
13056 	 -5.857
13062 	 -5.56
13068 	 -5.447
13076 	 -5.263
13080 	 -5.257
13082 	 -5.3
13086 	 -5.183
13100 	 -5.176
13102 	 -5.133
13104 	 -5.302
13106 	 -5.44
13112 	 -5.257
13118 	 -5.1
13132 	 -5.176
13136 	 -5.159
13144 	 -5.326
13156 	 -5.474
13160 	 -5.383
13172 	 -5.204
13174 	 -5.395
13180 	 -5.313
13182 	 -5.312
13184 	 -5.372
13192 	 -5.352
13200 	 -5.136
13206 	 -5.172
13216 	 -5.058
13218 	 -5.026
13224 	 -4.952
13226 	 -4.905
13236 	 -4.781
13246 	 -4.637
13250 	 -3.025
13256 	 -3.02
13258 	 -3.018
13268 	 -2.791
13276 	 -2.824
13280 	 -2.75
13286 	 -2.859
13296 	 -2.951
13298 	 -2.97
13304 	 -2.966
13328 	 -2.92
13338 	 -3.061
13340 	 -3.27
13342 	 -3.178
13346 	 -3.173
13352 	 -3.148
13354 	 -3.258
13404 	 -3.237
13408 	 -3.214
13424 	 -2.986
13448 	 -3.038
13454 	 -3.037
13466 	 -3.082
13472 	 -3.272
13490 	 -2.935
13510 	 -2.926
13518 	 -2.85
13528 	 -2.849
13540 	 -2.818
13544 	 -2.812
13546 	 -2.706
13560 	 -2.822
13564 	 -2.833
13592 	 -2.812
13616 	 -2.806
13620 	 -2.869
13628 	 -2.765
13634 	 -2.764
13638 	 -2.607
13648 	 -2.565
13650 	 -2.56
13652 	 -2.211
13668 	 -2.22
13670 	 -2.278
13676 	 -2.244
13690 	 -2.344
13704 	 -2.407
13716 	 -2.44
13726 	 -2.439
13736 	 -2.257
13738 	 -2.204
13742 	 -2.25
13760 	 -2.203
13762 	 -2.068
13780 	 -1.909
13788 	 -1.738
13808 	 -1.673
13812 	 -1.598
13814 	 -1.734
13816 	 -1.726
13820 	 -1.724
13832 	 -1.715
13852 	 -1.768
13854 	 -1.65
13864 	 -1.633
13872 	 -1.595
13892 	 -1.663
13896 	 -1.786
13912 	 -1.614
13936 	 -1.626
13942 	 -1.617
13962 	 -1.615
13970 	 -1.612
13980 	 -1.462
13992 	 -1.55
14006 	 -1.627
14038 	 -1.622
14048 	 -1.379
14058 	 -1.374
14072 	 -1.35
14084 	 -1.394
14102 	 -1.412
14108 	 -1.226
14132 	 -1.29
14146 	 -1.18
14150 	 -1.179
14154 	 -1.176
14166 	 -1.297
14172 	 -1.265
14192 	 -1.19
14200 	 -1.179
14208 	 -1.303
14214 	 -1.337
14216 	 -1.328
14236 	 -1.325
14252 	 -1.322
14254 	 -1.17
14264 	 -0.99
14268 	 -0.983
14280 	 -0.953
14282 	 -0.942
14288 	 -0.93
14300 	 -0.869
14306 	 -0.701
14320 	 -0.532
14326 	 -0.455
14350 	 -0.407
14360 	 -0.406
14372 	 -0.293
14376 	 -0.277
14384 	 -0.274
14418 	 -0.247
14452 	 -0.24
14456 	 -0.182
14544 	 -0.159
14550 	 -0.152
14692 	 -0.151
15000 	 -1.402
15024 	 -1.532
15050 	 -2.043
15078 	 -2.365
15112 	 -2.398
15158 	 -2.298
15162 	 -2.319
15174 	 -2.296
15186 	 -1.849
15216 	 -1.599
15232 	 -1.423
15238 	 -1.523
15262 	 -1.013
15268 	 -0.927
15282 	 -0.794
15298 	 -0.621
15310 	 -0.641
15336 	 -0.791
15346 	 -0.765
15352 	 -0.764
15356 	 -0.849
15374 	 -0.654
15400 	 -0.379
15422 	 -0.3
15456 	 -0.167
15470 	 -0.162
15486 	 -0.068
15558 	 -0.036
15568 	 -0.033
15660 	 -0.03
15708 	 -0.024
15718 	 -0.023
15864 	 -0.022
15904 	 -0.014
15940 	 -0.013
16376 	 -0.012
18000 	 -2.128
18020 	 -2.218
18042 	 -2.634
18064 	 -2.645
18088 	 -2.004
18120 	 -1.385
18154 	 -1.72
18180 	 -1.456
18190 	 -1.58
18234 	 -1.88
18252 	 -1.872
18262 	 -1.779
18270 	 -1.456
18278 	 -1.435
18286 	 -1.388
18296 	 -1.589
18316 	 -1.604
18328 	 -1.726
18336 	 -1.609
18342 	 -1.622
18348 	 -1.425
18360 	 -1.099
18368 	 -0.946
18384 	 -0.953
18402 	 -0.698
18420 	 -0.381
18426 	 -0.337
18434 	 -0.278
18448 	 -0.108
18472 	 -0.093
18552 	 -0.008
18864 	 -0.004
19002 	 0
21000 	 -1.44
21001 	 -1.44
