0 	 0
3000 	 -1.376
3024 	 -1.496
3050 	 -1.88
3062 	 -2.472
3078 	 -3.176
3112 	 -3.62
3158 	 -3.808
3164 	 -3.728
3186 	 -2.828
3198 	 -2.688
3216 	 -1.912
3232 	 -1.736
3238 	 -1.364
3262 	 -0.608
3296 	 -0.264
3400 	 -0.024
3636 	 -0.008
3904 	 0
6000 	 -2.478
6020 	 -2.638
6042 	 -3.286
6064 	 -3.582
6088 	 -3.11
6120 	 -2.686
6138 	 -2.872
6154 	 -3.312
6180 	 -3.048
6190 	 -3.516
6198 	 -3.5
6234 	 -3.9
6284 	 -4.203
6296 	 -4.179
6346 	 -4.159
6360 	 -2.871
6374 	 -2.271
6376 	 -1.719
6424 	 -1.319
6444 	 -0.761
6504 	 -0.637
6506 	 -0.613
6552 	 -0.501
6634 	 -0.359
6704 	 -0.331
6710 	 -0.307
6726 	 -0.295
6728 	 -0.267
6782 	 -0.263
6894 	 -0.165
6990 	 -0.145
6994 	 -0.125
7002 	 -0.093
7272 	 -0.089
7278 	 -0.085
7290 	 -0.073
7324 	 -0.025
9000 	 -1.433
9024 	 -1.537
9050 	 -2.497
9078 	 -3.177
9112 	 -3.761
9158 	 -3.713
9162 	 -3.797
9174 	 -3.705
9186 	 -2.857
9216 	 -3.589
9232 	 -3.413
9238 	 -3.801
9262 	 -1.973
9268 	 -1.305
9298 	 -0.417
9304 	 -0.413
9306 	 -0.409
9334 	 -0.277
9400 	 -0.025
9660 	 -0.009
9904 	 -0.001
12000 	 -2.554
12002 	 -2.49
12004 	 -3.242
12006 	 -3.933
12008 	 -5.685
12010 	 -6.192
12012 	 -7.039
12016 	 -7.15
12020 	 -7.712
12030 	 -7.78
12032 	 -7.527
12040 	 -7.809
12042 	 -8.285
12048 	 -8.007
12064 	 -8.107
12070 	 -8.448
12072 	 -8.484
12086 	 -8.706
12088 	 -8.094
12100 	 -7.975
12102 	 -7.985
12114 	 -8.126
12120 	 -7.598
12130 	 -7.339
12132 	 -7.646
12148 	 -7.955
12154 	 -9.123
12162 	 -9.096
12178 	 -9.483
12180 	 -9.202
12184 	 -9.054
12186 	 -9.132
12190 	 -9.448
12192 	 -9.391
12198 	 -9.383
12200 	 -9.215
12206 	 -9.205
12210 	 -9.269
12212 	 -10.313
12226 	 -10.922
12230 	 -10.883
12234 	 -12.231
12236 	 -11.924
12248 	 -11.886
12252 	 -11.131
12254 	 -10.828
12256 	 -10.846
12260 	 -10.511
12264 	 -11.258
12272 	 -11.257
12274 	 -10.005
12276 	 -10.027
12282 	 -9.701
12286 	 -9.667
12290 	 -9.395
12296 	 -9.635
12304 	 -9.117
12312 	 -9.324
12320 	 -9.326
12324 	 -8.469
12328 	 -8.484
12330 	 -8.581
12332 	 -8.613
12334 	 -8.603
12336 	 -8.629
12338 	 -8.377
12340 	 -8.346
12344 	 -7.55
12350 	 -7.431
12352 	 -7.476
12354 	 -7.309
12358 	 -7.05
12360 	 -6.098
12368 	 -6.134
12370 	 -6.063
12372 	 -5.88
12376 	 -6.023
12382 	 -6.012
12386 	 -5.954
12394 	 -5.632
12404 	 -5.36
12406 	 -5.424
12412 	 -5.15
12430 	 -5.239
12438 	 -4.543
12456 	 -4.359
12464 	 -4.302
12470 	 -4.301
12472 	 -4.348
12474 	 -4.22
12496 	 -4.189
12498 	 -4.008
12500 	 -3.993
12502 	 -3.974
12504 	 -3.979
12506 	 -4.121
12516 	 -4.071
12522 	 -4.14
12524 	 -4.075
12532 	 -4.066
12534 	 -4.505
12542 	 -4.368
12544 	 -4.639
12550 	 -4.532
12552 	 -4.412
12564 	 -4.391
12574 	 -5.41
12576 	 -5.39
12578 	 -5.38
12590 	 -5.35
12592 	 -4.929
12598 	 -4.91
12604 	 -4.769
12606 	 -4.672
12608 	 -4.856
12614 	 -4.81
12620 	 -4.956
12630 	 -4.774
12632 	 -4.792
12638 	 -4.681
12640 	 -4.675
12642 	 -4.661
12644 	 -4.829
12660 	 -4.935
12662 	 -4.898
12670 	 -4.755
12672 	 -4.713
12676 	 -4.695
12678 	 -4.825
12688 	 -4.832
12696 	 -4.746
12700 	 -4.719
12710 	 -4.776
12714 	 -4.617
12726 	 -4.648
12732 	 -4.743
12742 	 -4.736
12756 	 -4.91
12768 	 -4.983
12770 	 -5.044
12786 	 -4.941
12796 	 -5.37
12798 	 -5.979
12802 	 -6.073
12804 	 -6.019
12810 	 -6.055
12814 	 -6.053
12816 	 -6.35
12820 	 -6.575
12822 	 -6.545
12826 	 -6.689
12828 	 -6.654
12838 	 -6.586
12840 	 -6.613
12856 	 -6.316
12862 	 -6.757
12868 	 -6.723
12874 	 -6.677
12876 	 -6.665
12880 	 -6.665
12888 	 -6.915
12890 	 -7.247
12894 	 -7.229
12896 	 -7.226
12900 	 -7.132
12902 	 -7.18
12904 	 -7.289
12908 	 -7.063
12910 	 -7.078
12912 	 -6.823
12916 	 -6.749
12918 	 -6.733
12924 	 -6.749
12926 	 -6.762
12934 	 -6.625
12936 	 -6.656
12938 	 -5.938
12942 	 -6.086
12952 	 -6.12
12954 	 -6.01
12956 	 -5.995
12964 	 -5.991
12966 	 -6.1
12968 	 -6.56
12970 	 -6.555
12974 	 -6.577
12982 	 -6.243
12984 	 -6.288
12990 	 -6.279
12996 	 -6.27
12998 	 -6.171
13000 	 -5.613
13002 	 -5.582
13004 	 -5.272
13012 	 -5.254
13016 	 -5.271
13018 	 -5.318
13020 	 -5.302
13022 	 -5.129
13024 	 -5.094
13030 	 -5.023
13032 	 -5.119
13034 	 -5.102
13036 	 -5.113
13040 	 -5.121
13042 	 -5.081
13044 	 -4.988
13048 	 -5.706
13052 	 -5.723
13054 	 -5.58
13060 	 -5.625
13062 	 -5.336
13064 	 -5.399
13066 	 -5.357
13072 	 -5.397
13078 	 -5.26
13080 	 -5.254
13086 	 -5.2
13092 	 -4.924
13098 	 -4.92
13102 	 -4.893
13104 	 -4.821
13116 	 -4.421
13124 	 -4.411
13126 	 -4.372
13130 	 -4.299
13132 	 -4.306
13134 	 -4.235
13144 	 -4.221
13148 	 -4.049
13152 	 -3.899
13170 	 -3.903
13178 	 -3.795
13180 	 -3.761
13184 	 -3.755
13186 	 -3.724
13200 	 -3.606
13204 	 -3.588
13224 	 -3.553
13230 	 -3.467
13240 	 -3.565
13250 	 -2.761
13254 	 -2.743
13258 	 -2.741
13278 	 -2.882
13298 	 -2.911
13302 	 -2.888
13328 	 -2.854
13346 	 -2.849
13352 	 -2.789
13372 	 -2.833
13374 	 -2.773
13390 	 -2.781
13404 	 -2.765
13408 	 -2.557
13424 	 -2.091
13432 	 -1.955
13458 	 -1.919
13510 	 -1.787
13516 	 -1.733
13520 	 -1.674
13532 	 -1.638
13576 	 -1.608
13584 	 -1.673
13634 	 -1.672
13638 	 -1.55
13646 	 -1.519
13648 	 -1.477
13650 	 -1.472
13654 	 -1.47
13660 	 -1.488
13712 	 -1.537
13726 	 -1.536
13732 	 -1.533
13736 	 -1.684
13760 	 -1.664
13780 	 -1.505
13816 	 -1.213
13840 	 -1.232
13848 	 -1.231
13854 	 -1.113
13860 	 -0.942
13864 	 -0.907
13880 	 -0.898
13886 	 -0.828
13914 	 -0.666
13920 	 -0.616
13926 	 -0.596
13938 	 -0.532
13942 	 -0.516
13956 	 -0.504
13962 	 -0.488
13966 	 -0.434
13980 	 -0.41
13998 	 -0.356
14008 	 -0.348
14016 	 -0.342
14024 	 -0.338
14026 	 -0.337
14042 	 -0.312
14050 	 -0.3
14056 	 -0.293
14058 	 -0.288
14094 	 -0.277
14096 	 -0.276
14098 	 -0.272
14146 	 -0.162
14152 	 -0.161
14190 	 -0.16
14218 	 -0.149
14236 	 -0.146
14250 	 -0.127
14336 	 -0.123
14376 	 -0.121
15000 	 -1.398
15024 	 -1.539
15050 	 -2.173
15078 	 -2.629
15112 	 -2.871
15158 	 -2.952
15162 	 -2.993
15174 	 -2.945
15186 	 -2.502
15216 	 -2.702
15232 	 -2.526
15238 	 -2.654
15262 	 -2.275
15268 	 -2.102
15282 	 -1.838
15298 	 -1.491
15310 	 -1.552
15336 	 -2
15346 	 -1.948
15352 	 -1.947
15356 	 -2.202
15374 	 -1.627
15400 	 -1.065
15422 	 -0.826
15456 	 -0.431
15470 	 -0.426
15486 	 -0.142
15558 	 -0.04
15568 	 -0.037
15660 	 -0.031
15708 	 -0.025
15864 	 -0.016
15904 	 -0.008
18000 	 -2.128
18020 	 -2.245
18042 	 -2.757
18064 	 -2.891
18088 	 -2.353
18120 	 -1.825
18154 	 -2.664
18180 	 -2.4
18190 	 -2.991
18234 	 -3.922
18252 	 -3.906
18262 	 -3.627
18270 	 -2.981
18278 	 -2.939
18286 	 -2.845
18296 	 -3.748
18316 	 -3.778
18328 	 -4.144
18336 	 -3.91
18342 	 -3.966
18348 	 -3.572
18360 	 -3.131
18368 	 -2.672
18384 	 -2.693
18402 	 -2.004
18420 	 -1.053
18426 	 -0.921
18434 	 -0.744
18448 	 -0.234
18472 	 -0.189
18552 	 -0.02
18864 	 -0.008
19002 	 0
21000 	 -1.44
21001 	 -1.44
