0 	 0
3000 	 -1.376
3024 	 -1.496
3050 	 -1.88
3062 	 -2.472
3078 	 -3.176
3112 	 -3.62
3158 	 -3.808
3164 	 -3.728
3186 	 -2.828
3198 	 -2.688
3216 	 -1.912
3232 	 -1.736
3238 	 -1.364
3262 	 -0.608
3296 	 -0.264
3400 	 -0.024
3636 	 -0.008
3904 	 0
6000 	 -2.478
6020 	 -2.638
6042 	 -3.286
6064 	 -3.582
6088 	 -3.11
6120 	 -2.686
6138 	 -2.872
6154 	 -3.312
6180 	 -3.048
6190 	 -3.516
6198 	 -3.5
6234 	 -3.9
6284 	 -4.203
6296 	 -4.179
6346 	 -4.159
6360 	 -2.871
6374 	 -2.271
6376 	 -1.719
6424 	 -1.319
6444 	 -0.761
6504 	 -0.637
6506 	 -0.613
6552 	 -0.501
6634 	 -0.359
6704 	 -0.331
6710 	 -0.307
6726 	 -0.295
6728 	 -0.267
6782 	 -0.263
6894 	 -0.165
6990 	 -0.145
6994 	 -0.125
7002 	 -0.093
7272 	 -0.089
7278 	 -0.085
7290 	 -0.073
7324 	 -0.025
9000 	 -1.433
9024 	 -1.537
9050 	 -2.497
9078 	 -3.177
9112 	 -3.761
9158 	 -3.713
9162 	 -3.797
9174 	 -3.705
9186 	 -2.857
9216 	 -3.589
9232 	 -3.413
9238 	 -3.801
9262 	 -1.973
9268 	 -1.305
9298 	 -0.417
9304 	 -0.413
9306 	 -0.409
9334 	 -0.277
9400 	 -0.025
9660 	 -0.009
9904 	 -0.001
12000 	 -2.554
12002 	 -2.49
12004 	 -3.162
12006 	 -3.853
12008 	 -4.777
12010 	 -5.284
12012 	 -5.705
12016 	 -5.816
12020 	 -6.158
12030 	 -6.226
12032 	 -5.973
12040 	 -6.149
12042 	 -6.625
12048 	 -6.347
12064 	 -6.447
12070 	 -6.613
12072 	 -6.649
12088 	 -6.037
12100 	 -5.997
12102 	 -5.951
12120 	 -5.423
12130 	 -5.171
12148 	 -5.48
12154 	 -6.516
12160 	 -6.874
12162 	 -6.847
12178 	 -7.32
12180 	 -7.056
12186 	 -7.108
12190 	 -7.424
12198 	 -7.394
12200 	 -7.567
12206 	 -7.557
12212 	 -8.601
12226 	 -9.211
12230 	 -9.544
12234 	 -10.892
12246 	 -11.216
12252 	 -10.5
12254 	 -10.298
12256 	 -10.284
12260 	 -9.967
12264 	 -10.325
12274 	 -9.073
12276 	 -8.968
12282 	 -8.782
12286 	 -9.041
12290 	 -8.769
12296 	 -9.009
12304 	 -8.779
12310 	 -8.87
12312 	 -8.901
12314 	 -8.664
12324 	 -8.03
12332 	 -8.077
12334 	 -7.987
12338 	 -7.735
12344 	 -6.939
12350 	 -6.934
12352 	 -7.047
12354 	 -6.923
12358 	 -6.601
12360 	 -5.649
12368 	 -5.618
12372 	 -5.603
12376 	 -5.355
12380 	 -5.358
12382 	 -5.253
12386 	 -5.284
12392 	 -5.242
12394 	 -5.092
12402 	 -4.816
12404 	 -4.466
12410 	 -4.453
12412 	 -4.142
12430 	 -4.231
12438 	 -3.742
12448 	 -3.814
12454 	 -3.691
12470 	 -3.69
12474 	 -3.651
12484 	 -3.594
12494 	 -3.674
12498 	 -3.676
12502 	 -3.668
12524 	 -3.742
12532 	 -3.71
12542 	 -3.573
12550 	 -3.522
12552 	 -3.402
12564 	 -3.396
12574 	 -4.505
12576 	 -4.481
12578 	 -4.467
12582 	 -4.287
12586 	 -4.258
12592 	 -4.079
12598 	 -4.06
12606 	 -3.989
12608 	 -4.173
12624 	 -4.34
12628 	 -4.091
12632 	 -4.109
12638 	 -3.998
12640 	 -3.941
12642 	 -3.899
12644 	 -4.067
12648 	 -4.123
12656 	 -3.989
12668 	 -4.031
12672 	 -3.989
12676 	 -3.971
12686 	 -3.877
12688 	 -3.884
12692 	 -3.923
12722 	 -3.842
12732 	 -3.836
12740 	 -3.789
12742 	 -3.782
12748 	 -4.286
12768 	 -4.658
12770 	 -4.719
12776 	 -4.709
12786 	 -4.766
12802 	 -4.853
12804 	 -4.764
12806 	 -4.761
12816 	 -4.641
12824 	 -4.636
12828 	 -4.601
12830 	 -4.772
12840 	 -4.528
12868 	 -4.494
12876 	 -4.581
12886 	 -4.58
12888 	 -4.869
12894 	 -4.908
12896 	 -4.905
12908 	 -4.899
12912 	 -4.879
12916 	 -4.805
12922 	 -4.879
12926 	 -4.694
12942 	 -4.57
12948 	 -4.501
12950 	 -4.661
12954 	 -4.72
12964 	 -4.716
12966 	 -4.951
12982 	 -4.463
12984 	 -4.451
12990 	 -4.445
12994 	 -4.389
12996 	 -4.373
13002 	 -4.342
13012 	 -4.754
13018 	 -4.733
13022 	 -4.671
13026 	 -5.414
13032 	 -5.537
13034 	 -5.733
13036 	 -5.732
13040 	 -5.702
13042 	 -5.593
13050 	 -5.665
13062 	 -5.376
13068 	 -5.11
13088 	 -5.126
13094 	 -5.769
13098 	 -5.702
13100 	 -5.44
13102 	 -5.397
13104 	 -5.431
13110 	 -5.521
13114 	 -5.401
13126 	 -5.154
13132 	 -5.129
13142 	 -5.113
13148 	 -5.053
13150 	 -5.128
13156 	 -4.965
13158 	 -4.587
13166 	 -4.57
13168 	 -4.559
13174 	 -4.656
13176 	 -4.505
13178 	 -4.684
13182 	 -4.683
13190 	 -4.516
13194 	 -4.452
13196 	 -4.341
13214 	 -4.353
13220 	 -4.411
13250 	 -3.362
13262 	 -3.253
13266 	 -3.137
13268 	 -3.294
13284 	 -3.605
13286 	 -3.493
13294 	 -3.942
13296 	 -4.236
13308 	 -4.081
13328 	 -4.047
13330 	 -4.078
13332 	 -4.022
13340 	 -3.988
13346 	 -3.983
13352 	 -3.71
13354 	 -3.699
13364 	 -3.619
13374 	 -3.673
13378 	 -3.488
13386 	 -3.276
13398 	 -3.424
13404 	 -3.406
13406 	 -3.193
13422 	 -3.093
13424 	 -2.922
13426 	 -2.789
13428 	 -2.902
13446 	 -2.787
13448 	 -2.893
13454 	 -2.892
13480 	 -3.046
13482 	 -2.874
13518 	 -2.969
13538 	 -3.561
13570 	 -3.583
13586 	 -3.572
13592 	 -3.548
13600 	 -3.588
13606 	 -3.634
13610 	 -3.623
13620 	 -3.669
13632 	 -3.43
13634 	 -3.429
13638 	 -3.309
13644 	 -3.139
13648 	 -3.097
13650 	 -3.092
13652 	 -3.064
13660 	 -3.049
13664 	 -2.977
13672 	 -2.647
13678 	 -2.631
13682 	 -2.32
13686 	 -2.294
13690 	 -2.247
13692 	 -2.216
13706 	 -2.456
13712 	 -2.455
13716 	 -2.452
13728 	 -2.434
13744 	 -2.386
13760 	 -2.366
13764 	 -2.374
13774 	 -2.401
13776 	 -2.394
13778 	 -2.518
13780 	 -2.359
13802 	 -2.343
13806 	 -2.361
13818 	 -2.436
13826 	 -2.423
13832 	 -2.409
13848 	 -2.408
13852 	 -2.407
13854 	 -2.289
13858 	 -2.368
13862 	 -2.386
13864 	 -2.351
13882 	 -2.491
13908 	 -2.48
13910 	 -2.482
13920 	 -2.371
13936 	 -2.21
13938 	 -2.192
13942 	 -2.183
13944 	 -2.263
13948 	 -2.173
13958 	 -2.156
13962 	 -1.992
13972 	 -1.969
13978 	 -1.903
13986 	 -1.874
13992 	 -1.871
13998 	 -1.874
14002 	 -1.847
14004 	 -1.389
14010 	 -1.474
14030 	 -1.432
14038 	 -1.405
14044 	 -1.377
14046 	 -1.325
14052 	 -1.144
14058 	 -1.139
14062 	 -1.152
14068 	 -1.116
14070 	 -1.082
14080 	 -1.069
14088 	 -0.998
14106 	 -0.966
14112 	 -0.824
14122 	 -0.875
14132 	 -0.856
14142 	 -0.826
14146 	 -0.716
14154 	 -0.695
14178 	 -0.686
14186 	 -0.682
14188 	 -0.795
14226 	 -0.631
14228 	 -0.63
14236 	 -0.627
14246 	 -0.632
14268 	 -0.489
14282 	 -0.442
14286 	 -0.37
14292 	 -0.364
14312 	 -0.323
14328 	 -0.322
14338 	 -0.205
14364 	 -0.198
14370 	 -0.191
14376 	 -0.175
14386 	 -0.169
14416 	 -0.164
14546 	 -0.149
14744 	 -0.147
15000 	 -1.403
15024 	 -1.543
15050 	 -2.179
15078 	 -2.633
15112 	 -2.871
15158 	 -2.793
15162 	 -2.835
15174 	 -2.787
15186 	 -2.173
15216 	 -2.389
15232 	 -2.213
15238 	 -2.341
15262 	 -1.465
15268 	 -1.291
15282 	 -1.027
15298 	 -0.681
15310 	 -0.701
15336 	 -0.851
15346 	 -0.799
15352 	 -0.798
15356 	 -0.883
15374 	 -0.688
15400 	 -0.38
15422 	 -0.3
15456 	 -0.168
15470 	 -0.163
15486 	 -0.069
15558 	 -0.037
15568 	 -0.034
15660 	 -0.028
15708 	 -0.022
15864 	 -0.021
15904 	 -0.013
18000 	 -2.128
18020 	 -2.227
18042 	 -2.675
18064 	 -2.729
18088 	 -2.111
18120 	 -1.491
18154 	 -2.168
18180 	 -1.904
18190 	 -2.225
18234 	 -2.958
18252 	 -2.942
18262 	 -2.849
18270 	 -2.203
18278 	 -2.161
18286 	 -2.067
18296 	 -2.256
18316 	 -2.286
18328 	 -2.408
18336 	 -2.174
18342 	 -2.17
18348 	 -1.776
18360 	 -1.201
18368 	 -1.048
18384 	 -1.055
18402 	 -0.724
18420 	 -0.407
18426 	 -0.363
18434 	 -0.304
18448 	 -0.134
18472 	 -0.119
18552 	 -0.012
18864 	 -0.008
19002 	 0
21000 	 -1.44
21001 	 -1.44
