0 	 0
3000 	 -1.376
3024 	 -1.496
3050 	 -1.88
3062 	 -2.472
3078 	 -3.176
3112 	 -3.62
3158 	 -3.808
3164 	 -3.728
3186 	 -2.828
3198 	 -2.688
3216 	 -1.912
3232 	 -1.736
3238 	 -1.364
3262 	 -0.608
3296 	 -0.264
3400 	 -0.024
3636 	 -0.008
3904 	 0
6000 	 -2.478
6020 	 -2.638
6042 	 -3.286
6064 	 -3.582
6088 	 -3.11
6120 	 -2.686
6138 	 -2.872
6154 	 -3.312
6180 	 -3.048
6190 	 -3.516
6198 	 -3.5
6234 	 -3.9
6284 	 -4.203
6296 	 -4.179
6346 	 -4.159
6360 	 -2.871
6374 	 -2.271
6376 	 -1.719
6424 	 -1.319
6444 	 -0.761
6504 	 -0.637
6506 	 -0.613
6552 	 -0.501
6634 	 -0.359
6704 	 -0.331
6710 	 -0.307
6726 	 -0.295
6728 	 -0.267
6782 	 -0.263
6894 	 -0.165
6990 	 -0.145
6994 	 -0.125
7002 	 -0.093
7272 	 -0.089
7278 	 -0.085
7290 	 -0.073
7324 	 -0.025
9000 	 -1.433
9024 	 -1.537
9050 	 -2.497
9078 	 -3.177
9112 	 -3.761
9158 	 -3.713
9162 	 -3.797
9174 	 -3.705
9186 	 -2.857
9216 	 -3.589
9232 	 -3.413
9238 	 -3.801
9262 	 -1.973
9268 	 -1.305
9298 	 -0.417
9304 	 -0.413
9306 	 -0.409
9334 	 -0.277
9400 	 -0.025
9660 	 -0.009
9904 	 -0.001
12000 	 -2.554
12002 	 -2.49
12004 	 -3.122
12006 	 -3.813
12008 	 -4.332
12010 	 -4.839
12012 	 -5.041
12016 	 -5.152
12020 	 -5.375
12030 	 -5.443
12032 	 -5.19
12040 	 -5.208
12042 	 -5.684
12048 	 -5.406
12064 	 -5.506
12070 	 -5.305
12072 	 -5.341
12086 	 -5.563
12088 	 -4.951
12102 	 -4.961
12120 	 -4.433
12132 	 -4.744
12148 	 -5.053
12154 	 -6.221
12162 	 -6.194
12178 	 -6.48
12180 	 -6.23
12190 	 -6.546
12198 	 -6.538
12212 	 -7.582
12226 	 -8.192
12234 	 -9.54
12236 	 -9.154
12252 	 -8.438
12258 	 -8.415
12260 	 -8.08
12272 	 -8.079
12274 	 -6.827
12282 	 -6.699
12286 	 -6.818
12290 	 -6.546
12294 	 -6.759
12296 	 -6.999
12304 	 -6.955
12324 	 -6.351
12328 	 -6.585
12332 	 -6.617
12334 	 -6.607
12338 	 -6.355
12344 	 -5.559
12352 	 -5.604
12354 	 -5.592
12358 	 -5.382
12360 	 -4.43
12364 	 -4.586
12382 	 -4.578
12386 	 -4.537
12388 	 -4.565
12404 	 -4.293
12406 	 -4.357
12412 	 -4.227
12430 	 -4.316
12444 	 -4.522
12462 	 -4.645
12464 	 -4.596
12470 	 -4.595
12474 	 -4.556
12496 	 -4.531
12498 	 -4.617
12500 	 -4.534
12502 	 -4.515
12512 	 -4.423
12516 	 -4.373
12524 	 -4.277
12532 	 -4.189
12542 	 -4.052
12548 	 -3.804
12552 	 -3.684
12570 	 -3.718
12574 	 -4.889
12586 	 -4.876
12590 	 -4.846
12592 	 -4.667
12598 	 -4.932
12600 	 -5.113
12604 	 -5.108
12606 	 -5.037
12608 	 -5.221
12610 	 -5.528
12614 	 -5.501
12622 	 -5.737
12632 	 -5.755
12638 	 -5.644
12640 	 -5.766
12642 	 -5.752
12644 	 -5.992
12662 	 -5.775
12666 	 -5.977
12672 	 -5.947
12674 	 -5.868
12676 	 -5.85
12688 	 -5.785
12700 	 -5.895
12714 	 -5.745
12716 	 -5.568
12718 	 -5.792
12728 	 -5.934
12732 	 -5.928
12742 	 -5.948
12768 	 -5.651
12770 	 -5.712
12772 	 -5.701
12782 	 -5.696
12786 	 -5.593
12790 	 -5.549
12794 	 -5.677
12802 	 -5.792
12804 	 -5.669
12806 	 -5.68
12822 	 -5.784
12824 	 -5.792
12828 	 -5.799
12830 	 -5.952
12832 	 -6
12836 	 -6.088
12856 	 -5.914
12858 	 -6.153
12868 	 -6.119
12872 	 -6.471
12874 	 -6.425
12884 	 -7.332
12888 	 -7.579
12896 	 -7.576
12900 	 -7.599
12902 	 -7.876
12904 	 -7.964
12908 	 -7.958
12916 	 -7.884
12928 	 -7.883
12932 	 -7.4
12940 	 -7.355
12942 	 -7.503
12950 	 -7.468
12952 	 -7.384
12958 	 -7.468
12960 	 -7.479
12964 	 -7.223
12966 	 -7.433
12968 	 -7.966
12970 	 -7.961
12982 	 -7.958
12984 	 -7.7
12986 	 -7.753
12990 	 -7.814
12996 	 -7.798
12998 	 -7.985
13002 	 -7.954
13004 	 -7.932
13006 	 -7.999
13012 	 -7.981
13014 	 -7.863
13022 	 -7.785
13024 	 -7.497
13026 	 -7.58
13030 	 -7.537
13034 	 -7.483
13036 	 -7.207
13042 	 -7.167
13048 	 -7.3
13052 	 -7.258
13062 	 -6.988
13064 	 -7.172
13070 	 -7.266
13080 	 -7.205
13088 	 -7.044
13094 	 -6.973
13096 	 -6.974
13102 	 -6.931
13104 	 -7.099
13108 	 -6.586
13110 	 -7.11
13120 	 -7.193
13122 	 -7.308
13124 	 -7.59
13126 	 -7.541
13132 	 -7.623
13134 	 -7.571
13138 	 -7.524
13144 	 -7.509
13148 	 -7.419
13156 	 -7.462
13158 	 -7.374
13162 	 -7.351
13166 	 -7.375
13176 	 -7.487
13178 	 -7.526
13182 	 -7.327
13188 	 -7.412
13190 	 -7.461
13196 	 -7.29
13202 	 -7.337
13208 	 -7.725
13216 	 -7.787
13224 	 -7.753
13246 	 -6.969
13250 	 -6.236
13258 	 -6.234
13262 	 -6.283
13266 	 -5.863
13268 	 -5.743
13270 	 -5.703
13278 	 -5.597
13280 	 -5.693
13282 	 -5.751
13286 	 -5.736
13292 	 -5.703
13300 	 -5.85
13306 	 -5.871
13310 	 -5.82
13314 	 -5.761
13316 	 -6.337
13326 	 -6.106
13328 	 -6.072
13330 	 -6.059
13336 	 -6.024
13340 	 -6.058
13346 	 -6.053
13350 	 -6.341
13352 	 -6.316
13358 	 -6.423
13370 	 -6.546
13378 	 -6.732
13382 	 -6.717
13400 	 -6.731
13404 	 -6.768
13408 	 -6.446
13424 	 -6.233
13426 	 -6.281
13430 	 -6.285
13432 	 -6.327
13434 	 -6.321
13442 	 -6.3
13450 	 -6.229
13456 	 -6.267
13460 	 -6.002
13466 	 -5.344
13470 	 -5.199
13472 	 -5.399
13476 	 -5.376
13488 	 -5.179
13490 	 -5.15
13492 	 -5.042
13496 	 -4.638
13502 	 -4.626
13504 	 -4.471
13508 	 -4.505
13514 	 -4.275
13518 	 -4.237
13520 	 -4.324
13522 	 -4.413
13526 	 -4.379
13528 	 -4.292
13534 	 -4.181
13540 	 -4.178
13552 	 -4.083
13556 	 -4.066
13560 	 -4.048
13574 	 -3.908
13580 	 -3.78
13592 	 -3.892
13596 	 -3.712
13600 	 -3.639
13610 	 -3.599
13612 	 -3.595
13616 	 -3.592
13628 	 -3.425
13634 	 -3.424
13636 	 -3.336
13638 	 -3.217
13642 	 -3.266
13648 	 -2.723
13650 	 -2.718
13664 	 -2.849
13668 	 -2.842
13676 	 -2.666
13694 	 -2.664
13698 	 -2.657
13702 	 -2.743
13704 	 -2.807
13706 	 -2.52
13726 	 -2.519
13728 	 -2.505
13730 	 -2.596
13744 	 -2.354
13760 	 -2.318
13762 	 -2.26
13768 	 -2.245
13772 	 -2.234
13776 	 -2.019
13780 	 -1.86
13792 	 -1.87
13796 	 -1.841
13802 	 -1.91
13808 	 -1.88
13812 	 -1.849
13828 	 -1.8
13836 	 -1.863
13844 	 -1.848
13848 	 -1.61
13852 	 -1.6
13854 	 -1.482
13864 	 -1.447
13866 	 -1.625
13878 	 -1.64
13880 	 -1.613
13882 	 -1.609
13898 	 -1.737
13902 	 -1.585
13906 	 -1.556
13908 	 -1.715
13920 	 -1.698
13934 	 -1.638
13936 	 -1.636
13938 	 -1.594
13942 	 -1.542
13950 	 -1.478
13968 	 -1.208
13976 	 -1.222
13978 	 -1.21
13984 	 -1.248
13988 	 -1.205
13996 	 -1.145
14012 	 -1.014
14020 	 -0.993
14030 	 -0.983
14040 	 -0.948
14048 	 -0.935
14052 	 -0.923
14058 	 -0.918
14060 	 -0.631
14062 	 -0.627
14086 	 -0.683
14096 	 -0.669
14108 	 -0.653
14124 	 -0.652
14130 	 -0.633
14146 	 -0.552
14166 	 -0.551
14170 	 -0.541
14186 	 -0.552
14204 	 -0.547
14236 	 -0.706
14264 	 -0.595
14274 	 -0.583
14292 	 -0.374
14306 	 -0.349
14322 	 -0.298
14324 	 -0.294
14342 	 -0.246
14344 	 -0.198
14382 	 -0.175
14450 	 -0.15
14460 	 -0.133
14590 	 -0.132
14654 	 -0.131
15000 	 -1.394
15024 	 -1.514
15050 	 -2.042
15078 	 -2.359
15112 	 -2.387
15158 	 -2.286
15162 	 -2.306
15174 	 -2.282
15186 	 -1.808
15216 	 -1.627
15232 	 -1.451
15238 	 -1.515
15262 	 -1.006
15268 	 -0.92
15282 	 -0.788
15298 	 -0.615
15310 	 -0.635
15336 	 -0.784
15346 	 -0.758
15352 	 -0.757
15356 	 -0.841
15374 	 -0.652
15400 	 -0.372
15422 	 -0.292
15456 	 -0.161
15470 	 -0.156
15486 	 -0.061
15558 	 -0.026
15568 	 -0.023
15660 	 -0.02
15864 	 -0.016
15904 	 -0.008
18000 	 -2.128
18020 	 -2.218
18042 	 -2.634
18064 	 -2.645
18088 	 -2.004
18120 	 -1.385
18154 	 -1.72
18180 	 -1.456
18190 	 -1.58
18234 	 -1.88
18252 	 -1.872
18262 	 -1.779
18270 	 -1.456
18278 	 -1.435
18286 	 -1.388
18296 	 -1.589
18316 	 -1.604
18328 	 -1.726
18336 	 -1.609
18342 	 -1.622
18348 	 -1.425
18360 	 -1.099
18368 	 -0.946
18384 	 -0.953
18402 	 -0.698
18420 	 -0.381
18426 	 -0.337
18434 	 -0.278
18448 	 -0.108
18472 	 -0.093
18552 	 -0.008
18864 	 -0.004
19002 	 0
21000 	 -1.44
21001 	 -1.44
