0 	 0
3000 	 -1.376
3024 	 -1.496
3050 	 -1.88
3062 	 -2.472
3078 	 -3.176
3112 	 -3.62
3158 	 -3.808
3164 	 -3.728
3186 	 -2.828
3198 	 -2.688
3216 	 -1.912
3232 	 -1.736
3238 	 -1.364
3262 	 -0.608
3296 	 -0.264
3400 	 -0.024
3636 	 -0.008
3904 	 0
6000 	 -2.478
6020 	 -2.638
6042 	 -3.286
6064 	 -3.582
6088 	 -3.11
6120 	 -2.686
6138 	 -2.872
6154 	 -3.312
6180 	 -3.048
6190 	 -3.516
6198 	 -3.5
6234 	 -3.9
6284 	 -4.203
6296 	 -4.179
6346 	 -4.159
6360 	 -2.871
6374 	 -2.271
6376 	 -1.719
6424 	 -1.319
6444 	 -0.761
6504 	 -0.637
6506 	 -0.613
6552 	 -0.501
6634 	 -0.359
6704 	 -0.331
6710 	 -0.307
6726 	 -0.295
6728 	 -0.267
6782 	 -0.263
6894 	 -0.165
6990 	 -0.145
6994 	 -0.125
7002 	 -0.093
7272 	 -0.089
7278 	 -0.085
7290 	 -0.073
7324 	 -0.025
9000 	 -1.433
9024 	 -1.537
9050 	 -2.497
9078 	 -3.177
9112 	 -3.761
9158 	 -3.713
9162 	 -3.797
9174 	 -3.705
9186 	 -2.857
9216 	 -3.589
9232 	 -3.413
9238 	 -3.801
9262 	 -1.973
9268 	 -1.305
9298 	 -0.417
9304 	 -0.413
9306 	 -0.409
9334 	 -0.277
9400 	 -0.025
9660 	 -0.009
9904 	 -0.001
12000 	 -2.554
12002 	 -2.49
12004 	 -3.202
12006 	 -3.893
12008 	 -5.234
12010 	 -5.741
12012 	 -6.373
12016 	 -6.484
12020 	 -6.933
12030 	 -7.001
12032 	 -6.748
12040 	 -6.942
12042 	 -7.418
12048 	 -7.14
12064 	 -7.24
12070 	 -7.406
12072 	 -7.442
12086 	 -7.664
12088 	 -7.052
12100 	 -7.012
12102 	 -7.022
12120 	 -6.494
12130 	 -6.242
12132 	 -6.553
12148 	 -6.862
12154 	 -8.03
12160 	 -8.388
12162 	 -8.361
12178 	 -8.858
12180 	 -8.608
12186 	 -8.66
12190 	 -8.976
12198 	 -8.946
12200 	 -9.1
12206 	 -9.09
12212 	 -10.134
12226 	 -10.744
12230 	 -11.032
12234 	 -12.38
12236 	 -11.969
12246 	 -12.331
12252 	 -11.615
12254 	 -11.413
12256 	 -11.421
12260 	 -11.086
12264 	 -11.439
12272 	 -11.438
12274 	 -10.186
12276 	 -10.16
12282 	 -9.974
12286 	 -10.09
12288 	 -10.19
12290 	 -9.918
12296 	 -10.158
12304 	 -9.928
12310 	 -10.13
12312 	 -10.095
12314 	 -9.905
12324 	 -9.297
12328 	 -9.412
12332 	 -9.444
12334 	 -9.349
12338 	 -9.097
12340 	 -9.146
12344 	 -8.35
12350 	 -8.345
12352 	 -8.363
12354 	 -8.406
12358 	 -8.073
12360 	 -7.121
12372 	 -7.106
12376 	 -6.694
12380 	 -6.697
12382 	 -6.528
12386 	 -6.617
12390 	 -6.785
12392 	 -6.715
12394 	 -6.565
12402 	 -6.599
12404 	 -6.249
12406 	 -6.42
12412 	 -6.127
12430 	 -6.216
12438 	 -5.603
12462 	 -5.644
12464 	 -5.727
12468 	 -5.719
12470 	 -5.665
12474 	 -5.626
12488 	 -5.551
12496 	 -5.703
12498 	 -5.692
12500 	 -5.667
12504 	 -5.744
12516 	 -5.694
12522 	 -5.894
12524 	 -5.798
12534 	 -5.635
12542 	 -5.498
12550 	 -5.511
12552 	 -5.391
12562 	 -5.667
12564 	 -5.661
12574 	 -6.961
12576 	 -6.937
12578 	 -6.932
12588 	 -6.451
12590 	 -6.421
12592 	 -6.242
12594 	 -6.254
12596 	 -6.289
12598 	 -6.27
12606 	 -6.199
12608 	 -6.383
12610 	 -6.379
12614 	 -6.153
12624 	 -6.14
12632 	 -6.158
12634 	 -6.379
12638 	 -6.544
12640 	 -6.428
12642 	 -6.364
12644 	 -6.532
12646 	 -6.52
12654 	 -6.745
12660 	 -6.574
12664 	 -6.684
12672 	 -6.544
12676 	 -6.656
12688 	 -6.663
12700 	 -7.168
12712 	 -7.133
12714 	 -6.983
12724 	 -7.217
12726 	 -7.297
12728 	 -7.285
12732 	 -7.384
12736 	 -7.466
12738 	 -7.5
12742 	 -7.493
12766 	 -7.474
12768 	 -7.761
12770 	 -7.982
12776 	 -7.967
12780 	 -8.28
12786 	 -8.314
12796 	 -8.317
12802 	 -8.761
12804 	 -8.586
12806 	 -8.54
12808 	 -8.535
12810 	 -9.363
12820 	 -9.824
12826 	 -9.819
12828 	 -9.784
12834 	 -9.645
12836 	 -9.87
12840 	 -10.212
12844 	 -10.18
12850 	 -10.215
12854 	 -10.266
12862 	 -10.191
12868 	 -10.157
12874 	 -9.637
12877 	 -9.992
12882 	 -9.936
12888 	 -10.225
12894 	 -9.652
12896 	 -9.621
12900 	 -10.466
12906 	 -10.301
12908 	 -10.396
12910 	 -10.492
12912 	 -10.567
12916 	 -10.493
12918 	 -10.405
12920 	 -10.431
12924 	 -10.548
12926 	 -10.408
12934 	 -10.17
12940 	 -10.31
12942 	 -10.186
12946 	 -10.158
12948 	 -9.826
12950 	 -9.72
12952 	 -9.649
12956 	 -9.741
12958 	 -9.722
12964 	 -9.683
12966 	 -9.925
12972 	 -10.021
12974 	 -10.166
12982 	 -9.932
12984 	 -9.947
12986 	 -9.959
12990 	 -9.928
12992 	 -9.942
12996 	 -9.934
13002 	 -9.903
13008 	 -9.853
13010 	 -10.193
13012 	 -10.175
13016 	 -10.025
13018 	 -10.004
13022 	 -9.942
13036 	 -9.941
13042 	 -9.901
13046 	 -10.288
13062 	 -9.999
13064 	 -9.676
13071 	 -9.954
13072 	 -9.836
13080 	 -9.83
13084 	 -9.805
13088 	 -9.803
13090 	 -9.548
13094 	 -9.675
13098 	 -9.691
13100 	 -9.674
13102 	 -9.867
13104 	 -9.729
13106 	 -9.712
13108 	 -9.755
13116 	 -9.952
13118 	 -10.147
13122 	 -10.11
13130 	 -10.14
13134 	 -10.078
13142 	 -10.062
13144 	 -10.055
13146 	 -8.859
13154 	 -8.891
13160 	 -8.867
13164 	 -9.051
13170 	 -9.054
13172 	 -9.105
13176 	 -8.885
13182 	 -8.706
13194 	 -8.339
13200 	 -8.317
13224 	 -7.677
13250 	 -5.769
13270 	 -5.827
13272 	 -5.883
13280 	 -5.938
13290 	 -5.846
13296 	 -6.06
13304 	 -6.155
13318 	 -6.085
13322 	 -6.103
13328 	 -6.154
13346 	 -6.19
13352 	 -6.165
13374 	 -5.453
13394 	 -5.411
13398 	 -5.524
13400 	 -5.522
13408 	 -5.48
13416 	 -5.31
13424 	 -4.705
13438 	 -4.859
13440 	 -4.566
13442 	 -4.679
13448 	 -4.735
13454 	 -4.523
13462 	 -4.344
13474 	 -4.33
13476 	 -4.237
13478 	 -4.183
13484 	 -4.226
13492 	 -4.321
13496 	 -4.253
13514 	 -4.05
13516 	 -3.886
13518 	 -3.85
13520 	 -3.791
13522 	 -3.759
13530 	 -3.748
13532 	 -3.73
13542 	 -3.496
13548 	 -3.301
13558 	 -3.122
13560 	 -3.094
13564 	 -2.938
13566 	 -2.88
13574 	 -2.869
13580 	 -2.69
13584 	 -2.689
13592 	 -2.643
13598 	 -2.579
13600 	 -2.578
13612 	 -2.486
13616 	 -2.47
13634 	 -2.469
13638 	 -2.151
13648 	 -1.98
13650 	 -1.975
13672 	 -1.97
13674 	 -1.965
13678 	 -1.93
13686 	 -2.006
13690 	 -1.891
13706 	 -1.785
13726 	 -1.784
13732 	 -1.703
13736 	 -1.71
13746 	 -1.674
13754 	 -1.673
13760 	 -1.653
13768 	 -1.622
13770 	 -1.532
13772 	 -1.529
13776 	 -1.395
13780 	 -1.236
13792 	 -1.171
13806 	 -1.169
13812 	 -1.117
13824 	 -1.113
13832 	 -1.002
13848 	 -1.001
13854 	 -0.975
13856 	 -0.966
13860 	 -0.934
13864 	 -0.899
13874 	 -1.847
13882 	 -1.821
13898 	 -1.817
13900 	 -1.765
13914 	 -1.763
13920 	 -1.977
13922 	 -2.388
13942 	 -2.379
13950 	 -2.338
13988 	 -2.336
14008 	 -2.32
14022 	 -2.442
14024 	 -2.485
14050 	 -2.622
14054 	 -2.329
14058 	 -2.324
14062 	 -2.312
14078 	 -2.225
14084 	 -2.368
14088 	 -2.286
14102 	 -2.278
14106 	 -2.048
14110 	 -2.042
14116 	 -1.964
14146 	 -1.558
14150 	 -1.557
14164 	 -2.129
14172 	 -2.122
14180 	 -2.629
14198 	 -2.781
14202 	 -3.063
14210 	 -3.255
14214 	 -3.725
14216 	 -3.878
14218 	 -3.827
14226 	 -3.782
14228 	 -3.67
14236 	 -3.692
14246 	 -3.691
14248 	 -3.492
14260 	 -3.212
14262 	 -3.136
14264 	 -3.058
14272 	 -2.856
14278 	 -2.648
14282 	 -2.642
14284 	 -2.464
14298 	 -2.304
14300 	 -2.335
14304 	 -2.333
14306 	 -2.04
14316 	 -1.871
14318 	 -1.793
14320 	 -1.792
14326 	 -1.888
14328 	 -1.81
14334 	 -1.658
14352 	 -1.706
14354 	 -1.557
14402 	 -0.989
14418 	 -0.956
14434 	 -0.706
14454 	 -0.495
14464 	 -0.481
14488 	 -0.411
14494 	 -0.359
14542 	 -0.311
14546 	 -0.28
14554 	 -0.25
14576 	 -0.239
14588 	 -0.2
14590 	 -0.193
14604 	 -0.178
14606 	 -0.168
14644 	 -0.159
15000 	 -1.405
15024 	 -1.535
15050 	 -2.188
15078 	 -2.638
15112 	 -2.885
15158 	 -2.876
15162 	 -2.917
15174 	 -2.869
15186 	 -2.332
15216 	 -2.55
15232 	 -2.374
15238 	 -2.502
15262 	 -1.879
15268 	 -1.707
15282 	 -1.443
15298 	 -1.096
15308 	 -1.13
15334 	 -1.427
15346 	 -1.375
15352 	 -1.374
15354 	 -1.549
15372 	 -1.351
15374 	 -1.136
15400 	 -0.71
15422 	 -0.534
15460 	 -0.241
15470 	 -0.236
15492 	 -0.095
15568 	 -0.092
15574 	 -0.034
15660 	 -0.028
15726 	 -0.027
15904 	 -0.019
15916 	 -0.014
16068 	 -0.013
16188 	 -0.012
16224 	 -0.01
16236 	 -0.009
18000 	 -2.128
18020 	 -2.236
18042 	 -2.716
18064 	 -2.81
18088 	 -2.232
18120 	 -1.658
18154 	 -2.416
18180 	 -2.152
18190 	 -2.608
18234 	 -3.44
18252 	 -3.424
18262 	 -3.236
18270 	 -2.59
18278 	 -2.548
18286 	 -2.454
18296 	 -3.002
18316 	 -3.032
18328 	 -3.276
18336 	 -3.042
18342 	 -3.068
18348 	 -2.674
18360 	 -2.166
18368 	 -1.86
18384 	 -1.874
18402 	 -1.364
18420 	 -0.73
18426 	 -0.642
18434 	 -0.524
18448 	 -0.184
18472 	 -0.154
18552 	 -0.016
18864 	 -0.008
19002 	 0
21000 	 -1.44
21001 	 -1.44
