0 	 0
3000 	 -1.376
3024 	 -1.496
3050 	 -1.88
3062 	 -2.472
3078 	 -3.176
3112 	 -3.62
3158 	 -3.808
3164 	 -3.728
3186 	 -2.828
3198 	 -2.688
3216 	 -1.912
3232 	 -1.736
3238 	 -1.364
3262 	 -0.608
3296 	 -0.264
3400 	 -0.024
3636 	 -0.008
3904 	 0
6000 	 -2.478
6020 	 -2.638
6042 	 -3.286
6064 	 -3.582
6088 	 -3.11
6120 	 -2.686
6138 	 -2.872
6154 	 -3.312
6180 	 -3.048
6190 	 -3.516
6198 	 -3.5
6234 	 -3.9
6284 	 -4.203
6296 	 -4.179
6346 	 -4.159
6360 	 -2.871
6374 	 -2.271
6376 	 -1.719
6424 	 -1.319
6444 	 -0.761
6504 	 -0.637
6506 	 -0.613
6552 	 -0.501
6634 	 -0.359
6704 	 -0.331
6710 	 -0.307
6726 	 -0.295
6728 	 -0.267
6782 	 -0.263
6894 	 -0.165
6990 	 -0.145
6994 	 -0.125
7002 	 -0.093
7272 	 -0.089
7278 	 -0.085
7290 	 -0.073
7324 	 -0.025
9000 	 -1.433
9024 	 -1.537
9050 	 -2.497
9078 	 -3.177
9112 	 -3.761
9158 	 -3.713
9162 	 -3.797
9174 	 -3.705
9186 	 -2.857
9216 	 -3.589
9232 	 -3.413
9238 	 -3.801
9262 	 -1.973
9268 	 -1.305
9298 	 -0.417
9304 	 -0.413
9306 	 -0.409
9334 	 -0.277
9400 	 -0.025
9660 	 -0.009
9904 	 -0.001
12000 	 -2.554
12002 	 -2.49
12004 	 -3.162
12006 	 -3.853
12008 	 -4.783
12010 	 -5.29
12012 	 -5.707
12016 	 -5.818
12020 	 -6.154
12030 	 -6.222
12032 	 -5.969
12040 	 -6.075
12042 	 -6.551
12048 	 -6.273
12064 	 -6.373
12070 	 -6.355
12072 	 -6.391
12086 	 -6.613
12088 	 -6.001
12100 	 -5.978
12102 	 -5.988
12120 	 -5.46
12130 	 -5.414
12132 	 -5.725
12148 	 -6.034
12154 	 -7.202
12162 	 -7.175
12178 	 -7.603
12180 	 -7.353
12186 	 -7.405
12190 	 -7.721
12198 	 -7.713
12200 	 -7.757
12206 	 -7.747
12212 	 -8.791
12226 	 -9.401
12230 	 -9.511
12234 	 -10.859
12236 	 -10.448
12252 	 -9.732
12254 	 -9.631
12256 	 -9.78
12260 	 -9.445
12264 	 -9.847
12272 	 -9.846
12274 	 -8.594
12282 	 -8.437
12286 	 -8.694
12290 	 -8.422
12294 	 -8.568
12296 	 -8.808
12304 	 -8.578
12312 	 -8.609
12324 	 -8.237
12328 	 -8.344
12332 	 -8.391
12334 	 -8.381
12338 	 -8.129
12340 	 -8.242
12344 	 -7.446
12350 	 -7.45
12352 	 -7.495
12354 	 -7.512
12358 	 -7.285
12360 	 -6.333
12368 	 -6.302
12372 	 -6.287
12374 	 -6.388
12376 	 -6.426
12382 	 -6.321
12386 	 -6.285
12394 	 -6.135
12404 	 -5.863
12406 	 -6.073
12410 	 -6.06
12412 	 -5.938
12422 	 -5.999
12430 	 -6.088
12438 	 -5.982
12458 	 -5.932
12464 	 -5.859
12466 	 -5.903
12468 	 -5.839
12470 	 -5.838
12474 	 -5.799
12496 	 -5.815
12500 	 -5.774
12502 	 -5.501
12508 	 -5.469
12516 	 -5.419
12524 	 -5.323
12526 	 -5.267
12542 	 -5.287
12548 	 -5.04
12552 	 -4.92
12564 	 -4.914
12570 	 -4.899
12574 	 -6.085
12576 	 -6.065
12578 	 -6.051
12586 	 -6.175
12588 	 -6.404
12590 	 -6.36
12592 	 -6.181
12598 	 -6.492
12604 	 -6.487
12606 	 -6.416
12608 	 -6.6
12612 	 -6.946
12614 	 -6.874
12618 	 -6.797
12632 	 -6.815
12638 	 -6.704
12640 	 -6.355
12642 	 -6.341
12644 	 -6.509
12652 	 -6.19
12658 	 -6.05
12664 	 -5.929
12672 	 -5.887
12676 	 -5.914
12682 	 -5.904
12686 	 -5.707
12688 	 -5.714
12694 	 -5.769
12700 	 -5.783
12712 	 -5.815
12714 	 -5.665
12718 	 -5.526
12730 	 -5.609
12732 	 -5.603
12738 	 -5.656
12742 	 -5.649
12752 	 -5.635
12768 	 -5.816
12770 	 -5.89
12776 	 -5.887
12786 	 -5.743
12802 	 -5.873
12804 	 -5.708
12806 	 -5.654
12810 	 -5.893
12822 	 -5.844
12828 	 -5.809
12834 	 -5.804
12840 	 -5.723
12850 	 -5.803
12852 	 -6.263
12858 	 -6.246
12860 	 -6.796
12868 	 -6.762
12870 	 -6.747
12874 	 -6.935
12888 	 -7.224
12894 	 -7.172
12896 	 -7.152
12900 	 -6.846
12908 	 -6.84
12912 	 -7.09
12916 	 -7.016
12918 	 -6.781
12922 	 -6.877
12926 	 -7.175
12934 	 -6.976
12942 	 -6.852
12944 	 -6.861
12946 	 -7.099
12950 	 -7.002
12952 	 -6.918
12960 	 -6.849
12964 	 -6.845
12966 	 -7.216
12970 	 -7.211
12978 	 -7.163
12982 	 -6.255
12984 	 -6.176
12990 	 -6.078
12994 	 -6.017
12996 	 -6.001
13002 	 -5.89
13004 	 -5.982
13012 	 -5.964
13014 	 -5.96
13016 	 -5.806
13018 	 -5.785
13022 	 -5.664
13026 	 -5.612
13028 	 -5.574
13030 	 -5.605
13032 	 -5.617
13036 	 -5.616
13038 	 -5.565
13042 	 -5.525
13056 	 -5.381
13062 	 -5.169
13080 	 -5.163
13090 	 -5.779
13092 	 -5.467
13100 	 -5.308
13102 	 -5.265
13104 	 -5.605
13106 	 -5.724
13116 	 -5.585
13120 	 -5.477
13126 	 -5.551
13134 	 -5.524
13140 	 -5.496
13142 	 -5.384
13146 	 -5.363
13150 	 -5.353
13162 	 -5.108
13166 	 -5.143
13174 	 -4.995
13180 	 -5.03
13194 	 -5.084
13198 	 -5.111
13216 	 -4.964
13224 	 -4.285
13244 	 -4.153
13250 	 -2.646
13252 	 -2.724
13258 	 -2.722
13270 	 -2.79
13272 	 -2.758
13274 	 -2.795
13286 	 -2.744
13294 	 -3.017
13308 	 -3.173
13310 	 -3.259
13314 	 -3.232
13326 	 -3.214
13328 	 -3.18
13346 	 -3.175
13352 	 -3.15
13362 	 -3.136
13374 	 -3.151
13384 	 -3.125
13388 	 -3.158
13392 	 -3.206
13408 	 -3.267
13412 	 -3.316
13414 	 -3.37
13424 	 -3.168
13432 	 -3.167
13442 	 -3.067
13454 	 -2.875
13472 	 -3.036
13474 	 -3.01
13484 	 -2.931
13494 	 -2.895
13508 	 -2.872
13510 	 -2.856
13514 	 -2.758
13530 	 -2.692
13542 	 -2.797
13546 	 -2.859
13554 	 -2.851
13558 	 -2.835
13560 	 -2.784
13566 	 -2.691
13600 	 -2.767
13608 	 -2.727
13614 	 -2.715
13616 	 -2.697
13618 	 -2.698
13624 	 -2.684
13634 	 -2.678
13636 	 -2.725
13638 	 -2.587
13640 	 -2.462
13648 	 -2.413
13650 	 -2.408
13660 	 -2.384
13680 	 -2.459
13682 	 -2.438
13684 	 -2.44
13692 	 -2.275
13710 	 -2.252
13722 	 -2.251
13726 	 -2.302
13746 	 -2.441
13748 	 -2.514
13758 	 -2.507
13760 	 -2.487
13764 	 -2.436
13778 	 -2.452
13780 	 -2.293
13784 	 -2.199
13788 	 -2.198
13792 	 -2.155
13798 	 -2.331
13802 	 -2.283
13824 	 -2.287
13826 	 -2.15
13836 	 -2.028
13842 	 -2.015
13848 	 -2.014
13852 	 -2.009
13854 	 -1.891
13856 	 -1.872
13864 	 -1.837
13870 	 -1.767
13880 	 -1.644
13886 	 -1.58
13898 	 -1.691
13900 	 -1.671
13902 	 -1.779
13904 	 -1.705
13918 	 -1.679
13924 	 -1.629
13928 	 -1.615
13932 	 -1.569
13936 	 -1.356
13940 	 -1.132
13942 	 -1.123
13944 	 -1.118
13956 	 -1.086
13960 	 -1.07
13974 	 -1.029
13988 	 -1.018
13992 	 -0.552
14016 	 -0.468
14048 	 -0.431
14054 	 -0.351
14058 	 -0.325
14062 	 -0.323
14070 	 -0.286
14088 	 -0.285
14130 	 -0.278
14146 	 -0.168
14150 	 -0.167
14170 	 -0.163
14184 	 -0.158
14236 	 -0.155
14240 	 -0.14
14274 	 -0.138
14278 	 -0.132
14328 	 -0.13
14376 	 -0.128
14382 	 -0.122
14438 	 -0.118
15000 	 -1.397
15024 	 -1.528
15050 	 -2.182
15078 	 -2.63
15112 	 -2.863
15158 	 -2.868
15162 	 -2.91
15174 	 -2.862
15186 	 -2.336
15216 	 -2.544
15232 	 -2.368
15238 	 -2.496
15262 	 -1.869
15268 	 -1.697
15282 	 -1.433
15298 	 -1.085
15310 	 -1.126
15336 	 -1.424
15346 	 -1.372
15352 	 -1.371
15356 	 -1.541
15374 	 -1.161
15400 	 -0.721
15422 	 -0.561
15456 	 -0.299
15470 	 -0.294
15486 	 -0.104
15558 	 -0.034
15568 	 -0.031
15660 	 -0.025
15864 	 -0.017
15904 	 -0.009
18000 	 -2.128
18020 	 -2.236
18042 	 -2.716
18064 	 -2.81
18088 	 -2.232
18120 	 -1.658
18154 	 -2.416
18180 	 -2.152
18190 	 -2.608
18234 	 -3.44
18252 	 -3.424
18262 	 -3.238
18270 	 -2.592
18278 	 -2.55
18286 	 -2.456
18296 	 -3.002
18316 	 -3.032
18328 	 -3.276
18336 	 -3.042
18342 	 -3.068
18348 	 -2.674
18360 	 -2.166
18368 	 -1.86
18384 	 -1.874
18402 	 -1.364
18420 	 -0.73
18426 	 -0.642
18434 	 -0.524
18448 	 -0.184
18472 	 -0.154
18552 	 -0.016
18864 	 -0.008
19002 	 0
21000 	 -1.44
21001 	 -1.44
