0 	 0
3000 	 -1.376
3024 	 -1.496
3050 	 -1.88
3062 	 -2.472
3078 	 -3.176
3112 	 -3.62
3158 	 -3.808
3164 	 -3.728
3186 	 -2.828
3198 	 -2.688
3216 	 -1.912
3232 	 -1.736
3238 	 -1.364
3262 	 -0.608
3296 	 -0.264
3400 	 -0.024
3636 	 -0.008
3904 	 0
6000 	 -2.478
6020 	 -2.638
6042 	 -3.286
6064 	 -3.582
6088 	 -3.11
6120 	 -2.686
6138 	 -2.872
6154 	 -3.312
6180 	 -3.048
6190 	 -3.516
6198 	 -3.5
6234 	 -3.9
6284 	 -4.203
6296 	 -4.179
6346 	 -4.159
6360 	 -2.871
6374 	 -2.271
6376 	 -1.719
6424 	 -1.319
6444 	 -0.761
6504 	 -0.637
6506 	 -0.613
6552 	 -0.501
6634 	 -0.359
6704 	 -0.331
6710 	 -0.307
6726 	 -0.295
6728 	 -0.267
6782 	 -0.263
6894 	 -0.165
6990 	 -0.145
6994 	 -0.125
7002 	 -0.093
7272 	 -0.089
7278 	 -0.085
7290 	 -0.073
7324 	 -0.025
9000 	 -1.433
9024 	 -1.537
9050 	 -2.497
9078 	 -3.177
9112 	 -3.761
9158 	 -3.713
9162 	 -3.797
9174 	 -3.705
9186 	 -2.857
9216 	 -3.589
9232 	 -3.413
9238 	 -3.801
9262 	 -1.973
9268 	 -1.305
9298 	 -0.417
9304 	 -0.413
9306 	 -0.409
9334 	 -0.277
9400 	 -0.025
9660 	 -0.009
9904 	 -0.001
12000 	 -2.554
12002 	 -2.49
12004 	 -3.242
12006 	 -3.933
12008 	 -5.685
12010 	 -6.192
12012 	 -7.039
12016 	 -7.15
12020 	 -7.712
12030 	 -7.78
12032 	 -7.527
12040 	 -7.809
12042 	 -8.285
12048 	 -8.007
12064 	 -8.107
12070 	 -8.449
12072 	 -8.485
12086 	 -8.707
12088 	 -8.095
12100 	 -7.982
12102 	 -7.992
12114 	 -8.133
12120 	 -7.605
12130 	 -7.186
12132 	 -7.493
12148 	 -7.802
12154 	 -8.97
12160 	 -9.328
12162 	 -9.301
12178 	 -9.8
12180 	 -9.519
12184 	 -9.371
12186 	 -9.39
12190 	 -9.706
12192 	 -9.649
12198 	 -9.619
12200 	 -9.505
12204 	 -9.469
12210 	 -9.538
12212 	 -10.582
12226 	 -11.717
12230 	 -11.646
12234 	 -12.994
12236 	 -12.672
12242 	 -12.58
12246 	 -12.854
12248 	 -12.822
12252 	 -12.067
12254 	 -11.802
12256 	 -11.671
12260 	 -11.336
12264 	 -11.271
12272 	 -11.317
12274 	 -10.065
12276 	 -9.91
12282 	 -9.584
12286 	 -9.703
12290 	 -9.431
12296 	 -9.671
12304 	 -9.49
12310 	 -9.556
12314 	 -9.555
12320 	 -9.557
12324 	 -8.953
12328 	 -8.805
12330 	 -8.864
12332 	 -8.896
12334 	 -8.844
12336 	 -8.875
12338 	 -8.623
12344 	 -7.777
12346 	 -7.797
12350 	 -7.87
12352 	 -7.915
12354 	 -7.903
12356 	 -7.851
12358 	 -7.639
12360 	 -6.687
12364 	 -6.517
12376 	 -6.416
12380 	 -6.405
12382 	 -6.539
12386 	 -6.478
12392 	 -6.705
12404 	 -6.128
12406 	 -6.192
12412 	 -5.918
12414 	 -5.757
12430 	 -5.846
12438 	 -5.027
12450 	 -5.052
12452 	 -4.881
12460 	 -4.926
12464 	 -4.861
12468 	 -4.902
12470 	 -4.831
12472 	 -4.724
12474 	 -4.761
12476 	 -4.733
12488 	 -4.723
12494 	 -4.707
12496 	 -4.685
12500 	 -4.699
12502 	 -4.783
12516 	 -4.705
12520 	 -4.7
12524 	 -4.685
12526 	 -4.751
12532 	 -4.742
12536 	 -5.201
12542 	 -4.991
12550 	 -4.713
12552 	 -4.593
12566 	 -4.561
12574 	 -5.688
12576 	 -5.684
12590 	 -5.654
12592 	 -5.243
12598 	 -5.224
12600 	 -5.109
12604 	 -4.914
12606 	 -4.85
12608 	 -5.034
12614 	 -4.98
12624 	 -4.967
12632 	 -4.985
12636 	 -4.976
12638 	 -4.851
12640 	 -4.777
12642 	 -4.763
12644 	 -4.931
12646 	 -4.859
12648 	 -4.805
12656 	 -4.797
12672 	 -4.779
12676 	 -4.672
12682 	 -4.716
12688 	 -4.723
12692 	 -4.787
12700 	 -4.76
12714 	 -4.581
12716 	 -4.457
12732 	 -4.451
12740 	 -4.56
12742 	 -4.544
12768 	 -4.697
12770 	 -4.758
12776 	 -4.748
12786 	 -4.645
12798 	 -5.177
12802 	 -5.241
12804 	 -5.07
12808 	 -5.676
12810 	 -5.669
12814 	 -5.667
12822 	 -5.895
12826 	 -5.77
12828 	 -5.735
12840 	 -5.868
12858 	 -5.56
12866 	 -5.913
12868 	 -5.89
12870 	 -5.767
12874 	 -5.64
12880 	 -5.98
12884 	 -6.01
12888 	 -6.238
12892 	 -6.218
12896 	 -6.031
12898 	 -6.036
12900 	 -5.942
12906 	 -5.778
12908 	 -5.772
12916 	 -5.698
12922 	 -5.796
12926 	 -5.613
12928 	 -5.37
12930 	 -5.447
12934 	 -5.311
12940 	 -5.174
12942 	 -5.05
12948 	 -4.917
12950 	 -5
12952 	 -4.916
12956 	 -5.006
12958 	 -5.145
12964 	 -5.136
12966 	 -5.245
12970 	 -5.24
12982 	 -4.41
12984 	 -4.398
12990 	 -4.389
12996 	 -4.394
13002 	 -4.591
13006 	 -4.474
13012 	 -4.456
13014 	 -4.43
13018 	 -4.428
13020 	 -4.514
13022 	 -4.665
13026 	 -4.594
13032 	 -4.571
13036 	 -4.756
13040 	 -5.173
13042 	 -5.133
13046 	 -5.43
13048 	 -5.286
13052 	 -5.39
13054 	 -5.693
13058 	 -5.799
13062 	 -5.693
13072 	 -5.572
13080 	 -5.566
13082 	 -5.559
13084 	 -5.557
13086 	 -5.563
13088 	 -5.711
13098 	 -5.683
13100 	 -5.734
13102 	 -5.691
13104 	 -5.619
13108 	 -5.341
13110 	 -5.255
13116 	 -5.195
13118 	 -5.084
13124 	 -5.128
13130 	 -5.175
13136 	 -5.158
13140 	 -4.747
13148 	 -4.753
13164 	 -4.79
13166 	 -4.658
13168 	 -4.098
13182 	 -4.097
13184 	 -3.949
13186 	 -3.812
13190 	 -3.938
13194 	 -3.935
13196 	 -3.789
13204 	 -3.889
13216 	 -3.912
13218 	 -3.976
13222 	 -3.875
13224 	 -3.84
13228 	 -3.764
13236 	 -3.833
13250 	 -2.93
13258 	 -2.928
13274 	 -2.896
13276 	 -2.95
13292 	 -3.014
13304 	 -3.143
13306 	 -3.125
13308 	 -3.201
13318 	 -3.247
13328 	 -3.213
13332 	 -3.245
13346 	 -3.24
13350 	 -3.286
13352 	 -3.269
13358 	 -3.477
13376 	 -3.534
13386 	 -3.945
13400 	 -3.827
13408 	 -3.511
13422 	 -3.37
13424 	 -2.904
13428 	 -3.054
13430 	 -3.041
13432 	 -2.922
13434 	 -2.778
13444 	 -2.747
13454 	 -2.746
13456 	 -2.715
13464 	 -2.695
13490 	 -2.752
13498 	 -2.782
13504 	 -2.714
13512 	 -2.698
13526 	 -2.664
13546 	 -2.572
13550 	 -2.599
13554 	 -2.648
13556 	 -2.75
13568 	 -2.724
13582 	 -2.707
13588 	 -2.686
13602 	 -2.717
13614 	 -2.694
13634 	 -2.693
13638 	 -2.573
13648 	 -2.411
13650 	 -2.408
13654 	 -2.406
13670 	 -2.366
13694 	 -2.372
13708 	 -2.447
13712 	 -2.477
13714 	 -2.451
13718 	 -2.448
13724 	 -2.506
13726 	 -2.505
13740 	 -2.504
13746 	 -2.481
13754 	 -2.564
13760 	 -2.544
13768 	 -2.515
13776 	 -2.635
13780 	 -2.476
13786 	 -2.455
13790 	 -2.432
13796 	 -2.278
13806 	 -2.379
13814 	 -2.368
13820 	 -2.347
13826 	 -2.345
13832 	 -2.343
13838 	 -2.187
13842 	 -2.013
13854 	 -1.895
13858 	 -1.893
13862 	 -1.992
13864 	 -1.871
13868 	 -1.879
13878 	 -1.857
13882 	 -1.838
13888 	 -1.836
13898 	 -1.667
13902 	 -1.646
13914 	 -1.417
13918 	 -1.412
13920 	 -1.35
13934 	 -1.333
13942 	 -1.324
13944 	 -1.397
13958 	 -1.34
13960 	 -1.234
13968 	 -1.042
13994 	 -0.997
14022 	 -1.016
14038 	 -1.008
14040 	 -1.006
14048 	 -0.958
14058 	 -0.953
14062 	 -0.901
14068 	 -0.721
14086 	 -0.713
14092 	 -0.681
14098 	 -0.68
14104 	 -0.612
14122 	 -0.611
14126 	 -0.61
14128 	 -0.426
14144 	 -0.404
14146 	 -0.294
14150 	 -0.293
14160 	 -0.264
14178 	 -0.257
14224 	 -0.24
14232 	 -0.225
14236 	 -0.223
14240 	 -0.183
14296 	 -0.173
14306 	 -0.168
14336 	 -0.164
14368 	 -0.148
14446 	 -0.143
14448 	 -0.142
14474 	 -0.141
14488 	 -0.138
14576 	 -0.131
15000 	 -1.399
15024 	 -1.539
15050 	 -2.175
15078 	 -2.63
15112 	 -2.865
15158 	 -2.874
15162 	 -2.914
15174 	 -2.867
15186 	 -2.336
15216 	 -2.545
15232 	 -2.369
15238 	 -2.497
15262 	 -1.868
15268 	 -1.696
15282 	 -1.432
15298 	 -1.085
15310 	 -1.126
15336 	 -1.425
15346 	 -1.373
15352 	 -1.372
15356 	 -1.542
15374 	 -1.157
15378 	 -1.155
15400 	 -0.72
15422 	 -0.561
15456 	 -0.297
15470 	 -0.292
15486 	 -0.103
15558 	 -0.036
15568 	 -0.034
15660 	 -0.028
15708 	 -0.022
15864 	 -0.017
15904 	 -0.009
16272 	 -0.008
18000 	 -2.128
18020 	 -2.236
18042 	 -2.716
18064 	 -2.81
18088 	 -2.232
18120 	 -1.658
18154 	 -2.416
18180 	 -2.152
18190 	 -2.608
18234 	 -3.44
18252 	 -3.424
18262 	 -3.238
18270 	 -2.592
18278 	 -2.55
18286 	 -2.456
18296 	 -3.002
18316 	 -3.032
18328 	 -3.276
18336 	 -3.042
18342 	 -3.068
18348 	 -2.674
18360 	 -2.166
18368 	 -1.86
18384 	 -1.874
18402 	 -1.364
18420 	 -0.73
18426 	 -0.642
18434 	 -0.524
18448 	 -0.184
18472 	 -0.154
18552 	 -0.016
18864 	 -0.008
19002 	 0
21000 	 -1.44
21001 	 -1.44
