0 	 0
3000 	 -1.376
3024 	 -1.496
3050 	 -1.88
3062 	 -2.472
3078 	 -3.176
3112 	 -3.62
3158 	 -3.808
3164 	 -3.728
3186 	 -2.828
3198 	 -2.688
3216 	 -1.912
3232 	 -1.736
3238 	 -1.364
3262 	 -0.608
3296 	 -0.264
3400 	 -0.024
3636 	 -0.008
3904 	 0
6000 	 -2.478
6020 	 -2.638
6042 	 -3.286
6064 	 -3.582
6088 	 -3.11
6120 	 -2.686
6138 	 -2.872
6154 	 -3.312
6180 	 -3.048
6190 	 -3.516
6198 	 -3.5
6234 	 -3.9
6284 	 -4.203
6296 	 -4.179
6346 	 -4.159
6360 	 -2.871
6374 	 -2.271
6376 	 -1.719
6424 	 -1.319
6444 	 -0.761
6504 	 -0.637
6506 	 -0.613
6552 	 -0.501
6634 	 -0.359
6704 	 -0.331
6710 	 -0.307
6726 	 -0.295
6728 	 -0.267
6782 	 -0.263
6894 	 -0.165
6990 	 -0.145
6994 	 -0.125
7002 	 -0.093
7272 	 -0.089
7278 	 -0.085
7290 	 -0.073
7324 	 -0.025
9000 	 -1.433
9024 	 -1.537
9050 	 -2.497
9078 	 -3.177
9112 	 -3.761
9158 	 -3.713
9162 	 -3.797
9174 	 -3.705
9186 	 -2.857
9216 	 -3.589
9232 	 -3.413
9238 	 -3.801
9262 	 -1.973
9268 	 -1.305
9298 	 -0.417
9304 	 -0.413
9306 	 -0.409
9334 	 -0.277
9400 	 -0.025
9660 	 -0.009
9904 	 -0.001
12000 	 -2.54
12002 	 -2.421
12004 	 -2.692
12006 	 -3.278
12008 	 -4.1
12010 	 -5.211
12012 	 -5.641
12016 	 -5.97
12018 	 -6.028
12020 	 -6.37
12028 	 -6.504
12032 	 -6.47
12034 	 -6.509
12040 	 -6.456
12042 	 -6.932
12054 	 -6.443
12064 	 -6.519
12070 	 -6.878
12074 	 -6.399
12082 	 -6.474
12088 	 -5.862
12100 	 -5.766
12102 	 -5.65
12114 	 -5.791
12120 	 -5.263
12130 	 -5.05
12140 	 -5.315
12154 	 -6.351
12156 	 -6.664
12164 	 -6.554
12178 	 -6.605
12180 	 -6.572
12184 	 -6.424
12186 	 -6.417
12190 	 -6.733
12192 	 -6.996
12200 	 -6.784
12210 	 -6.889
12212 	 -7.933
12226 	 -8.392
12228 	 -8.537
12230 	 -8.388
12234 	 -9.736
12236 	 -10.217
12242 	 -10.22
12248 	 -10.232
12252 	 -9.477
12254 	 -9.275
12264 	 -9.21
12274 	 -7.958
12276 	 -7.997
12282 	 -7.7
12286 	 -7.699
12290 	 -7.427
12296 	 -7.733
12302 	 -7.845
12304 	 -7.825
12320 	 -7.827
12324 	 -7.223
12330 	 -7.305
12332 	 -7.337
12338 	 -7.085
12340 	 -7.08
12344 	 -6.284
12350 	 -6.215
12356 	 -6.137
12358 	 -6.118
12360 	 -5.166
12368 	 -5.352
12376 	 -5.437
12380 	 -5.351
12382 	 -5.343
12384 	 -5.246
12402 	 -5.082
12404 	 -4.788
12420 	 -4.777
12432 	 -4.718
12436 	 -5.038
12438 	 -4.725
12444 	 -4.759
12446 	 -4.721
12452 	 -4.955
12456 	 -5.108
12460 	 -5.025
12462 	 -5.102
12466 	 -5.723
12474 	 -5.714
12476 	 -5.671
12480 	 -5.741
12488 	 -5.825
12494 	 -5.782
12496 	 -5.895
12498 	 -5.952
12508 	 -5.954
12512 	 -6.266
12520 	 -6.236
12528 	 -5.966
12532 	 -5.957
12542 	 -6.188
12548 	 -6.177
12550 	 -6.135
12552 	 -6.015
12556 	 -6.073
12564 	 -6.277
12570 	 -6.202
12572 	 -6.139
12574 	 -6.308
12586 	 -6.212
12590 	 -6.201
12624 	 -5.947
12626 	 -6.128
12630 	 -6.656
12638 	 -6.573
12646 	 -6.287
12648 	 -6.297
12656 	 -6.285
12658 	 -6.27
12662 	 -6.897
12680 	 -6.936
12684 	 -6.92
12690 	 -7.119
12706 	 -7.347
12708 	 -7.297
12710 	 -7.293
12712 	 -7.064
12722 	 -7.033
12736 	 -6.523
12738 	 -6.532
12744 	 -6.456
12746 	 -6.394
12750 	 -6.3
12758 	 -6.298
12768 	 -6.155
12770 	 -6.388
12776 	 -6.373
12778 	 -6.546
12792 	 -6.409
12798 	 -6.399
12814 	 -6.544
12826 	 -6.488
12840 	 -6.176
12852 	 -6.14
12854 	 -6.191
12860 	 -6.149
12864 	 -6.255
12866 	 -6.333
12876 	 -6.329
12906 	 -6.328
12908 	 -5.95
12918 	 -5.811
12920 	 -5.721
12924 	 -5.686
12930 	 -6.15
12936 	 -6.09
12938 	 -6.419
12942 	 -6.447
12948 	 -6.79
12954 	 -6.718
12958 	 -6.919
12960 	 -6.856
12964 	 -7.025
12970 	 -6.687
12972 	 -6.64
12974 	 -7.082
12980 	 -7.003
12990 	 -7.298
12992 	 -7.452
12994 	 -7.467
12996 	 -7.451
12998 	 -7.165
13002 	 -7.133
13004 	 -7.059
13008 	 -7.045
13010 	 -6.921
13012 	 -6.842
13016 	 -6.976
13022 	 -6.918
13024 	 -6.929
13026 	 -6.765
13028 	 -6.724
13030 	 -6.358
13036 	 -6.43
13040 	 -6.201
13044 	 -6.57
13050 	 -6.43
13054 	 -6.256
13056 	 -6.226
13060 	 -6.224
13066 	 -6.205
13068 	 -6.183
13076 	 -6.039
13078 	 -6.102
13080 	 -5.788
13084 	 -5.785
13090 	 -5.835
13098 	 -5.823
13102 	 -5.858
13112 	 -5.477
13114 	 -5.456
13130 	 -5.354
13132 	 -5.274
13136 	 -5.141
13144 	 -5.429
13146 	 -5.541
13154 	 -5.478
13156 	 -5.324
13170 	 -5.796
13176 	 -5.747
13180 	 -5.736
13184 	 -5.754
13186 	 -6.088
13206 	 -5.985
13220 	 -5.749
13224 	 -5.751
13230 	 -5.765
13238 	 -5.683
13242 	 -5.665
13248 	 -5.039
13252 	 -4.846
13260 	 -4.843
13262 	 -4.857
13268 	 -4.736
13276 	 -4.577
13278 	 -4.437
13286 	 -4.454
13290 	 -4.437
13300 	 -4.319
13304 	 -4.135
13306 	 -3.897
13308 	 -3.566
13332 	 -3.473
13336 	 -3.311
13340 	 -2.937
13346 	 -2.973
13358 	 -3.054
13362 	 -3.001
13368 	 -3.012
13372 	 -3
13374 	 -2.969
13380 	 -2.868
13388 	 -2.862
13392 	 -2.859
13394 	 -2.857
13398 	 -3.008
13406 	 -3.182
13414 	 -3.202
13416 	 -3.197
13420 	 -3.16
13428 	 -3.154
13436 	 -2.912
13438 	 -3.017
13442 	 -2.841
13452 	 -2.843
13460 	 -2.878
13462 	 -2.847
13466 	 -2.831
13476 	 -2.692
13480 	 -2.661
13486 	 -2.725
13488 	 -2.765
13490 	 -2.755
13496 	 -2.689
13510 	 -2.741
13512 	 -2.72
13514 	 -2.711
13520 	 -2.712
13528 	 -2.683
13538 	 -2.532
13542 	 -2.528
13544 	 -2.519
13546 	 -2.269
13548 	 -2.062
13550 	 -2.041
13564 	 -1.904
13582 	 -1.844
13590 	 -1.801
13592 	 -1.732
13606 	 -1.685
13618 	 -1.671
13624 	 -1.421
13644 	 -1.42
13654 	 -1.418
13658 	 -1.339
13668 	 -1.328
13688 	 -1.308
13700 	 -1.287
13740 	 -1.269
13744 	 -0.827
13794 	 -0.812
13800 	 -0.805
13804 	 -0.806
13814 	 -0.764
13834 	 -0.752
13844 	 -0.739
13858 	 -0.736
13884 	 -0.735
13900 	 -0.721
13902 	 -0.668
13912 	 -0.662
13984 	 -0.566
14012 	 -0.551
14032 	 -0.473
14038 	 -0.467
14064 	 -0.466
14070 	 -0.458
14098 	 -0.456
14108 	 -0.451
14112 	 -0.449
14114 	 -0.447
14158 	 -0.439
14200 	 -0.383
14318 	 -0.381
14326 	 -0.38
14426 	 -0.229
15000 	 -1.413
15024 	 -1.543
15050 	 -2.052
15078 	 -2.377
15112 	 -2.426
15158 	 -2.462
15162 	 -2.483
15174 	 -2.459
15186 	 -2.158
15216 	 -1.962
15232 	 -1.786
15238 	 -1.85
15250 	 -1.844
15262 	 -1.832
15268 	 -1.746
15282 	 -1.614
15298 	 -1.44
15310 	 -1.501
15336 	 -1.948
15342 	 -1.945
15346 	 -1.919
15356 	 -2.174
15360 	 -2.171
15374 	 -1.601
15400 	 -1.067
15422 	 -0.827
15456 	 -0.434
15486 	 -0.147
15558 	 -0.042
15660 	 -0.039
15864 	 -0.027
15904 	 -0.019
16000 	 -0.016
16388 	 -0.01
18000 	 -2.128
18020 	 -2.236
18042 	 -2.716
18064 	 -2.807
18088 	 -2.246
18120 	 -1.719
18154 	 -2.216
18180 	 -1.952
18190 	 -2.346
18234 	 -2.844
18252 	 -2.836
18262 	 -2.557
18270 	 -2.234
18278 	 -2.213
18286 	 -2.166
18296 	 -3.081
18316 	 -3.096
18328 	 -3.462
18336 	 -3.345
18342 	 -3.418
18348 	 -3.221
18360 	 -3.029
18368 	 -2.57
18384 	 -2.591
18402 	 -1.978
18420 	 -1.027
18426 	 -0.895
18434 	 -0.718
18448 	 -0.208
18472 	 -0.163
18552 	 -0.016
18864 	 -0.004
19002 	 0
21000 	 -1.44
21001 	 -1.44
