0 	 0
3000 	 -1.376
3024 	 -1.496
3050 	 -1.88
3062 	 -2.472
3078 	 -3.176
3112 	 -3.62
3158 	 -3.808
3164 	 -3.728
3186 	 -2.828
3198 	 -2.688
3216 	 -1.912
3232 	 -1.736
3238 	 -1.364
3262 	 -0.608
3296 	 -0.264
3400 	 -0.024
3636 	 -0.008
3904 	 0
6000 	 -2.478
6020 	 -2.638
6042 	 -3.286
6064 	 -3.582
6088 	 -3.11
6120 	 -2.686
6138 	 -2.872
6154 	 -3.312
6180 	 -3.048
6190 	 -3.516
6198 	 -3.5
6234 	 -3.9
6284 	 -4.203
6296 	 -4.179
6346 	 -4.159
6360 	 -2.871
6374 	 -2.271
6376 	 -1.719
6424 	 -1.319
6444 	 -0.761
6504 	 -0.637
6506 	 -0.613
6552 	 -0.501
6634 	 -0.359
6704 	 -0.331
6710 	 -0.307
6726 	 -0.295
6728 	 -0.267
6782 	 -0.263
6894 	 -0.165
6990 	 -0.145
6994 	 -0.125
7002 	 -0.093
7272 	 -0.089
7278 	 -0.085
7290 	 -0.073
7324 	 -0.025
9000 	 -1.433
9024 	 -1.537
9050 	 -2.497
9078 	 -3.177
9112 	 -3.761
9158 	 -3.713
9162 	 -3.797
9174 	 -3.705
9186 	 -2.857
9216 	 -3.589
9232 	 -3.413
9238 	 -3.801
9262 	 -1.973
9268 	 -1.305
9298 	 -0.417
9304 	 -0.413
9306 	 -0.409
9334 	 -0.277
9400 	 -0.025
9660 	 -0.009
9904 	 -0.001
12000 	 -2.54
12002 	 -2.421
12004 	 -2.732
12006 	 -3.318
12008 	 -4.551
12010 	 -5.662
12012 	 -6.307
12016 	 -6.636
12018 	 -6.694
12020 	 -7.149
12028 	 -7.283
12032 	 -7.249
12034 	 -7.288
12040 	 -7.323
12042 	 -7.799
12054 	 -7.31
12064 	 -7.386
12070 	 -7.928
12074 	 -7.449
12082 	 -7.524
12088 	 -6.912
12100 	 -6.793
12102 	 -6.677
12114 	 -6.818
12120 	 -6.29
12130 	 -6.031
12140 	 -6.296
12154 	 -7.332
12156 	 -7.645
12164 	 -7.535
12178 	 -7.897
12180 	 -7.864
12184 	 -7.716
12186 	 -7.761
12190 	 -8.077
12192 	 -8.34
12200 	 -8.187
12206 	 -8.177
12210 	 -8.173
12212 	 -9.217
12226 	 -9.723
12228 	 -9.868
12230 	 -9.851
12234 	 -11.199
12236 	 -11.68
12242 	 -11.667
12248 	 -11.699
12252 	 -10.944
12254 	 -10.641
12256 	 -10.627
12264 	 -10.924
12274 	 -9.672
12276 	 -9.726
12282 	 -9.4
12286 	 -9.198
12290 	 -8.926
12296 	 -9.232
12304 	 -8.704
12312 	 -8.882
12320 	 -8.884
12324 	 -8.1
12330 	 -8.282
12332 	 -8.314
12338 	 -8.062
12340 	 -7.979
12344 	 -7.183
12350 	 -7.172
12352 	 -7.394
12354 	 -7.147
12356 	 -7.095
12358 	 -7.076
12360 	 -6.124
12362 	 -6.021
12372 	 -5.862
12376 	 -5.947
12378 	 -5.93
12382 	 -5.929
12384 	 -5.832
12394 	 -5.535
12396 	 -5.513
12404 	 -5.241
12406 	 -5.136
12420 	 -5.125
12432 	 -5.056
12436 	 -5.377
12438 	 -4.771
12444 	 -4.806
12446 	 -4.768
12452 	 -5.233
12456 	 -5.231
12460 	 -5.148
12462 	 -5.218
12466 	 -5.98
12474 	 -5.744
12476 	 -5.715
12480 	 -5.785
12486 	 -5.701
12488 	 -5.802
12490 	 -5.626
12494 	 -5.583
12496 	 -5.515
12500 	 -5.476
12512 	 -5.707
12520 	 -5.677
12528 	 -5.407
12532 	 -5.398
12538 	 -5.513
12542 	 -5.744
12548 	 -5.714
12550 	 -5.558
12552 	 -5.438
12564 	 -5.6
12570 	 -5.569
12576 	 -5.549
12578 	 -4.913
12590 	 -4.902
12598 	 -4.933
12624 	 -5.013
12626 	 -5.194
12630 	 -5.665
12634 	 -5.993
12638 	 -5.989
12648 	 -6.45
12656 	 -6.442
12658 	 -6.427
12662 	 -6.387
12668 	 -6.367
12672 	 -6.355
12682 	 -6.138
12704 	 -5.875
12706 	 -6.103
12710 	 -6.099
12722 	 -5.927
12736 	 -5.561
12750 	 -5.467
12758 	 -5.465
12762 	 -5.446
12768 	 -5.488
12770 	 -5.721
12772 	 -5.781
12778 	 -5.672
12782 	 -5.827
12792 	 -5.69
12798 	 -5.68
12806 	 -5.537
12814 	 -5.535
12826 	 -5.704
12840 	 -6.095
12846 	 -6.047
12852 	 -5.99
12860 	 -6.269
12862 	 -6.255
12876 	 -6.251
12882 	 -6.249
12894 	 -7.105
12908 	 -6.85
12910 	 -7.041
12912 	 -7.355
12918 	 -7.393
12920 	 -7.303
12924 	 -7.268
12930 	 -7.261
12936 	 -7.112
12940 	 -7.027
12942 	 -7.059
12948 	 -7.043
12950 	 -7.416
12952 	 -7.769
12954 	 -7.697
12956 	 -7.812
12958 	 -7.782
12960 	 -7.73
12962 	 -7.616
12970 	 -7.588
12972 	 -7.541
12980 	 -7.485
12982 	 -7.491
12988 	 -7.671
12990 	 -7.68
12992 	 -7.791
12994 	 -7.606
12996 	 -7.59
13004 	 -7.516
13008 	 -7.502
13012 	 -7.452
13014 	 -7.271
13016 	 -7.075
13020 	 -6.704
13026 	 -6.604
13028 	 -6.563
13030 	 -6.458
13036 	 -6.512
13040 	 -6.561
13044 	 -6.937
13056 	 -6.469
13060 	 -6.45
13068 	 -6.331
13072 	 -6.449
13080 	 -6.166
13082 	 -6.188
13084 	 -6.186
13090 	 -6.01
13094 	 -6.016
13098 	 -6.013
13100 	 -6.015
13102 	 -5.969
13106 	 -6.062
13110 	 -6.06
13114 	 -6.011
13118 	 -5.925
13122 	 -6.04
13124 	 -6.073
13132 	 -6.292
13134 	 -6.59
13140 	 -6.631
13142 	 -6.626
13148 	 -6.849
13150 	 -7.084
13152 	 -7.077
13154 	 -6.985
13156 	 -6.78
13160 	 -6.931
13180 	 -6.979
13186 	 -6.961
13188 	 -6.754
13190 	 -6.802
13206 	 -6.985
13216 	 -6.991
13218 	 -6.985
13222 	 -6.43
13228 	 -6.544
13236 	 -6.489
13246 	 -6.3
13248 	 -6.011
13250 	 -6.004
13254 	 -6.073
13256 	 -5.948
13258 	 -5.693
13278 	 -5.379
13290 	 -5.295
13292 	 -5.203
13300 	 -5.311
13312 	 -5.281
13314 	 -5.237
13330 	 -5.193
13332 	 -5.102
13340 	 -4.516
13344 	 -4.503
13346 	 -4.609
13356 	 -4.591
13372 	 -4.712
13374 	 -4.853
13386 	 -4.81
13388 	 -4.804
13394 	 -4.801
13408 	 -4.766
13412 	 -4.841
13414 	 -4.57
13418 	 -4.52
13442 	 -4.378
13452 	 -4.412
13456 	 -4.234
13464 	 -4.268
13470 	 -5.017
13476 	 -4.996
13484 	 -5.025
13490 	 -5.015
13502 	 -4.899
13514 	 -4.89
13522 	 -4.781
13534 	 -4.65
13542 	 -4.408
13546 	 -4.024
13550 	 -4.003
13552 	 -4
13566 	 -3.935
13568 	 -3.976
13570 	 -3.885
13572 	 -3.849
13574 	 -3.808
13588 	 -3.885
13592 	 -3.816
13594 	 -3.993
13598 	 -4.043
13602 	 -4.023
13618 	 -4.009
13622 	 -3.972
13624 	 -3.853
13642 	 -3.817
13646 	 -3.792
13652 	 -3.794
13654 	 -3.792
13658 	 -3.653
13672 	 -3.573
13680 	 -3.626
13688 	 -3.616
13692 	 -3.679
13710 	 -3.617
13732 	 -3.671
13740 	 -3.653
13744 	 -3.249
13776 	 -3.238
13778 	 -3.056
13782 	 -3.048
13794 	 -3.113
13798 	 -3.095
13800 	 -2.998
13808 	 -3.076
13812 	 -3.067
13814 	 -3.025
13830 	 -3.009
13832 	 -2.827
13842 	 -2.793
13844 	 -2.78
13846 	 -2.632
13848 	 -2.631
13858 	 -2.629
13860 	 -2.681
13866 	 -2.666
13880 	 -2.649
13884 	 -2.64
13886 	 -2.622
13900 	 -2.595
13902 	 -2.542
13912 	 -2.536
13914 	 -2.525
13932 	 -2.651
13934 	 -2.619
13938 	 -2.614
13940 	 -2.669
13944 	 -2.668
13962 	 -2.551
13970 	 -2.546
13976 	 -2.532
13984 	 -2.527
13986 	 -2.492
13990 	 -2.499
14002 	 -2.498
14004 	 -2.39
14010 	 -2.415
14012 	 -2.375
14014 	 -2.373
14024 	 -2.371
14032 	 -2.293
14044 	 -2.256
14048 	 -2.29
14066 	 -2.284
14082 	 -2.188
14090 	 -2.095
14104 	 -2.048
14108 	 -2.043
14114 	 -2.156
14116 	 -2.125
14118 	 -2.046
14162 	 -2.051
14180 	 -2.102
14196 	 -1.991
14198 	 -1.981
14200 	 -1.969
14202 	 -1.853
14212 	 -1.667
14226 	 -1.664
14230 	 -1.643
14248 	 -1.576
14254 	 -1.588
14268 	 -1.561
14270 	 -1.427
14284 	 -1.34
14290 	 -1.321
14306 	 -1.3
14318 	 -1.298
14324 	 -1.295
14326 	 -1.294
14328 	 -1.171
14332 	 -1.436
14348 	 -1.366
14354 	 -1.945
14362 	 -1.943
14386 	 -2.172
14396 	 -2.162
14426 	 -2.395
14436 	 -2.358
14444 	 -2.618
14446 	 -2.617
14474 	 -2.438
14492 	 -1.664
14494 	 -2.103
14500 	 -2.134
14512 	 -1.929
14516 	 -1.959
14518 	 -1.888
14528 	 -1.763
14532 	 -1.635
14538 	 -1.598
14540 	 -1.592
14562 	 -1.562
14572 	 -1.545
14574 	 -1.318
14582 	 -1.317
14594 	 -1.261
14598 	 -1.467
14600 	 -1.623
14604 	 -2.01
14624 	 -2.212
14628 	 -2.266
14636 	 -2.218
14644 	 -2.201
14648 	 -2.056
14658 	 -2.244
14662 	 -2.236
14668 	 -2.053
14682 	 -1.967
14698 	 -1.8
14700 	 -1.76
14720 	 -1.441
14732 	 -1.423
14738 	 -1.38
14744 	 -1.171
14762 	 -1.162
14792 	 -0.983
14810 	 -0.941
14824 	 -0.911
14828 	 -0.928
14830 	 -0.918
14832 	 -0.924
14836 	 -0.83
14874 	 -0.736
14892 	 -0.593
14918 	 -0.486
15000 	 -1.493
15024 	 -1.639
15050 	 -2.406
15078 	 -2.985
15112 	 -3.437
15158 	 -3.518
15162 	 -3.58
15164 	 -3.558
15174 	 -3.488
15186 	 -3.004
15196 	 -2.998
15216 	 -3.485
15232 	 -3.309
15238 	 -3.531
15250 	 -3.525
15262 	 -2.723
15266 	 -2.696
15268 	 -2.524
15276 	 -2.375
15282 	 -2.11
15298 	 -1.763
15300 	 -1.586
15310 	 -1.648
15328 	 -1.641
15336 	 -2.088
15342 	 -2.085
15346 	 -2.033
15350 	 -2.025
15356 	 -2.28
15360 	 -2.277
15374 	 -1.707
15378 	 -1.706
15400 	 -1.1
15422 	 -0.86
15434 	 -0.85
15456 	 -0.457
15486 	 -0.17
15558 	 -0.065
15574 	 -0.058
15660 	 -0.048
15864 	 -0.036
15904 	 -0.028
16000 	 -0.025
16284 	 -0.024
16312 	 -0.023
16386 	 -0.022
16388 	 -0.016
16400 	 -0.015
18000 	 -2.128
18020 	 -2.254
18042 	 -2.798
18064 	 -2.975
18088 	 -2.46
18120 	 -1.931
18154 	 -3.112
18180 	 -2.848
18190 	 -3.636
18234 	 -5
18252 	 -4.976
18262 	 -4.697
18270 	 -3.728
18278 	 -3.665
18286 	 -3.524
18296 	 -4.415
18316 	 -4.46
18328 	 -4.826
18336 	 -4.475
18342 	 -4.514
18348 	 -3.923
18360 	 -3.233
18368 	 -2.774
18384 	 -2.795
18402 	 -2.03
18420 	 -1.079
18426 	 -0.947
18434 	 -0.77
18448 	 -0.26
18472 	 -0.215
18552 	 -0.024
18864 	 -0.012
19002 	 0
21000 	 -1.44
21001 	 -1.44
