0 	 0
3000 	 -1.376
3024 	 -1.496
3050 	 -1.88
3062 	 -2.472
3078 	 -3.176
3112 	 -3.62
3158 	 -3.808
3164 	 -3.728
3186 	 -2.828
3198 	 -2.688
3216 	 -1.912
3232 	 -1.736
3238 	 -1.364
3262 	 -0.608
3296 	 -0.264
3400 	 -0.024
3636 	 -0.008
3904 	 0
6000 	 -2.478
6020 	 -2.638
6042 	 -3.286
6064 	 -3.582
6088 	 -3.11
6120 	 -2.686
6138 	 -2.872
6154 	 -3.312
6180 	 -3.048
6190 	 -3.516
6198 	 -3.5
6234 	 -3.9
6284 	 -4.203
6296 	 -4.179
6346 	 -4.159
6360 	 -2.871
6374 	 -2.271
6376 	 -1.719
6424 	 -1.319
6444 	 -0.761
6504 	 -0.637
6506 	 -0.613
6552 	 -0.501
6634 	 -0.359
6704 	 -0.331
6710 	 -0.307
6726 	 -0.295
6728 	 -0.267
6782 	 -0.263
6894 	 -0.165
6990 	 -0.145
6994 	 -0.125
7002 	 -0.093
7272 	 -0.089
7278 	 -0.085
7290 	 -0.073
7324 	 -0.025
9000 	 -1.433
9024 	 -1.537
9050 	 -2.497
9078 	 -3.177
9112 	 -3.761
9158 	 -3.713
9162 	 -3.797
9174 	 -3.705
9186 	 -2.857
9216 	 -3.589
9232 	 -3.413
9238 	 -3.801
9262 	 -1.973
9268 	 -1.305
9298 	 -0.417
9304 	 -0.413
9306 	 -0.409
9334 	 -0.277
9400 	 -0.025
9660 	 -0.009
9904 	 -0.001
12000 	 -2.54
12002 	 -2.421
12004 	 -2.732
12006 	 -3.318
12008 	 -4.551
12010 	 -5.662
12012 	 -6.307
12016 	 -6.636
12018 	 -6.694
12020 	 -7.149
12028 	 -7.283
12032 	 -7.249
12034 	 -7.288
12040 	 -7.323
12042 	 -7.799
12054 	 -7.31
12064 	 -7.386
12070 	 -7.929
12074 	 -7.45
12082 	 -7.525
12088 	 -6.913
12100 	 -6.8
12102 	 -6.684
12114 	 -6.825
12120 	 -6.297
12130 	 -5.878
12140 	 -6.143
12154 	 -7.179
12156 	 -7.492
12160 	 -7.85
12164 	 -7.74
12178 	 -7.983
12180 	 -7.95
12184 	 -7.802
12186 	 -7.795
12190 	 -8.111
12192 	 -8.374
12198 	 -8.352
12200 	 -8.238
12210 	 -8.307
12212 	 -9.351
12226 	 -9.867
12228 	 -10.012
12230 	 -9.941
12234 	 -11.289
12236 	 -11.77
12242 	 -11.678
12246 	 -11.958
12248 	 -11.928
12252 	 -11.173
12254 	 -10.921
12256 	 -10.79
12264 	 -10.725
12272 	 -10.814
12274 	 -9.562
12276 	 -9.407
12282 	 -9.081
12286 	 -9.073
12290 	 -8.801
12296 	 -9.107
12304 	 -8.906
12310 	 -8.985
12314 	 -8.984
12320 	 -8.986
12324 	 -8.382
12328 	 -8.172
12330 	 -8.276
12332 	 -8.308
12334 	 -8.266
12338 	 -8.014
12340 	 -7.931
12344 	 -7.085
12346 	 -7.105
12350 	 -7.132
12356 	 -7.08
12358 	 -7.281
12360 	 -6.329
12364 	 -6.204
12376 	 -6.188
12380 	 -6.179
12382 	 -6.171
12384 	 -6.074
12392 	 -6.089
12404 	 -5.584
12414 	 -5.423
12420 	 -5.412
12432 	 -5.408
12436 	 -5.73
12438 	 -4.994
12444 	 -5.029
12446 	 -4.991
12452 	 -5.054
12454 	 -5.111
12456 	 -5.068
12460 	 -4.985
12462 	 -5.069
12466 	 -5.831
12470 	 -5.686
12474 	 -5.613
12476 	 -5.585
12480 	 -5.655
12488 	 -5.72
12494 	 -5.559
12496 	 -5.491
12512 	 -5.918
12516 	 -5.89
12520 	 -5.86
12528 	 -5.59
12532 	 -5.581
12542 	 -5.812
12548 	 -5.801
12550 	 -5.357
12552 	 -5.237
12564 	 -5.405
12570 	 -5.374
12572 	 -5.123
12574 	 -5.191
12576 	 -5.187
12590 	 -5.176
12596 	 -5.248
12624 	 -4.966
12626 	 -5.147
12630 	 -5.618
12634 	 -5.929
12638 	 -5.925
12642 	 -6.158
12648 	 -6.29
12656 	 -6.282
12658 	 -6.267
12668 	 -6.443
12688 	 -6.263
12696 	 -6.192
12704 	 -5.96
12706 	 -6.188
12710 	 -6.184
12722 	 -5.968
12736 	 -5.773
12744 	 -5.7
12750 	 -5.606
12758 	 -5.604
12762 	 -5.584
12768 	 -5.626
12770 	 -5.881
12776 	 -5.871
12780 	 -5.954
12788 	 -5.846
12792 	 -5.867
12798 	 -5.857
12814 	 -5.693
12826 	 -6.077
12832 	 -6.119
12838 	 -6.219
12840 	 -6.169
12848 	 -6.119
12850 	 -6.222
12852 	 -6.158
12868 	 -6.073
12874 	 -6.22
12876 	 -6.216
12898 	 -6.648
12908 	 -6.682
12918 	 -7.08
12920 	 -7.184
12922 	 -7.177
12924 	 -7.194
12930 	 -7.179
12936 	 -7.37
12942 	 -7.402
12944 	 -7.609
12948 	 -7.737
12952 	 -7.687
12954 	 -7.615
12966 	 -7.586
12970 	 -7.582
12972 	 -7.535
12974 	 -7.311
12976 	 -7.439
12978 	 -7.604
12986 	 -7.629
12990 	 -7.783
12996 	 -7.755
13002 	 -7.588
13004 	 -7.514
13008 	 -7.5
13012 	 -7.18
13024 	 -6.98
13026 	 -6.963
13028 	 -6.922
13030 	 -6.759
13034 	 -6.852
13044 	 -7.234
13046 	 -6.964
13050 	 -6.877
13054 	 -6.737
13056 	 -6.674
13060 	 -6.655
13066 	 -6.557
13068 	 -6.438
13074 	 -6.198
13080 	 -5.884
13084 	 -5.869
13092 	 -6.155
13102 	 -6.047
13106 	 -6.037
13112 	 -5.862
13114 	 -5.841
13120 	 -5.823
13126 	 -5.867
13130 	 -5.848
13132 	 -5.768
13144 	 -5.864
13146 	 -6.172
13154 	 -6.468
13156 	 -6.392
13162 	 -6.24
13164 	 -6.515
13168 	 -6.736
13172 	 -6.727
13182 	 -6.726
13184 	 -6.675
13188 	 -6.579
13192 	 -6.616
13194 	 -6.613
13206 	 -6.644
13214 	 -6.378
13220 	 -6.237
13224 	 -6.211
13236 	 -6.239
13242 	 -6.058
13248 	 -5.763
13254 	 -5.79
13256 	 -5.744
13270 	 -5.704
13272 	 -5.603
13274 	 -5.399
13276 	 -5.222
13290 	 -5.205
13292 	 -5.056
13300 	 -4.8
13310 	 -4.904
13314 	 -4.884
13316 	 -4.797
13318 	 -4.844
13328 	 -4.836
13340 	 -4.507
13342 	 -4.392
13346 	 -4.485
13348 	 -4.423
13350 	 -4.334
13364 	 -4.517
13372 	 -4.505
13374 	 -4.685
13382 	 -4.786
13384 	 -4.776
13386 	 -4.894
13388 	 -4.888
13394 	 -4.856
13414 	 -4.44
13416 	 -4.542
13430 	 -4.57
13442 	 -4.552
13448 	 -4.485
13454 	 -4.484
13458 	 -3.969
13460 	 -4.013
13464 	 -3.942
13466 	 -4.606
13476 	 -4.602
13484 	 -4.569
13490 	 -4.623
13496 	 -4.594
13504 	 -4.479
13514 	 -4.427
13526 	 -3.98
13534 	 -3.661
13540 	 -3.641
13542 	 -3.637
13546 	 -2.898
13548 	 -2.716
13550 	 -2.746
13562 	 -2.693
13564 	 -2.713
13570 	 -2.678
13578 	 -2.668
13588 	 -2.645
13592 	 -2.576
13598 	 -2.634
13618 	 -2.62
13622 	 -2.649
13624 	 -2.578
13632 	 -2.634
13634 	 -2.68
13646 	 -2.64
13654 	 -2.638
13658 	 -2.553
13670 	 -2.598
13680 	 -2.621
13692 	 -2.6
13740 	 -2.582
13744 	 -2.245
13750 	 -2.232
13754 	 -2.227
13800 	 -2.271
13804 	 -2.263
13806 	 -2.34
13812 	 -2.468
13814 	 -2.426
13820 	 -2.425
13844 	 -2.4
13848 	 -2.398
13850 	 -2.384
13852 	 -2.383
13858 	 -2.381
13860 	 -2.375
13864 	 -2.249
13878 	 -2.376
13884 	 -2.427
13890 	 -2.42
13894 	 -2.394
13900 	 -2.386
13902 	 -2.333
13912 	 -2.31
13932 	 -2.308
13944 	 -2.334
13946 	 -2.329
13950 	 -2.317
13952 	 -2.316
13954 	 -2.04
13974 	 -2.102
13984 	 -2.118
14002 	 -2.145
14012 	 -2.13
14022 	 -1.83
14032 	 -1.752
14034 	 -1.767
14038 	 -1.941
14040 	 -2.007
14060 	 -2.006
14066 	 -2.017
14070 	 -2.022
14072 	 -2.083
14106 	 -2.125
14108 	 -2.12
14114 	 -2.262
14120 	 -2.239
14136 	 -2.315
14144 	 -2.494
14148 	 -2.598
14154 	 -2.596
14176 	 -2.593
14180 	 -2.455
14198 	 -2.512
14200 	 -2.446
14214 	 -2.495
14222 	 -2.304
14228 	 -2.489
14238 	 -2.45
14244 	 -2.447
14246 	 -2.399
14258 	 -2.353
14260 	 -2.121
14266 	 -2.112
14274 	 -2.304
14278 	 -2.211
14280 	 -2.136
14288 	 -2.1
14296 	 -2.394
14300 	 -2.393
14314 	 -2.203
14318 	 -2.201
14320 	 -1.977
14326 	 -1.869
14336 	 -1.868
14342 	 -1.777
14350 	 -1.638
14352 	 -1.63
14370 	 -1.445
14376 	 -1.406
14380 	 -1.394
14382 	 -1.33
14398 	 -1.418
14408 	 -1.369
14426 	 -0.936
14428 	 -0.92
14450 	 -0.914
14458 	 -0.91
14460 	 -0.871
14474 	 -0.858
14480 	 -0.865
14498 	 -0.773
14502 	 -0.76
14522 	 -0.429
14550 	 -0.406
14560 	 -0.351
14594 	 -0.35
14632 	 -0.349
14664 	 -0.284
14690 	 -0.273
14714 	 -0.257
15000 	 -1.415
15024 	 -1.535
15050 	 -1.919
15078 	 -2.111
15112 	 -1.949
15158 	 -1.806
15186 	 -1.469
15216 	 -0.893
15232 	 -0.717
15250 	 -0.711
15262 	 -0.567
15310 	 -0.588
15336 	 -0.737
15342 	 -0.734
15356 	 -0.819
15360 	 -0.816
15374 	 -0.626
15400 	 -0.379
15422 	 -0.299
15456 	 -0.168
15486 	 -0.071
15558 	 -0.036
15864 	 -0.032
15904 	 -0.024
15930 	 -0.023
16000 	 -0.02
16388 	 -0.014
16494 	 -0.013
18000 	 -2.128
18020 	 -2.209
18042 	 -2.593
18064 	 -2.561
18088 	 -1.897
18120 	 -1.279
18154 	 -1.272
18180 	 -1.008
18190 	 -0.935
18234 	 -0.802
18262 	 -0.709
18296 	 -0.922
18328 	 -1.044
18342 	 -1.074
18360 	 -0.997
18368 	 -0.844
18384 	 -0.851
18402 	 -0.672
18420 	 -0.355
18426 	 -0.311
18434 	 -0.252
18448 	 -0.082
18472 	 -0.067
18552 	 -0.004
18864 	 0
21000 	 -1.44
21001 	 -1.44
