0 	 0
3000 	 -1.376
3024 	 -1.496
3050 	 -1.88
3062 	 -2.472
3078 	 -3.176
3112 	 -3.62
3158 	 -3.808
3164 	 -3.728
3186 	 -2.828
3198 	 -2.688
3216 	 -1.912
3232 	 -1.736
3238 	 -1.364
3262 	 -0.608
3296 	 -0.264
3400 	 -0.024
3636 	 -0.008
3904 	 0
6000 	 -2.478
6020 	 -2.638
6042 	 -3.286
6064 	 -3.582
6088 	 -3.11
6120 	 -2.686
6138 	 -2.872
6154 	 -3.312
6180 	 -3.048
6190 	 -3.516
6198 	 -3.5
6234 	 -3.9
6284 	 -4.203
6296 	 -4.179
6346 	 -4.159
6360 	 -2.871
6374 	 -2.271
6376 	 -1.719
6424 	 -1.319
6444 	 -0.761
6504 	 -0.637
6506 	 -0.613
6552 	 -0.501
6634 	 -0.359
6704 	 -0.331
6710 	 -0.307
6726 	 -0.295
6728 	 -0.267
6782 	 -0.263
6894 	 -0.165
6990 	 -0.145
6994 	 -0.125
7002 	 -0.093
7272 	 -0.089
7278 	 -0.085
7290 	 -0.073
7324 	 -0.025
9000 	 -1.433
9024 	 -1.537
9050 	 -2.497
9078 	 -3.177
9112 	 -3.761
9158 	 -3.713
9162 	 -3.797
9174 	 -3.705
9186 	 -2.857
9216 	 -3.589
9232 	 -3.413
9238 	 -3.801
9262 	 -1.973
9268 	 -1.305
9298 	 -0.417
9304 	 -0.413
9306 	 -0.409
9334 	 -0.277
9400 	 -0.025
9660 	 -0.009
9904 	 -0.001
12000 	 -2.54
12002 	 -2.421
12004 	 -2.692
12006 	 -3.278
12008 	 -4.1
12010 	 -5.211
12012 	 -5.641
12016 	 -5.97
12018 	 -6.028
12020 	 -6.37
12028 	 -6.504
12032 	 -6.47
12034 	 -6.509
12040 	 -6.456
12042 	 -6.932
12054 	 -6.443
12064 	 -6.519
12070 	 -6.886
12074 	 -6.407
12082 	 -6.482
12088 	 -5.87
12100 	 -5.83
12102 	 -5.714
12120 	 -5.186
12130 	 -4.934
12140 	 -5.199
12154 	 -6.235
12156 	 -6.548
12160 	 -6.906
12164 	 -6.796
12178 	 -7.007
12180 	 -6.974
12186 	 -7.019
12190 	 -7.335
12192 	 -7.655
12198 	 -7.633
12200 	 -7.787
12206 	 -7.777
12212 	 -8.821
12228 	 -8.966
12230 	 -9.254
12234 	 -10.602
12236 	 -11.083
12246 	 -11.445
12252 	 -10.729
12254 	 -10.527
12256 	 -10.535
12264 	 -10.863
12274 	 -9.611
12276 	 -9.585
12282 	 -9.399
12286 	 -9.469
12288 	 -9.569
12290 	 -9.297
12296 	 -9.603
12304 	 -9.373
12310 	 -9.401
12312 	 -9.366
12314 	 -9.176
12324 	 -8.623
12332 	 -8.655
12334 	 -8.57
12338 	 -8.318
12340 	 -8.235
12344 	 -7.439
12350 	 -7.365
12352 	 -7.69
12354 	 -7.594
12358 	 -7.489
12360 	 -6.537
12372 	 -6.522
12376 	 -6.309
12380 	 -6.312
12382 	 -6.143
12384 	 -6.046
12390 	 -6.148
12392 	 -6.078
12394 	 -5.928
12402 	 -5.704
12404 	 -5.354
12410 	 -5.456
12412 	 -5.445
12420 	 -5.434
12432 	 -5.345
12436 	 -5.665
12438 	 -4.91
12444 	 -4.943
12446 	 -4.905
12452 	 -5.139
12456 	 -5.249
12460 	 -5.166
12462 	 -5.261
12466 	 -6.023
12468 	 -6.015
12474 	 -5.942
12480 	 -6.012
12488 	 -6.222
12494 	 -6.179
12496 	 -6.111
12498 	 -6.192
12512 	 -6.492
12520 	 -6.462
12528 	 -6.294
12542 	 -6.525
12548 	 -6.514
12550 	 -6.503
12552 	 -6.383
12564 	 -6.545
12570 	 -6.514
12574 	 -6.621
12576 	 -6.597
12578 	 -6.592
12588 	 -6.123
12590 	 -6.112
12596 	 -5.964
12598 	 -5.909
12602 	 -5.907
12610 	 -5.903
12624 	 -5.379
12626 	 -5.56
12630 	 -6.031
12638 	 -6.022
12648 	 -6.246
12652 	 -6.197
12656 	 -6.264
12658 	 -6.249
12664 	 -6.764
12672 	 -6.752
12678 	 -6.747
12680 	 -6.972
12686 	 -6.927
12690 	 -6.64
12702 	 -6.767
12706 	 -6.995
12710 	 -6.991
12722 	 -6.564
12736 	 -5.593
12740 	 -5.821
12750 	 -5.727
12752 	 -5.609
12758 	 -5.607
12766 	 -5.588
12768 	 -5.63
12770 	 -5.863
12772 	 -6.07
12776 	 -6.06
12778 	 -6.203
12782 	 -6.141
12788 	 -5.974
12792 	 -5.816
12798 	 -5.806
12808 	 -5.897
12814 	 -5.96
12830 	 -6.05
12848 	 -5.927
12852 	 -6.193
12876 	 -6.189
12894 	 -6.275
12908 	 -5.83
12918 	 -5.764
12920 	 -5.726
12924 	 -6.386
12932 	 -6.542
12934 	 -6.712
12936 	 -6.795
12942 	 -6.827
12944 	 -6.805
12950 	 -7.701
12954 	 -7.745
12956 	 -7.898
12958 	 -7.862
12966 	 -7.893
12970 	 -7.889
12972 	 -7.842
12984 	 -7.596
12986 	 -7.761
12988 	 -7.688
12990 	 -7.682
12996 	 -7.666
12998 	 -8.082
13004 	 -8.003
13008 	 -8.359
13012 	 -8.503
13016 	 -8.423
13026 	 -8.454
13028 	 -8.435
13042 	 -8.404
13044 	 -8.689
13050 	 -8.672
13054 	 -8.535
13056 	 -8.505
13060 	 -8.486
13062 	 -8.095
13068 	 -7.653
13072 	 -7.685
13076 	 -7.411
13078 	 -7.177
13080 	 -6.863
13082 	 -6.867
13088 	 -6.942
13090 	 -6.766
13094 	 -6.865
13096 	 -6.875
13098 	 -6.877
13100 	 -6.845
13102 	 -6.84
13112 	 -6.954
13114 	 -6.927
13116 	 -6.985
13126 	 -7.049
13128 	 -6.905
13130 	 -6.87
13132 	 -6.819
13144 	 -6.909
13146 	 -6.769
13154 	 -6.722
13156 	 -6.749
13168 	 -6.88
13170 	 -6.771
13172 	 -6.697
13178 	 -6.84
13182 	 -6.76
13186 	 -7.459
13190 	 -7.31
13198 	 -7.851
13206 	 -7.836
13212 	 -7.81
13216 	 -7.899
13228 	 -8.04
13230 	 -7.984
13248 	 -7.168
13252 	 -6.982
13266 	 -7.027
13270 	 -6.596
13284 	 -6.916
13290 	 -6.889
13302 	 -6.779
13304 	 -6.754
13306 	 -6.39
13310 	 -6.359
13316 	 -6.187
13320 	 -6.105
13322 	 -6.354
13324 	 -6.227
13328 	 -6.1
13340 	 -5.787
13346 	 -5.783
13348 	 -5.752
13352 	 -5.804
13366 	 -5.807
13368 	 -5.751
13372 	 -5.739
13374 	 -5.026
13386 	 -4.979
13388 	 -4.973
13392 	 -4.946
13394 	 -4.985
13404 	 -5.103
13412 	 -4.996
13414 	 -5.016
13418 	 -5.307
13422 	 -5.294
13424 	 -5.287
13436 	 -5.8
13440 	 -5.813
13442 	 -5.675
13454 	 -5.674
13456 	 -5.715
13474 	 -5.665
13476 	 -5.627
13478 	 -5.575
13482 	 -5.546
13484 	 -5.532
13490 	 -5.55
13492 	 -4.89
13496 	 -5.165
13504 	 -5.158
13508 	 -5.059
13510 	 -5.02
13512 	 -5.035
13514 	 -4.743
13516 	 -4.423
13532 	 -4.165
13536 	 -4.195
13540 	 -4.279
13542 	 -4.277
13546 	 -4.013
13550 	 -3.846
13560 	 -3.654
13584 	 -3.635
13586 	 -3.53
13592 	 -3.725
13596 	 -3.627
13600 	 -3.541
13604 	 -3.534
13608 	 -3.569
13612 	 -3.634
13618 	 -3.62
13632 	 -3.581
13634 	 -3.579
13650 	 -3.632
13652 	 -3.702
13656 	 -3.778
13658 	 -3.699
13664 	 -3.673
13680 	 -3.523
13682 	 -3.214
13704 	 -3.347
13706 	 -3.235
13740 	 -3.264
13744 	 -2.549
13764 	 -2.47
13782 	 -2.466
13784 	 -2.388
13786 	 -2.449
13788 	 -2.39
13796 	 -2.368
13804 	 -2.34
13810 	 -2.222
13814 	 -1.972
13822 	 -1.958
13834 	 -1.822
13840 	 -1.807
13844 	 -1.794
13848 	 -1.793
13854 	 -1.764
13860 	 -1.806
13864 	 -1.755
13872 	 -1.699
13884 	 -1.698
13890 	 -1.67
13900 	 -1.662
13902 	 -1.609
13906 	 -1.576
13912 	 -1.57
13914 	 -1.531
13954 	 -1.525
13956 	 -1.271
13958 	 -1.284
13984 	 -1.188
13988 	 -1.327
14012 	 -1.317
14016 	 -1.21
14018 	 -0.991
14032 	 -0.913
14038 	 -0.907
14052 	 -0.771
14056 	 -0.767
14060 	 -0.755
14068 	 -0.713
14080 	 -0.684
14090 	 -0.639
14108 	 -0.634
14112 	 -0.597
14118 	 -0.582
14126 	 -0.555
14138 	 -0.553
14156 	 -0.552
14200 	 -0.496
14202 	 -0.461
14238 	 -0.435
14244 	 -0.434
14284 	 -0.418
14304 	 -0.415
14316 	 -0.408
14318 	 -0.406
14326 	 -0.405
14356 	 -0.403
14384 	 -0.4
14426 	 -0.249
14568 	 -0.247
14598 	 -0.246
15000 	 -1.418
15024 	 -1.548
15050 	 -2.059
15078 	 -2.38
15112 	 -2.413
15158 	 -2.474
15162 	 -2.494
15174 	 -2.47
15186 	 -2.162
15216 	 -1.966
15232 	 -1.79
15238 	 -1.855
15250 	 -1.851
15262 	 -1.834
15268 	 -1.748
15282 	 -1.616
15298 	 -1.443
15310 	 -1.504
15336 	 -1.953
15342 	 -1.95
15346 	 -1.924
15356 	 -2.178
15360 	 -2.175
15370 	 -2.171
15374 	 -1.596
15400 	 -1.067
15422 	 -0.828
15456 	 -0.433
15486 	 -0.147
15558 	 -0.045
15660 	 -0.042
15708 	 -0.036
15864 	 -0.027
15904 	 -0.019
16000 	 -0.017
16388 	 -0.011
18000 	 -2.128
18020 	 -2.236
18042 	 -2.716
18064 	 -2.807
18088 	 -2.246
18120 	 -1.719
18154 	 -2.216
18180 	 -1.952
18190 	 -2.346
18234 	 -2.844
18252 	 -2.836
18262 	 -2.557
18270 	 -2.234
18278 	 -2.213
18286 	 -2.166
18296 	 -3.081
18316 	 -3.096
18328 	 -3.462
18336 	 -3.345
18342 	 -3.418
18348 	 -3.221
18360 	 -3.029
18368 	 -2.57
18384 	 -2.591
18402 	 -1.978
18420 	 -1.027
18426 	 -0.895
18434 	 -0.718
18448 	 -0.208
18472 	 -0.163
18552 	 -0.016
18864 	 -0.004
19002 	 0
21000 	 -1.44
21001 	 -1.44
