0 	 0
3000 	 -1.376
3024 	 -1.496
3050 	 -1.88
3062 	 -2.472
3078 	 -3.176
3112 	 -3.62
3158 	 -3.808
3164 	 -3.728
3186 	 -2.828
3198 	 -2.688
3216 	 -1.912
3232 	 -1.736
3238 	 -1.364
3262 	 -0.608
3296 	 -0.264
3400 	 -0.024
3636 	 -0.008
3904 	 0
6000 	 -2.478
6020 	 -2.638
6042 	 -3.286
6064 	 -3.582
6088 	 -3.11
6120 	 -2.686
6138 	 -2.872
6154 	 -3.312
6180 	 -3.048
6190 	 -3.516
6198 	 -3.5
6234 	 -3.9
6284 	 -4.203
6296 	 -4.179
6346 	 -4.159
6360 	 -2.871
6374 	 -2.271
6376 	 -1.719
6424 	 -1.319
6444 	 -0.761
6504 	 -0.637
6506 	 -0.613
6552 	 -0.501
6634 	 -0.359
6704 	 -0.331
6710 	 -0.307
6726 	 -0.295
6728 	 -0.267
6782 	 -0.263
6894 	 -0.165
6990 	 -0.145
6994 	 -0.125
7002 	 -0.093
7272 	 -0.089
7278 	 -0.085
7290 	 -0.073
7324 	 -0.025
9000 	 -1.433
9024 	 -1.537
9050 	 -2.497
9078 	 -3.177
9112 	 -3.761
9158 	 -3.713
9162 	 -3.797
9174 	 -3.705
9186 	 -2.857
9216 	 -3.589
9232 	 -3.413
9238 	 -3.801
9262 	 -1.973
9268 	 -1.305
9298 	 -0.417
9304 	 -0.413
9306 	 -0.409
9334 	 -0.277
9400 	 -0.025
9660 	 -0.009
9904 	 -0.001
12000 	 -2.54
12002 	 -2.421
12004 	 -2.692
12006 	 -3.278
12008 	 -4.1
12010 	 -5.211
12012 	 -5.641
12016 	 -5.97
12018 	 -6.028
12020 	 -6.37
12028 	 -6.504
12032 	 -6.47
12034 	 -6.509
12040 	 -6.456
12042 	 -6.932
12054 	 -6.443
12064 	 -6.519
12070 	 -6.878
12074 	 -6.399
12082 	 -6.474
12088 	 -5.862
12100 	 -5.766
12102 	 -5.65
12114 	 -5.791
12120 	 -5.263
12130 	 -5.05
12140 	 -5.315
12154 	 -6.351
12156 	 -6.664
12164 	 -6.554
12178 	 -6.599
12180 	 -6.566
12184 	 -6.418
12186 	 -6.411
12190 	 -6.727
12192 	 -6.99
12200 	 -6.778
12210 	 -6.844
12212 	 -7.888
12226 	 -7.879
12228 	 -8.024
12230 	 -7.875
12234 	 -9.223
12236 	 -9.704
12242 	 -9.743
12248 	 -9.737
12252 	 -8.982
12254 	 -9.105
12264 	 -9.04
12274 	 -7.788
12276 	 -7.994
12282 	 -7.697
12286 	 -7.694
12290 	 -7.422
12296 	 -7.728
12304 	 -7.673
12320 	 -7.675
12324 	 -7.071
12330 	 -7.177
12332 	 -7.209
12336 	 -7.191
12338 	 -6.939
12340 	 -6.856
12344 	 -6.06
12350 	 -5.991
12352 	 -6.095
12358 	 -6.076
12360 	 -5.124
12376 	 -5.209
12378 	 -5.244
12382 	 -5.16
12384 	 -5.063
12402 	 -4.884
12404 	 -4.604
12420 	 -4.593
12432 	 -4.53
12436 	 -4.851
12438 	 -4.508
12444 	 -4.544
12446 	 -4.506
12452 	 -4.74
12456 	 -4.785
12460 	 -4.702
12462 	 -4.778
12466 	 -5.54
12472 	 -5.667
12474 	 -5.594
12480 	 -5.664
12488 	 -5.748
12494 	 -5.705
12496 	 -5.718
12498 	 -5.748
12510 	 -5.758
12512 	 -6.066
12520 	 -6.036
12528 	 -5.766
12532 	 -5.757
12542 	 -5.988
12548 	 -5.977
12550 	 -5.863
12552 	 -5.743
12564 	 -5.911
12568 	 -5.73
12570 	 -5.699
12576 	 -5.845
12578 	 -5.83
12590 	 -5.634
12618 	 -5.755
12624 	 -5.579
12626 	 -5.76
12630 	 -6.334
12638 	 -6.336
12642 	 -6.364
12648 	 -6.842
12658 	 -6.795
12660 	 -7.002
12670 	 -6.989
12678 	 -7.097
12690 	 -7.062
12698 	 -6.886
12706 	 -7.133
12710 	 -7.129
12712 	 -7.17
12714 	 -7.008
12722 	 -6.96
12736 	 -6.45
12742 	 -6.499
12750 	 -6.405
12754 	 -6.438
12758 	 -6.436
12768 	 -6.478
12770 	 -6.553
12774 	 -6.734
12792 	 -6.597
12794 	 -6.744
12798 	 -6.734
12814 	 -6.732
12826 	 -7.009
12840 	 -6.743
12852 	 -6.707
12858 	 -6.654
12866 	 -6.811
12876 	 -6.807
12888 	 -6.91
12908 	 -7.007
12914 	 -7
12918 	 -6.861
12920 	 -7.019
12924 	 -6.983
12936 	 -6.923
12938 	 -7.245
12942 	 -7.277
12948 	 -7.651
12954 	 -7.579
12960 	 -7.717
12970 	 -8.008
12972 	 -8.315
12980 	 -8.234
12982 	 -8.615
12990 	 -8.609
12994 	 -8.561
12996 	 -8.572
12998 	 -8.275
13004 	 -8.168
13006 	 -8.146
13008 	 -8.132
13010 	 -7.988
13012 	 -7.909
13026 	 -7.759
13028 	 -7.718
13044 	 -7.746
13046 	 -7.432
13048 	 -7.061
13050 	 -6.991
13052 	 -6.952
13056 	 -6.922
13060 	 -6.776
13064 	 -6.86
13068 	 -6.741
13070 	 -6.661
13072 	 -6.525
13074 	 -6.48
13078 	 -6.463
13080 	 -6.189
13088 	 -6.23
13092 	 -6.16
13096 	 -6.084
13100 	 -5.985
13102 	 -5.98
13114 	 -5.852
13124 	 -5.776
13132 	 -5.78
13134 	 -5.765
13136 	 -5.67
13144 	 -5.708
13156 	 -5.632
13160 	 -5.55
13162 	 -5.5
13170 	 -5.859
13178 	 -6.137
13180 	 -6.022
13184 	 -6.289
13198 	 -6.43
13200 	 -6.399
13202 	 -6.618
13206 	 -6.304
13210 	 -6.233
13240 	 -6.236
13248 	 -4.389
13252 	 -4.806
13264 	 -4.746
13268 	 -4.761
13274 	 -4.631
13290 	 -4.614
13294 	 -4.463
13298 	 -4.245
13304 	 -4.433
13308 	 -4.491
13322 	 -4.242
13336 	 -4.126
13340 	 -3.631
13346 	 -3.794
13356 	 -3.651
13362 	 -3.65
13370 	 -3.77
13372 	 -3.87
13374 	 -3.636
13388 	 -3.63
13392 	 -3.658
13394 	 -3.655
13396 	 -3.637
13400 	 -3.606
13402 	 -3.604
13414 	 -3.441
13430 	 -3.226
13432 	 -3.186
13436 	 -3.287
13440 	 -3.344
13442 	 -3.172
13452 	 -3.116
13456 	 -3.112
13460 	 -3.113
13464 	 -3.141
13470 	 -3.119
13476 	 -3.115
13478 	 -3.08
13488 	 -3.143
13490 	 -3.114
13494 	 -3.111
13506 	 -3.109
13508 	 -3.125
13512 	 -2.936
13514 	 -2.927
13522 	 -2.922
13530 	 -2.903
13532 	 -2.856
13534 	 -2.831
13536 	 -2.828
13542 	 -2.374
13546 	 -2.1
13548 	 -2.068
13550 	 -2.047
13558 	 -2.015
13562 	 -1.879
13566 	 -1.871
13582 	 -1.864
13584 	 -1.828
13586 	 -1.791
13590 	 -1.777
13592 	 -1.731
13598 	 -1.677
13600 	 -1.616
13618 	 -1.602
13620 	 -1.593
13630 	 -1.579
13642 	 -1.523
13654 	 -1.468
13658 	 -1.366
13660 	 -1.365
13700 	 -1.358
13704 	 -1.332
13740 	 -1.314
13744 	 -0.863
13770 	 -0.851
13774 	 -0.85
13814 	 -0.822
13834 	 -0.811
13842 	 -0.783
13844 	 -0.77
13860 	 -0.767
13884 	 -0.766
13900 	 -0.758
13902 	 -0.705
13912 	 -0.699
13970 	 -0.69
13984 	 -0.592
14012 	 -0.582
14028 	 -0.547
14032 	 -0.469
14064 	 -0.465
14098 	 -0.462
14108 	 -0.457
14200 	 -0.399
14202 	 -0.392
14268 	 -0.391
14318 	 -0.389
14326 	 -0.388
14406 	 -0.384
14426 	 -0.233
15000 	 -1.412
15024 	 -1.532
15050 	 -2.204
15078 	 -2.646
15112 	 -2.881
15158 	 -2.973
15162 	 -3.015
15174 	 -2.967
15186 	 -2.519
15216 	 -2.717
15232 	 -2.541
15238 	 -2.671
15250 	 -2.667
15262 	 -2.287
15268 	 -2.115
15276 	 -2.112
15282 	 -1.848
15298 	 -1.502
15310 	 -1.562
15336 	 -2.011
15342 	 -2.008
15346 	 -1.956
15356 	 -2.211
15360 	 -2.208
15374 	 -1.628
15400 	 -1.071
15422 	 -0.833
15456 	 -0.436
15486 	 -0.151
15558 	 -0.052
15660 	 -0.046
15708 	 -0.034
15864 	 -0.028
15904 	 -0.02
16000 	 -0.018
16388 	 -0.012
18000 	 -2.128
18020 	 -2.245
18042 	 -2.757
18064 	 -2.891
18088 	 -2.353
18120 	 -1.825
18154 	 -2.664
18180 	 -2.4
18190 	 -2.991
18234 	 -3.922
18252 	 -3.906
18262 	 -3.627
18270 	 -2.981
18278 	 -2.939
18286 	 -2.845
18296 	 -3.748
18316 	 -3.778
18328 	 -4.144
18336 	 -3.91
18342 	 -3.966
18348 	 -3.572
18360 	 -3.131
18368 	 -2.672
18384 	 -2.693
18402 	 -2.004
18420 	 -1.053
18426 	 -0.921
18434 	 -0.744
18448 	 -0.234
18472 	 -0.189
18552 	 -0.02
18864 	 -0.008
19002 	 0
21000 	 -1.44
21001 	 -1.44
