0 	 0
3000 	 -1.376
3024 	 -1.496
3050 	 -1.88
3062 	 -2.472
3078 	 -3.176
3112 	 -3.62
3158 	 -3.808
3164 	 -3.728
3186 	 -2.828
3198 	 -2.688
3216 	 -1.912
3232 	 -1.736
3238 	 -1.364
3262 	 -0.608
3296 	 -0.264
3400 	 -0.024
3636 	 -0.008
3904 	 0
6000 	 -2.478
6020 	 -2.638
6042 	 -3.286
6064 	 -3.582
6088 	 -3.11
6120 	 -2.686
6138 	 -2.872
6154 	 -3.312
6180 	 -3.048
6190 	 -3.516
6198 	 -3.5
6234 	 -3.9
6284 	 -4.203
6296 	 -4.179
6346 	 -4.159
6360 	 -2.871
6374 	 -2.271
6376 	 -1.719
6424 	 -1.319
6444 	 -0.761
6504 	 -0.637
6506 	 -0.613
6552 	 -0.501
6634 	 -0.359
6704 	 -0.331
6710 	 -0.307
6726 	 -0.295
6728 	 -0.267
6782 	 -0.263
6894 	 -0.165
6990 	 -0.145
6994 	 -0.125
7002 	 -0.093
7272 	 -0.089
7278 	 -0.085
7290 	 -0.073
7324 	 -0.025
9000 	 -1.433
9024 	 -1.537
9050 	 -2.497
9078 	 -3.177
9112 	 -3.761
9158 	 -3.713
9162 	 -3.797
9174 	 -3.705
9186 	 -2.857
9216 	 -3.589
9232 	 -3.413
9238 	 -3.801
9262 	 -1.973
9268 	 -1.305
9298 	 -0.417
9304 	 -0.413
9306 	 -0.409
9334 	 -0.277
9400 	 -0.025
9660 	 -0.009
9904 	 -0.001
12000 	 -2.554
12002 	 -2.49
12004 	 -3.193
12006 	 -4.004
12008 	 -4.934
12010 	 -5.572
12012 	 -5.989
12016 	 -6.169
12020 	 -6.505
12028 	 -6.639
12032 	 -6.386
12040 	 -6.263
12042 	 -6.739
12048 	 -6.461
12054 	 -5.972
12064 	 -6.072
12070 	 -6.054
12074 	 -5.575
12086 	 -5.797
12088 	 -5.185
12100 	 -5.162
12102 	 -5.015
12120 	 -4.487
12130 	 -4.441
12132 	 -4.752
12140 	 -5.017
12154 	 -6.185
12162 	 -6.158
12164 	 -6.048
12178 	 -6.19
12180 	 -6.171
12186 	 -6.216
12190 	 -6.532
12198 	 -6.524
12200 	 -6.6
12206 	 -6.59
12212 	 -7.634
12228 	 -7.779
12230 	 -8.039
12234 	 -9.387
12236 	 -8.981
12252 	 -8.265
12254 	 -8.164
12256 	 -8.306
12260 	 -8.288
12264 	 -8.694
12272 	 -8.693
12274 	 -7.441
12282 	 -7.284
12286 	 -7.077
12290 	 -6.805
12294 	 -6.95
12296 	 -7.256
12304 	 -7.026
12312 	 -6.991
12320 	 -7.202
12324 	 -6.704
12328 	 -6.876
12332 	 -6.908
12334 	 -6.975
12338 	 -6.723
12340 	 -6.87
12344 	 -6.074
12350 	 -6.059
12352 	 -6.104
12354 	 -6.135
12360 	 -5.183
12372 	 -5.168
12376 	 -5.293
12382 	 -5.226
12386 	 -5.239
12392 	 -5.303
12394 	 -5.11
12404 	 -4.838
12406 	 -4.966
12410 	 -5.027
12412 	 -4.981
12414 	 -4.97
12420 	 -4.959
12436 	 -5.36
12438 	 -4.898
12444 	 -4.973
12452 	 -5.2
12460 	 -5.117
12464 	 -5.11
12466 	 -5.575
12474 	 -5.361
12480 	 -5.547
12494 	 -5.508
12496 	 -5.525
12500 	 -5.479
12502 	 -5.386
12508 	 -5.384
12516 	 -5.334
12520 	 -5.304
12528 	 -5.419
12530 	 -5.242
12544 	 -5.78
12548 	 -5.766
12550 	 -5.728
12552 	 -5.608
12564 	 -5.77
12566 	 -6.279
12568 	 -6.137
12576 	 -6.274
12578 	 -6.269
12590 	 -6.178
12596 	 -6.326
12604 	 -6.321
12614 	 -6.019
12618 	 -5.892
12622 	 -5.752
12626 	 -5.933
12630 	 -6.421
12634 	 -6.259
12638 	 -6.212
12640 	 -6.139
12654 	 -6.133
12656 	 -5.904
12658 	 -5.916
12664 	 -5.898
12670 	 -6.383
12672 	 -6.371
12688 	 -6.44
12690 	 -6.341
12698 	 -6.334
12700 	 -6.66
12702 	 -6.521
12706 	 -6.753
12708 	 -6.74
12710 	 -6.736
12714 	 -6.586
12724 	 -6.766
12728 	 -6.682
12734 	 -6.603
12742 	 -6.596
12758 	 -6.594
12768 	 -6.579
12770 	 -6.742
12786 	 -7.032
12794 	 -7.089
12800 	 -7.177
12804 	 -7.002
12806 	 -6.947
12820 	 -6.833
12822 	 -7.127
12838 	 -7.41
12840 	 -7.501
12874 	 -7.598
12894 	 -7.55
12900 	 -7.724
12908 	 -7.667
12910 	 -8.28
12912 	 -8.263
12920 	 -8.173
12924 	 -8.21
12928 	 -8.062
12940 	 -8.398
12942 	 -8.43
12952 	 -8.346
12954 	 -8.128
12960 	 -8.041
12970 	 -8.036
12972 	 -7.989
12976 	 -8.085
12982 	 -7.866
12984 	 -7.715
12988 	 -7.671
12990 	 -7.668
12996 	 -7.635
13000 	 -7.762
13004 	 -7.688
13008 	 -7.674
13012 	 -7.785
13024 	 -7.546
13028 	 -7.505
13032 	 -7.503
13036 	 -7.397
13042 	 -7.393
13044 	 -7.72
13048 	 -7.732
13050 	 -7.306
13068 	 -7.187
13070 	 -7.294
13080 	 -6.974
13090 	 -6.744
13098 	 -5.858
13102 	 -5.833
13106 	 -5.829
13114 	 -5.808
13124 	 -5.721
13128 	 -5.527
13134 	 -5.483
13138 	 -5.547
13158 	 -5.488
13166 	 -5.357
13170 	 -5.335
13176 	 -5.029
13194 	 -4.903
13206 	 -4.706
13216 	 -4.573
13220 	 -4.555
13224 	 -4.947
13240 	 -4.924
13242 	 -4.976
13246 	 -5.296
13248 	 -4.625
13250 	 -4.521
13258 	 -4.519
13274 	 -4.437
13278 	 -4.058
13286 	 -3.947
13290 	 -3.93
13292 	 -3.796
13308 	 -3.77
13312 	 -3.789
13318 	 -3.551
13338 	 -3.527
13340 	 -3.266
13346 	 -3.298
13372 	 -3.286
13374 	 -2.845
13388 	 -2.839
13394 	 -2.836
13408 	 -2.811
13414 	 -2.687
13418 	 -2.674
13422 	 -2.59
13442 	 -2.404
13448 	 -2.402
13452 	 -2.397
13458 	 -2.315
13466 	 -2.272
13468 	 -2.584
13472 	 -2.92
13476 	 -3.237
13480 	 -3.133
13484 	 -3.254
13490 	 -3.244
13500 	 -3.424
13514 	 -3.415
13534 	 -2.991
13542 	 -2.973
13544 	 -2.967
13546 	 -2.717
13548 	 -2.714
13554 	 -2.734
13564 	 -2.572
13586 	 -2.449
13592 	 -2.38
13598 	 -2.204
13608 	 -1.921
13618 	 -1.907
13622 	 -1.825
13627 	 -1.906
13658 	 -1.526
13668 	 -1.516
13700 	 -1.666
13726 	 -1.665
13738 	 -1.755
13744 	 -1.334
13760 	 -1.31
13784 	 -1.284
13794 	 -1.251
13808 	 -1.232
13814 	 -1.228
13832 	 -1.177
13836 	 -1.167
13844 	 -1.154
13848 	 -1.153
13850 	 -1.006
13878 	 -0.882
13900 	 -0.874
13902 	 -0.821
13908 	 -0.783
13912 	 -0.777
13952 	 -0.765
13984 	 -0.669
13986 	 -0.562
14012 	 -0.547
14032 	 -0.469
14066 	 -0.467
14106 	 -0.458
14108 	 -0.453
14200 	 -0.397
14232 	 -0.388
14318 	 -0.386
14326 	 -0.385
14340 	 -0.384
14384 	 -0.382
14426 	 -0.231
14610 	 -0.23
15000 	 -1.412
15024 	 -1.532
15050 	 -1.915
15078 	 -2.107
15112 	 -1.947
15158 	 -1.887
15186 	 -1.627
15216 	 -1.048
15232 	 -0.872
15250 	 -0.866
15262 	 -0.972
15308 	 -0.989
15310 	 -1.01
15334 	 -1.159
15336 	 -1.308
15342 	 -1.305
15354 	 -1.39
15356 	 -1.475
15360 	 -1.472
15372 	 -1.276
15374 	 -1.086
15400 	 -0.714
15422 	 -0.548
15456 	 -0.417
15458 	 -0.283
15486 	 -0.186
15488 	 -0.101
15558 	 -0.066
15566 	 -0.035
15864 	 -0.031
15890 	 -0.028
15904 	 -0.02
16000 	 -0.017
16388 	 -0.011
18000 	 -2.128
18020 	 -2.218
18042 	 -2.634
18064 	 -2.642
18088 	 -2.018
18120 	 -1.446
18154 	 -1.52
18180 	 -1.256
18190 	 -1.318
18234 	 -1.284
18262 	 -1.097
18296 	 -1.668
18328 	 -1.912
18342 	 -1.972
18360 	 -1.962
18368 	 -1.656
18384 	 -1.67
18402 	 -1.312
18420 	 -0.678
18426 	 -0.59
18434 	 -0.472
18448 	 -0.132
18472 	 -0.102
18552 	 -0.008
18864 	 0
21000 	 -1.44
21001 	 -1.44
