0 	 0
3000 	 -1.376
3024 	 -1.496
3050 	 -1.88
3062 	 -2.472
3078 	 -3.176
3112 	 -3.62
3158 	 -3.808
3164 	 -3.728
3186 	 -2.828
3198 	 -2.688
3216 	 -1.912
3232 	 -1.736
3238 	 -1.364
3262 	 -0.608
3296 	 -0.264
3400 	 -0.024
3636 	 -0.008
3904 	 0
6000 	 -2.478
6020 	 -2.638
6042 	 -3.286
6064 	 -3.582
6088 	 -3.11
6120 	 -2.686
6138 	 -2.872
6154 	 -3.312
6180 	 -3.048
6190 	 -3.516
6198 	 -3.5
6234 	 -3.9
6284 	 -4.203
6296 	 -4.179
6346 	 -4.159
6360 	 -2.871
6374 	 -2.271
6376 	 -1.719
6424 	 -1.319
6444 	 -0.761
6504 	 -0.637
6506 	 -0.613
6552 	 -0.501
6634 	 -0.359
6704 	 -0.331
6710 	 -0.307
6726 	 -0.295
6728 	 -0.267
6782 	 -0.263
6894 	 -0.165
6990 	 -0.145
6994 	 -0.125
7002 	 -0.093
7272 	 -0.089
7278 	 -0.085
7290 	 -0.073
7324 	 -0.025
9000 	 -1.433
9024 	 -1.537
9050 	 -2.497
9078 	 -3.177
9112 	 -3.761
9158 	 -3.713
9162 	 -3.797
9174 	 -3.705
9186 	 -2.857
9216 	 -3.589
9232 	 -3.413
9238 	 -3.801
9262 	 -1.973
9268 	 -1.305
9298 	 -0.417
9304 	 -0.413
9306 	 -0.409
9334 	 -0.277
9400 	 -0.025
9660 	 -0.009
9904 	 -0.001
12000 	 -2.554
12002 	 -2.49
12004 	 -3.193
12006 	 -4.004
12008 	 -4.934
12010 	 -5.572
12012 	 -5.989
12016 	 -6.169
12020 	 -6.505
12028 	 -6.639
12032 	 -6.386
12040 	 -6.263
12042 	 -6.739
12048 	 -6.461
12054 	 -5.972
12064 	 -6.072
12070 	 -6.055
12074 	 -5.576
12086 	 -5.798
12088 	 -5.186
12100 	 -5.169
12102 	 -5.022
12120 	 -4.494
12130 	 -4.288
12132 	 -4.599
12140 	 -4.864
12154 	 -6.032
12160 	 -6.39
12162 	 -6.363
12164 	 -6.253
12178 	 -6.331
12180 	 -6.312
12186 	 -6.305
12190 	 -6.621
12198 	 -6.591
12200 	 -6.717
12212 	 -7.761
12228 	 -7.906
12230 	 -8.121
12234 	 -9.469
12236 	 -9.057
12246 	 -9.357
12252 	 -8.641
12254 	 -8.54
12256 	 -8.523
12260 	 -8.505
12272 	 -8.504
12274 	 -7.252
12276 	 -7.098
12282 	 -6.941
12290 	 -6.669
12296 	 -6.975
12304 	 -6.931
12310 	 -7.474
12314 	 -7.413
12324 	 -6.809
12328 	 -7.146
12332 	 -7.178
12334 	 -7.177
12338 	 -6.925
12344 	 -6.129
12350 	 -6.101
12352 	 -6.146
12354 	 -6.134
12358 	 -6.067
12360 	 -5.452
12376 	 -5.351
12380 	 -5.354
12382 	 -5.425
12386 	 -5.353
12388 	 -5.338
12392 	 -5.296
12404 	 -4.946
12406 	 -5.147
12412 	 -5.342
12420 	 -5.331
12424 	 -5.346
12436 	 -5.733
12438 	 -5.304
12444 	 -5.356
12452 	 -5.583
12460 	 -5.5
12462 	 -5.632
12464 	 -5.564
12466 	 -6.029
12468 	 -5.967
12480 	 -6.153
12494 	 -6.114
12496 	 -6.432
12498 	 -6.065
12500 	 -6.077
12502 	 -6.058
12506 	 -6.025
12508 	 -6.017
12516 	 -5.967
12518 	 -6.225
12520 	 -6.195
12524 	 -6.196
12550 	 -5.826
12552 	 -5.706
12558 	 -5.743
12562 	 -5.809
12564 	 -5.977
12572 	 -6.453
12576 	 -6.379
12580 	 -6.55
12588 	 -6.81
12590 	 -6.769
12604 	 -6.764
12610 	 -6.795
12614 	 -6.549
12618 	 -6.529
12624 	 -6.516
12626 	 -6.687
12628 	 -6.424
12630 	 -6.823
12632 	 -6.813
12638 	 -6.809
12640 	 -6.298
12646 	 -6.287
12664 	 -6.012
12670 	 -6.141
12700 	 -6.154
12706 	 -6.384
12710 	 -6.38
12714 	 -6.23
12718 	 -6.448
12728 	 -6.618
12730 	 -6.599
12738 	 -6.669
12742 	 -6.662
12754 	 -6.719
12758 	 -6.717
12768 	 -6.641
12770 	 -6.874
12776 	 -6.864
12778 	 -6.786
12780 	 -7.248
12786 	 -7.256
12804 	 -7.193
12806 	 -7.148
12822 	 -7.466
12826 	 -7.693
12842 	 -7.895
12862 	 -8.273
12872 	 -8.707
12874 	 -8.661
12880 	 -8.614
12888 	 -8.807
12900 	 -9.054
12908 	 -8.734
12914 	 -8.823
12916 	 -8.94
12920 	 -8.851
12924 	 -9.284
12926 	 -9.036
12932 	 -9.529
12934 	 -9.352
12940 	 -9.229
12942 	 -9.261
12946 	 -9.434
12952 	 -9.35
12954 	 -9.281
12962 	 -9.207
12966 	 -9.544
12968 	 -9.704
12970 	 -9.478
12972 	 -9.885
12990 	 -9.882
12992 	 -9.648
12994 	 -9.541
12996 	 -9.543
13004 	 -9.314
13008 	 -9.057
13018 	 -9.208
13024 	 -9.129
13028 	 -9.088
13030 	 -9.291
13034 	 -9.151
13044 	 -9.582
13046 	 -9.067
13048 	 -9.195
13052 	 -9.034
13056 	 -9.038
13060 	 -8.927
13064 	 -8.889
13068 	 -8.463
13080 	 -8.143
13086 	 -8.026
13090 	 -7.952
13092 	 -7.639
13098 	 -7.691
13100 	 -7.849
13102 	 -7.87
13108 	 -8.192
13114 	 -8.171
13120 	 -8.271
13132 	 -7.104
13134 	 -7.023
13152 	 -7.134
13154 	 -7.206
13156 	 -7.157
13162 	 -7.199
13174 	 -6.887
13182 	 -6.886
13184 	 -6.865
13186 	 -6.892
13206 	 -6.658
13212 	 -6.688
13224 	 -6.412
13230 	 -6.392
13244 	 -6.438
13248 	 -5.371
13254 	 -5.546
13258 	 -5.544
13270 	 -5.648
13272 	 -5.653
13276 	 -5.852
13278 	 -5.696
13290 	 -5.679
13294 	 -5.815
13304 	 -5.942
13306 	 -5.93
13308 	 -5.87
13322 	 -5.892
13340 	 -5.498
13344 	 -5.592
13346 	 -5.624
13348 	 -5.734
13372 	 -5.722
13376 	 -5.871
13388 	 -5.865
13394 	 -5.862
13396 	 -5.839
13400 	 -5.831
13408 	 -5.594
13414 	 -5.555
13432 	 -5.54
13442 	 -5.363
13444 	 -5.148
13454 	 -5.434
13466 	 -5.387
13472 	 -5.222
13474 	 -5.196
13486 	 -5.577
13490 	 -5.557
13494 	 -5.554
13504 	 -5.545
13506 	 -5.475
13512 	 -5.449
13514 	 -5.405
13516 	 -5.379
13522 	 -5.367
13528 	 -5.228
13530 	 -5.168
13536 	 -5.165
13542 	 -4.991
13546 	 -4.741
13554 	 -4.735
13558 	 -4.624
13568 	 -4.623
13570 	 -4.38
13586 	 -4.242
13590 	 -4.204
13592 	 -4.135
13596 	 -4.112
13606 	 -4.104
13612 	 -4.017
13618 	 -4.003
13628 	 -3.986
13642 	 -4.072
13650 	 -3.958
13658 	 -4.033
13676 	 -4.021
13682 	 -3.942
13684 	 -3.944
13686 	 -3.933
13688 	 -3.925
13726 	 -3.924
13730 	 -5.111
13740 	 -5.221
13742 	 -5.326
13744 	 -4.892
13750 	 -5.347
13770 	 -5.372
13782 	 -5.478
13790 	 -5.736
13794 	 -5.85
13806 	 -5.944
13814 	 -5.902
13820 	 -5.9
13836 	 -4.594
13844 	 -4.619
13854 	 -4.738
13856 	 -4.574
13858 	 -3.836
13862 	 -3.665
13864 	 -3.65
13870 	 -3.691
13872 	 -3.584
13874 	 -3.645
13890 	 -3.426
13892 	 -3.287
13900 	 -3.279
13902 	 -3.226
13906 	 -3.176
13908 	 -3.061
13912 	 -3.063
13914 	 -3.126
13920 	 -3.226
13922 	 -3.131
13927 	 -3.296
13928 	 -3.14
13936 	 -3.293
13944 	 -3.367
13954 	 -3.348
13970 	 -3.192
13982 	 -3.017
13984 	 -2.675
13994 	 -2.653
13998 	 -2.638
14002 	 -2.583
14006 	 -2.579
14010 	 -2.573
14012 	 -2.55
14014 	 -2.559
14018 	 -2.546
14024 	 -2.369
14026 	 -2.372
14030 	 -2.409
14032 	 -2.343
14042 	 -2.327
14044 	 -2.259
14048 	 -2.125
14050 	 -2.119
14052 	 -1.952
14058 	 -2.006
14064 	 -1.972
14074 	 -1.833
14084 	 -1.612
14086 	 -1.613
14090 	 -1.513
14094 	 -1.251
14104 	 -1.117
14108 	 -1.112
14110 	 -1.103
14124 	 -1.102
14128 	 -0.959
14136 	 -0.954
14154 	 -0.91
14160 	 -0.849
14172 	 -0.783
14178 	 -0.764
14182 	 -0.745
14194 	 -0.733
14200 	 -0.671
14210 	 -0.643
14212 	 -0.637
14214 	 -0.609
14216 	 -0.6
14224 	 -0.596
14234 	 -0.537
14248 	 -0.518
14254 	 -0.505
14318 	 -0.503
14324 	 -0.488
14326 	 -0.487
14354 	 -0.479
14368 	 -0.47
14370 	 -0.451
14410 	 -0.439
14426 	 -0.288
14428 	 -0.283
14432 	 -0.277
14448 	 -0.27
14518 	 -0.267
14548 	 -0.262
14560 	 -0.258
15000 	 -1.411
15024 	 -1.531
15050 	 -2.059
15078 	 -2.376
15112 	 -2.419
15158 	 -2.383
15162 	 -2.404
15174 	 -2.38
15186 	 -1.989
15216 	 -1.802
15232 	 -1.626
15238 	 -1.692
15250 	 -1.686
15262 	 -1.412
15268 	 -1.326
15282 	 -1.194
15298 	 -1.021
15308 	 -1.059
15334 	 -1.347
15342 	 -1.344
15346 	 -1.318
15354 	 -1.518
15360 	 -1.515
15372 	 -1.161
15400 	 -0.72
15422 	 -0.548
15460 	 -0.27
15486 	 -0.268
15490 	 -0.094
15574 	 -0.036
15660 	 -0.033
15904 	 -0.025
15916 	 -0.019
16000 	 -0.016
16388 	 -0.01
18000 	 -2.128
18020 	 -2.227
18042 	 -2.675
18064 	 -2.726
18088 	 -2.125
18120 	 -1.552
18154 	 -1.968
18180 	 -1.704
18190 	 -1.963
18234 	 -2.362
18252 	 -2.354
18262 	 -2.166
18270 	 -1.843
18278 	 -1.822
18286 	 -1.775
18296 	 -2.335
18316 	 -2.35
18328 	 -2.594
18336 	 -2.477
18342 	 -2.52
18348 	 -2.323
18360 	 -2.064
18368 	 -1.758
18384 	 -1.772
18402 	 -1.338
18420 	 -0.704
18426 	 -0.616
18434 	 -0.498
18448 	 -0.158
18472 	 -0.128
18552 	 -0.012
18864 	 -0.004
19002 	 0
21000 	 -1.44
21001 	 -1.44
