0 	 0
3000 	 -1.376
3024 	 -1.496
3050 	 -1.88
3062 	 -2.472
3078 	 -3.176
3112 	 -3.62
3158 	 -3.808
3164 	 -3.728
3186 	 -2.828
3198 	 -2.688
3216 	 -1.912
3232 	 -1.736
3238 	 -1.364
3262 	 -0.608
3296 	 -0.264
3400 	 -0.024
3636 	 -0.008
3904 	 0
6000 	 -2.478
6020 	 -2.638
6042 	 -3.286
6064 	 -3.582
6088 	 -3.11
6120 	 -2.686
6138 	 -2.872
6154 	 -3.312
6180 	 -3.048
6190 	 -3.516
6198 	 -3.5
6234 	 -3.9
6284 	 -4.203
6296 	 -4.179
6346 	 -4.159
6360 	 -2.871
6374 	 -2.271
6376 	 -1.719
6424 	 -1.319
6444 	 -0.761
6504 	 -0.637
6506 	 -0.613
6552 	 -0.501
6634 	 -0.359
6704 	 -0.331
6710 	 -0.307
6726 	 -0.295
6728 	 -0.267
6782 	 -0.263
6894 	 -0.165
6990 	 -0.145
6994 	 -0.125
7002 	 -0.093
7272 	 -0.089
7278 	 -0.085
7290 	 -0.073
7324 	 -0.025
9000 	 -1.433
9024 	 -1.537
9050 	 -2.497
9078 	 -3.177
9112 	 -3.761
9158 	 -3.713
9162 	 -3.797
9174 	 -3.705
9186 	 -2.857
9216 	 -3.589
9232 	 -3.413
9238 	 -3.801
9262 	 -1.973
9268 	 -1.305
9298 	 -0.417
9304 	 -0.413
9306 	 -0.409
9334 	 -0.277
9400 	 -0.025
9660 	 -0.009
9904 	 -0.001
12000 	 -2.554
12002 	 -2.49
12004 	 -3.273
12006 	 -4.084
12008 	 -5.836
12010 	 -6.474
12012 	 -7.321
12016 	 -7.501
12020 	 -8.063
12028 	 -8.197
12032 	 -7.944
12040 	 -7.997
12042 	 -8.473
12048 	 -8.195
12054 	 -7.706
12064 	 -7.806
12070 	 -8.147
12074 	 -7.668
12086 	 -7.89
12088 	 -7.278
12100 	 -7.159
12102 	 -7.012
12114 	 -7.153
12120 	 -6.625
12130 	 -6.366
12132 	 -6.673
12140 	 -6.938
12154 	 -8.106
12162 	 -8.079
12164 	 -7.969
12178 	 -8.07
12180 	 -8.02
12184 	 -7.872
12186 	 -7.942
12190 	 -8.258
12192 	 -8.201
12198 	 -8.193
12200 	 -8.025
12206 	 -8.015
12210 	 -8.082
12212 	 -9.126
12226 	 -9.117
12228 	 -9.262
12230 	 -9.223
12234 	 -10.571
12236 	 -10.274
12248 	 -10.238
12252 	 -9.483
12254 	 -9.18
12256 	 -9.198
12260 	 -9.18
12264 	 -9.932
12272 	 -9.931
12274 	 -8.679
12276 	 -8.701
12282 	 -8.375
12286 	 -8.222
12290 	 -7.95
12296 	 -8.256
12304 	 -7.744
12312 	 -7.951
12320 	 -7.953
12324 	 -7.098
12328 	 -7.112
12330 	 -7.209
12332 	 -7.241
12334 	 -7.242
12336 	 -7.268
12338 	 -7.016
12340 	 -6.998
12344 	 -6.202
12350 	 -6.064
12352 	 -6.109
12354 	 -5.942
12358 	 -5.923
12360 	 -4.971
12368 	 -5.007
12370 	 -4.936
12372 	 -4.753
12376 	 -4.841
12382 	 -4.83
12386 	 -4.741
12388 	 -4.788
12394 	 -4.466
12404 	 -4.194
12406 	 -4.324
12412 	 -4.361
12420 	 -4.35
12436 	 -4.654
12438 	 -3.944
12444 	 -3.898
12452 	 -4.125
12456 	 -3.941
12460 	 -3.858
12462 	 -3.834
12464 	 -3.777
12466 	 -4.242
12472 	 -4.289
12480 	 -4.475
12494 	 -4.436
12496 	 -4.405
12498 	 -4.224
12500 	 -4.209
12502 	 -4.19
12504 	 -4.195
12506 	 -4.211
12510 	 -4.704
12516 	 -4.759
12520 	 -4.729
12522 	 -4.725
12524 	 -4.756
12530 	 -4.961
12532 	 -4.952
12550 	 -4.845
12552 	 -4.725
12560 	 -4.631
12564 	 -4.778
12576 	 -4.758
12578 	 -4.563
12590 	 -4.522
12602 	 -4.302
12604 	 -4.297
12614 	 -4.251
12626 	 -4.432
12630 	 -4.903
12638 	 -4.899
12640 	 -4.95
12650 	 -5.035
12654 	 -5.025
12662 	 -4.988
12672 	 -5.088
12682 	 -4.994
12700 	 -4.967
12706 	 -5.195
12710 	 -5.191
12714 	 -5.034
12716 	 -5.039
12724 	 -5.055
12726 	 -4.998
12742 	 -4.991
12744 	 -5.054
12750 	 -5.194
12756 	 -5.283
12758 	 -5.281
12768 	 -5.323
12770 	 -5.467
12776 	 -6.005
12786 	 -5.902
12792 	 -5.969
12794 	 -6.592
12804 	 -6.903
12814 	 -6.901
12826 	 -6.904
12840 	 -6.483
12856 	 -6.297
12862 	 -6.311
12864 	 -6.321
12866 	 -6.325
12874 	 -6.279
12876 	 -6.934
12890 	 -6.912
12894 	 -6.534
12900 	 -6.44
12908 	 -6.032
12918 	 -6.003
12920 	 -5.913
12924 	 -5.894
12926 	 -5.599
12928 	 -5.63
12942 	 -5.662
12944 	 -5.782
12950 	 -5.397
12952 	 -5.313
12954 	 -5.244
12968 	 -5.194
12970 	 -5.189
12972 	 -5.142
12974 	 -5.193
12978 	 -5.001
12982 	 -5.141
12990 	 -5.132
12996 	 -5.087
12998 	 -4.919
13000 	 -4.905
13004 	 -4.831
13008 	 -4.817
13014 	 -4.952
13016 	 -4.856
13022 	 -4.843
13024 	 -5.308
13028 	 -5.267
13034 	 -5.415
13036 	 -5.255
13044 	 -5.624
13046 	 -5.901
13062 	 -5.808
13068 	 -5.689
13076 	 -5.929
13080 	 -5.609
13082 	 -5.476
13090 	 -5.516
13092 	 -5.688
13098 	 -5.431
13100 	 -5.425
13102 	 -5.42
13108 	 -5.346
13110 	 -5.314
13114 	 -5.254
13116 	 -5.304
13124 	 -5.273
13128 	 -5.304
13136 	 -5.285
13138 	 -5.097
13154 	 -5.08
13166 	 -4.84
13178 	 -4.493
13182 	 -4.422
13184 	 -4.379
13190 	 -4.27
13204 	 -4.393
13206 	 -4.287
13208 	 -4.336
13216 	 -4.317
13224 	 -4.282
13248 	 -3.607
13258 	 -3.684
13282 	 -3.616
13284 	 -3.732
13286 	 -3.821
13290 	 -3.804
13326 	 -3.873
13334 	 -3.886
13340 	 -3.492
13342 	 -3.48
13346 	 -3.641
13356 	 -3.685
13366 	 -3.635
13372 	 -3.598
13374 	 -3.442
13376 	 -3.441
13382 	 -3.489
13388 	 -3.483
13394 	 -3.48
13396 	 -3.296
13400 	 -3.297
13408 	 -3.284
13414 	 -3.251
13416 	 -3.234
13418 	 -3.087
13432 	 -2.988
13440 	 -2.972
13442 	 -2.812
13446 	 -2.675
13454 	 -2.66
13462 	 -2.655
13470 	 -2.565
13486 	 -2.405
13510 	 -2.394
13512 	 -2.362
13514 	 -2.353
13542 	 -2.349
13546 	 -2.554
13554 	 -2.545
13576 	 -2.529
13586 	 -2.886
13592 	 -2.809
13596 	 -2.806
13604 	 -2.79
13636 	 -2.629
13654 	 -2.627
13658 	 -2.462
13678 	 -2.437
13698 	 -2.383
13726 	 -2.382
13732 	 -2.379
13744 	 -2.464
13764 	 -2.415
13814 	 -2.373
13816 	 -2.196
13848 	 -2.195
13868 	 -2.415
13892 	 -2.912
13900 	 -2.904
13902 	 -2.851
13906 	 -3.087
13912 	 -3.081
13926 	 -3.003
13932 	 -3.038
13946 	 -3.004
13956 	 -2.974
13966 	 -2.794
13982 	 -2.662
13984 	 -2.538
13992 	 -2.547
14000 	 -2.155
14006 	 -2.206
14012 	 -2.191
14026 	 -2.18
14028 	 -2.226
14032 	 -2.059
14034 	 -2.127
14048 	 -2.174
14062 	 -2.173
14070 	 -2.19
14074 	 -2.227
14096 	 -2.286
14098 	 -2.25
14104 	 -2.249
14108 	 -2.26
14116 	 -2.375
14118 	 -2.358
14124 	 -2.355
14136 	 -2.35
14144 	 -2.525
14170 	 -2.501
14174 	 -2.487
14176 	 -2.603
14190 	 -2.792
14198 	 -2.527
14200 	 -2.471
14204 	 -2.374
14210 	 -2.367
14218 	 -2.27
14224 	 -2.222
14226 	 -2.17
14228 	 -2.003
14240 	 -1.952
14242 	 -1.971
14244 	 -1.98
14248 	 -1.816
14250 	 -1.743
14264 	 -1.592
14268 	 -1.472
14274 	 -1.448
14276 	 -1.426
14280 	 -1.41
14282 	 -1.34
14286 	 -1.221
14304 	 -1.182
14306 	 -1.124
14308 	 -1.238
14314 	 -1.167
14318 	 -1.165
14324 	 -1.145
14326 	 -1.144
14328 	 -1.128
14336 	 -1.127
14338 	 -1.11
14346 	 -1.087
14372 	 -1.075
14380 	 -1.032
14396 	 -1.024
14426 	 -0.873
14444 	 -0.864
14454 	 -0.799
14458 	 -0.798
14494 	 -0.771
14498 	 -0.743
14544 	 -0.684
14578 	 -0.682
14590 	 -0.676
14606 	 -0.626
14608 	 -0.625
14654 	 -0.621
14668 	 -0.49
14680 	 -0.489
14702 	 -0.484
14746 	 -0.353
14814 	 -0.286
14868 	 -0.279
15000 	 -1.431
15024 	 -1.593
15050 	 -2.33
15078 	 -2.921
15112 	 -3.366
15158 	 -3.375
15162 	 -3.435
15174 	 -3.365
15186 	 -2.795
15216 	 -3.286
15232 	 -3.11
15238 	 -3.339
15250 	 -3.333
15262 	 -2.292
15266 	 -2.263
15268 	 -2.089
15276 	 -1.935
15282 	 -1.671
15298 	 -1.325
15300 	 -1.157
15310 	 -1.199
15336 	 -1.497
15342 	 -1.494
15346 	 -1.442
15350 	 -1.42
15356 	 -1.59
15374 	 -1.21
15400 	 -0.739
15422 	 -0.579
15456 	 -0.317
15480 	 -0.311
15486 	 -0.119
15558 	 -0.049
15660 	 -0.043
15668 	 -0.04
15864 	 -0.032
15904 	 -0.024
15996 	 -0.021
16000 	 -0.018
16388 	 -0.012
18000 	 -2.128
18020 	 -2.245
18042 	 -2.757
18064 	 -2.894
18088 	 -2.339
18120 	 -1.764
18154 	 -2.864
18180 	 -2.6
18190 	 -3.253
18234 	 -4.518
18252 	 -4.494
18262 	 -4.308
18270 	 -3.339
18278 	 -3.276
18286 	 -3.135
18296 	 -3.669
18316 	 -3.714
18328 	 -3.958
18336 	 -3.607
18342 	 -3.616
18348 	 -3.025
18360 	 -2.268
18368 	 -1.962
18384 	 -1.976
18402 	 -1.39
18420 	 -0.756
18426 	 -0.668
18434 	 -0.55
18448 	 -0.21
18472 	 -0.18
18552 	 -0.02
18864 	 -0.012
19002 	 0
21000 	 -1.44
21001 	 -1.44
