0 	 0
3000 	 -1.376
3024 	 -1.496
3050 	 -1.88
3062 	 -2.472
3078 	 -3.176
3112 	 -3.62
3158 	 -3.808
3164 	 -3.728
3186 	 -2.828
3198 	 -2.688
3216 	 -1.912
3232 	 -1.736
3238 	 -1.364
3262 	 -0.608
3296 	 -0.264
3400 	 -0.024
3636 	 -0.008
3904 	 0
6000 	 -2.478
6020 	 -2.638
6042 	 -3.286
6064 	 -3.582
6088 	 -3.11
6120 	 -2.686
6138 	 -2.872
6154 	 -3.312
6180 	 -3.048
6190 	 -3.516
6198 	 -3.5
6234 	 -3.9
6284 	 -4.203
6296 	 -4.179
6346 	 -4.159
6360 	 -2.871
6374 	 -2.271
6376 	 -1.719
6424 	 -1.319
6444 	 -0.761
6504 	 -0.637
6506 	 -0.613
6552 	 -0.501
6634 	 -0.359
6704 	 -0.331
6710 	 -0.307
6726 	 -0.295
6728 	 -0.267
6782 	 -0.263
6894 	 -0.165
6990 	 -0.145
6994 	 -0.125
7002 	 -0.093
7272 	 -0.089
7278 	 -0.085
7290 	 -0.073
7324 	 -0.025
9000 	 -1.433
9024 	 -1.537
9050 	 -2.497
9078 	 -3.177
9112 	 -3.761
9158 	 -3.713
9162 	 -3.797
9174 	 -3.705
9186 	 -2.857
9216 	 -3.589
9232 	 -3.413
9238 	 -3.801
9262 	 -1.973
9268 	 -1.305
9298 	 -0.417
9304 	 -0.413
9306 	 -0.409
9334 	 -0.277
9400 	 -0.025
9660 	 -0.009
9904 	 -0.001
12000 	 -2.554
12002 	 -2.49
12004 	 -3.153
12006 	 -3.964
12008 	 -4.477
12010 	 -5.115
12012 	 -5.321
12016 	 -5.501
12020 	 -5.73
12028 	 -5.864
12032 	 -5.611
12040 	 -5.47
12042 	 -5.946
12048 	 -5.668
12054 	 -5.179
12064 	 -5.279
12070 	 -5.261
12074 	 -4.782
12088 	 -4.17
12100 	 -4.147
12102 	 -3.944
12120 	 -3.416
12130 	 -3.37
12140 	 -3.635
12154 	 -4.671
12162 	 -4.644
12164 	 -4.534
12178 	 -4.676
12180 	 -4.643
12186 	 -4.695
12190 	 -5.011
12198 	 -5.003
12200 	 -5.047
12206 	 -5.037
12212 	 -6.081
12228 	 -6.226
12230 	 -6.336
12234 	 -7.684
12252 	 -6.968
12254 	 -6.867
12256 	 -7.016
12264 	 -7.389
12274 	 -6.137
12282 	 -5.98
12286 	 -6.118
12290 	 -5.846
12296 	 -6.152
12304 	 -5.922
12312 	 -5.953
12324 	 -5.461
12332 	 -5.508
12334 	 -5.494
12338 	 -5.242
12344 	 -4.446
12350 	 -4.431
12354 	 -4.316
12360 	 -3.364
12368 	 -3.333
12372 	 -3.318
12382 	 -3.213
12386 	 -3.416
12394 	 -3.266
12404 	 -2.994
12410 	 -2.981
12420 	 -2.97
12436 	 -3.367
12438 	 -3.225
12452 	 -3.452
12454 	 -3.55
12458 	 -3.474
12460 	 -3.391
12464 	 -3.456
12466 	 -3.921
12468 	 -3.857
12480 	 -4.043
12494 	 -4.004
12496 	 -3.986
12502 	 -3.886
12520 	 -3.856
12542 	 -3.809
12548 	 -3.602
12552 	 -3.482
12562 	 -3.466
12564 	 -3.628
12568 	 -3.607
12576 	 -3.587
12578 	 -3.573
12582 	 -3.738
12586 	 -3.729
12590 	 -3.704
12610 	 -3.586
12616 	 -3.716
12618 	 -3.639
12626 	 -3.82
12630 	 -4.228
12638 	 -4.224
12648 	 -4.243
12658 	 -4.141
12672 	 -4.129
12680 	 -4.263
12706 	 -4.491
12710 	 -4.487
12742 	 -4.692
12750 	 -4.685
12752 	 -4.693
12758 	 -4.691
12768 	 -4.733
12770 	 -4.966
12778 	 -4.88
12788 	 -5.101
12806 	 -5.098
12808 	 -4.998
12842 	 -5.064
12848 	 -5.306
12854 	 -5.628
12872 	 -5.831
12884 	 -5.779
12894 	 -5.659
12896 	 -5.642
12908 	 -5.607
12920 	 -5.517
12924 	 -5.574
12942 	 -5.606
12950 	 -5.471
12954 	 -5.402
12972 	 -5.732
12986 	 -5.789
12990 	 -5.735
12996 	 -5.719
13004 	 -5.645
13008 	 -5.631
13010 	 -5.629
13014 	 -5.724
13020 	 -5.529
13028 	 -5.418
13040 	 -5.543
13042 	 -5.588
13044 	 -6.022
13056 	 -6.103
13062 	 -6.089
13066 	 -5.905
13068 	 -5.786
13076 	 -5.785
13080 	 -5.471
13090 	 -5.365
13100 	 -5.285
13102 	 -5.28
13104 	 -5.351
13112 	 -5.253
13114 	 -5.232
13116 	 -5.305
13118 	 -5.919
13132 	 -5.903
13142 	 -5.878
13152 	 -5.841
13178 	 -5.861
13186 	 -6.482
13190 	 -6.479
13194 	 -6.53
13202 	 -6.626
13206 	 -6.284
13216 	 -6.053
13224 	 -6.039
13226 	 -6.093
13248 	 -5.146
13256 	 -5.13
13258 	 -5.2
13262 	 -5.219
13264 	 -5.299
13270 	 -5.305
13272 	 -5.36
13280 	 -5.198
13290 	 -5.277
13294 	 -5.336
13300 	 -5.223
13308 	 -5.256
13316 	 -5.411
13322 	 -5.463
13340 	 -5.065
13346 	 -5.097
13350 	 -5.045
13368 	 -4.702
13372 	 -4.69
13374 	 -4.885
13386 	 -4.851
13388 	 -4.845
13392 	 -4.878
13394 	 -4.875
13414 	 -5.095
13418 	 -5.061
13420 	 -5.122
13422 	 -5.078
13432 	 -5.061
13442 	 -4.884
13446 	 -4.836
13450 	 -4.76
13458 	 -4.703
13464 	 -4.648
13466 	 -4.636
13476 	 -4.5
13482 	 -4.474
13484 	 -4.672
13490 	 -4.662
13496 	 -4.625
13498 	 -4.589
13500 	 -4.586
13506 	 -4.506
13514 	 -4.497
13532 	 -4.173
13542 	 -4.09
13546 	 -3.84
13550 	 -3.743
13556 	 -3.69
13562 	 -3.662
13566 	 -3.643
13578 	 -3.776
13582 	 -4
13586 	 -3.912
13592 	 -3.843
13594 	 -3.743
13610 	 -3.537
13618 	 -3.523
13622 	 -3.514
13626 	 -3.382
13630 	 -3.37
13658 	 -3.185
13670 	 -3.116
13683 	 -3.462
13722 	 -3.461
13724 	 -3.46
13726 	 -3.457
13728 	 -3.84
13740 	 -3.899
13744 	 -3.621
13746 	 -3.727
13752 	 -3.726
13762 	 -4.026
13776 	 -3.965
13786 	 -4.492
13790 	 -4.373
13796 	 -4.695
13808 	 -4.613
13812 	 -4.52
13814 	 -4.223
13820 	 -4.217
13832 	 -4.219
13834 	 -3.85
13838 	 -3.514
13844 	 -3.501
13848 	 -3.5
13850 	 -3.404
13858 	 -3.213
13860 	 -3.031
13866 	 -2.93
13880 	 -2.837
13882 	 -2.74
13886 	 -2.741
13892 	 -2.421
13900 	 -2.413
13902 	 -2.36
13910 	 -2.444
13912 	 -2.438
13914 	 -2.475
13918 	 -2.616
13922 	 -2.613
13924 	 -2.527
13936 	 -2.357
13940 	 -2.505
13964 	 -2.408
13984 	 -1.899
14004 	 -1.907
14010 	 -1.85
14012 	 -1.835
14022 	 -1.788
14030 	 -2
14032 	 -1.922
14038 	 -2.125
14042 	 -2.444
14044 	 -2.438
14048 	 -2.437
14050 	 -2.372
14052 	 -2.346
14054 	 -2.171
14062 	 -2.372
14094 	 -2.068
14096 	 -2.092
14102 	 -2.066
14106 	 -1.999
14108 	 -1.994
14120 	 -2.012
14134 	 -1.787
14144 	 -1.548
14146 	 -1.541
14164 	 -1.531
14174 	 -1.458
14176 	 -1.029
14190 	 -0.969
14198 	 -1.13
14200 	 -1.057
14210 	 -1.054
14212 	 -1.039
14232 	 -1.102
14242 	 -1.036
14244 	 -1.168
14260 	 -1.16
14264 	 -1.15
14274 	 -1.145
14290 	 -1.149
14314 	 -1.138
14316 	 -1.171
14318 	 -1.169
14320 	 -1.166
14326 	 -1.165
14332 	 -1.185
14336 	 -1.22
14342 	 -1.271
14356 	 -1.317
14362 	 -1.334
14380 	 -1.254
14382 	 -1.077
14392 	 -1.062
14400 	 -0.912
14408 	 -0.793
14422 	 -0.755
14426 	 -0.604
14434 	 -0.545
14436 	 -0.514
14444 	 -0.504
14464 	 -0.496
14482 	 -0.478
14484 	 -0.424
14490 	 -0.363
14530 	 -0.359
14546 	 -0.336
14548 	 -0.33
14574 	 -0.32
14582 	 -0.301
14634 	 -0.3
14664 	 -0.293
14672 	 -0.286
14702 	 -0.279
14736 	 -0.278
15000 	 -1.438
15024 	 -1.567
15050 	 -2.218
15078 	 -2.668
15102 	 -2.656
15112 	 -2.908
15158 	 -3.067
15162 	 -3.088
15164 	 -3.077
15174 	 -3.053
15186 	 -2.685
15216 	 -2.877
15232 	 -2.701
15238 	 -2.845
15250 	 -2.839
15262 	 -2.731
15268 	 -2.47
15282 	 -2.338
15298 	 -1.929
15308 	 -1.964
15310 	 -2.004
15334 	 -2.299
15336 	 -2.597
15338 	 -2.565
15342 	 -2.562
15346 	 -2.536
15354 	 -2.718
15356 	 -2.888
15360 	 -2.885
15374 	 -2.075
15400 	 -1.407
15408 	 -1.402
15422 	 -1.065
15456 	 -0.803
15460 	 -0.512
15486 	 -0.32
15492 	 -0.178
15558 	 -0.108
15574 	 -0.05
15656 	 -0.046
15660 	 -0.043
15864 	 -0.035
15904 	 -0.027
15916 	 -0.021
16000 	 -0.018
16326 	 -0.017
16388 	 -0.011
18000 	 -2.128
18020 	 -2.254
18042 	 -2.798
18064 	 -2.972
18088 	 -2.474
18120 	 -1.992
18154 	 -2.912
18180 	 -2.648
18190 	 -3.374
18234 	 -4.404
18252 	 -4.388
18262 	 -4.014
18270 	 -3.368
18278 	 -3.326
18286 	 -3.232
18296 	 -4.494
18316 	 -4.524
18328 	 -5.012
18336 	 -4.778
18342 	 -4.864
18348 	 -4.47
18360 	 -4.096
18368 	 -3.484
18384 	 -3.512
18402 	 -2.644
18420 	 -1.376
18426 	 -1.2
18434 	 -0.964
18448 	 -0.284
18472 	 -0.224
18552 	 -0.024
18864 	 -0.008
19002 	 0
21000 	 -1.44
21001 	 -1.44
