0 	 0
3000 	 -1.376
3024 	 -1.496
3050 	 -1.88
3062 	 -2.472
3078 	 -3.176
3112 	 -3.62
3158 	 -3.808
3164 	 -3.728
3186 	 -2.828
3198 	 -2.688
3216 	 -1.912
3232 	 -1.736
3238 	 -1.364
3262 	 -0.608
3296 	 -0.264
3400 	 -0.024
3636 	 -0.008
3904 	 0
6000 	 -2.478
6020 	 -2.638
6042 	 -3.286
6064 	 -3.582
6088 	 -3.11
6120 	 -2.686
6138 	 -2.872
6154 	 -3.312
6180 	 -3.048
6190 	 -3.516
6198 	 -3.5
6234 	 -3.9
6284 	 -4.203
6296 	 -4.179
6346 	 -4.159
6360 	 -2.871
6374 	 -2.271
6376 	 -1.719
6424 	 -1.319
6444 	 -0.761
6504 	 -0.637
6506 	 -0.613
6552 	 -0.501
6634 	 -0.359
6704 	 -0.331
6710 	 -0.307
6726 	 -0.295
6728 	 -0.267
6782 	 -0.263
6894 	 -0.165
6990 	 -0.145
6994 	 -0.125
7002 	 -0.093
7272 	 -0.089
7278 	 -0.085
7290 	 -0.073
7324 	 -0.025
9000 	 -1.433
9024 	 -1.537
9050 	 -2.497
9078 	 -3.177
9112 	 -3.761
9158 	 -3.713
9162 	 -3.797
9174 	 -3.705
9186 	 -2.857
9216 	 -3.589
9232 	 -3.413
9238 	 -3.801
9262 	 -1.973
9268 	 -1.305
9298 	 -0.417
9304 	 -0.413
9306 	 -0.409
9334 	 -0.277
9400 	 -0.025
9660 	 -0.009
9904 	 -0.001
12000 	 -2.554
12002 	 -2.49
12004 	 -3.273
12006 	 -4.084
12008 	 -5.836
12010 	 -6.474
12012 	 -7.321
12016 	 -7.501
12020 	 -8.063
12028 	 -8.197
12032 	 -7.944
12040 	 -7.997
12042 	 -8.473
12048 	 -8.195
12054 	 -7.706
12064 	 -7.806
12070 	 -8.148
12074 	 -7.669
12086 	 -7.891
12088 	 -7.279
12100 	 -7.166
12102 	 -7.019
12114 	 -7.16
12120 	 -6.632
12130 	 -6.213
12132 	 -6.52
12140 	 -6.785
12154 	 -7.953
12160 	 -8.311
12162 	 -8.284
12164 	 -8.174
12178 	 -8.387
12180 	 -8.337
12184 	 -8.189
12186 	 -8.2
12190 	 -8.516
12192 	 -8.459
12198 	 -8.429
12200 	 -8.315
12204 	 -8.282
12210 	 -8.351
12212 	 -9.395
12226 	 -9.911
12228 	 -10.056
12230 	 -9.985
12234 	 -11.333
12236 	 -11.021
12242 	 -10.929
12246 	 -11.204
12248 	 -11.173
12252 	 -10.418
12254 	 -10.155
12256 	 -10.024
12260 	 -10.006
12264 	 -9.941
12272 	 -9.992
12274 	 -8.74
12276 	 -8.585
12282 	 -8.259
12290 	 -7.987
12296 	 -8.293
12304 	 -8.116
12310 	 -8.185
12314 	 -8.184
12320 	 -8.186
12324 	 -7.582
12328 	 -7.444
12330 	 -7.503
12332 	 -7.535
12334 	 -7.494
12336 	 -7.525
12338 	 -7.273
12344 	 -6.427
12346 	 -6.447
12350 	 -6.501
12352 	 -6.546
12354 	 -6.534
12356 	 -6.482
12358 	 -6.505
12360 	 -5.553
12364 	 -5.44
12376 	 -5.339
12380 	 -5.328
12382 	 -5.32
12386 	 -5.228
12392 	 -5.455
12398 	 -5.613
12404 	 -5.036
12406 	 -5.1
12412 	 -5.137
12414 	 -4.976
12420 	 -4.965
12436 	 -5.299
12438 	 -4.421
12444 	 -4.35
12450 	 -4.375
12452 	 -4.431
12460 	 -4.428
12462 	 -4.358
12464 	 -4.293
12466 	 -4.758
12468 	 -4.833
12470 	 -4.763
12476 	 -4.735
12480 	 -4.921
12486 	 -4.982
12488 	 -4.972
12494 	 -4.94
12496 	 -4.918
12500 	 -4.932
12502 	 -4.917
12506 	 -4.886
12516 	 -5.155
12518 	 -5.312
12520 	 -5.277
12524 	 -5.607
12532 	 -5.598
12550 	 -5.557
12552 	 -5.437
12564 	 -5.605
12566 	 -5.573
12570 	 -5.423
12576 	 -5.419
12584 	 -5.199
12590 	 -5.158
12600 	 -5.692
12604 	 -5.687
12614 	 -5.633
12624 	 -5.62
12626 	 -5.801
12628 	 -5.74
12630 	 -6.432
12636 	 -6.423
12638 	 -6.419
12640 	 -6.398
12648 	 -6.353
12656 	 -6.405
12660 	 -6.267
12664 	 -6.296
12672 	 -6.283
12676 	 -5.935
12678 	 -6.046
12682 	 -6.042
12688 	 -5.955
12694 	 -6.009
12698 	 -5.858
12700 	 -5.831
12702 	 -5.833
12706 	 -6.061
12710 	 -6.057
12712 	 -6.082
12714 	 -5.908
12718 	 -6.001
12724 	 -5.914
12730 	 -5.931
12734 	 -5.961
12738 	 -5.993
12740 	 -5.986
12742 	 -5.979
12758 	 -6.075
12768 	 -6.132
12770 	 -6.365
12776 	 -6.355
12778 	 -6.42
12782 	 -6.944
12786 	 -6.841
12792 	 -7.318
12800 	 -7.385
12804 	 -7.679
12814 	 -7.677
12826 	 -7.604
12840 	 -7.268
12860 	 -7.024
12862 	 -7.017
12864 	 -7.017
12870 	 -7.036
12874 	 -6.99
12876 	 -7.566
12878 	 -7.31
12884 	 -7.399
12892 	 -7.551
12900 	 -7.457
12908 	 -6.738
12920 	 -6.648
12924 	 -6.613
12928 	 -6.355
12930 	 -6.283
12934 	 -6.17
12942 	 -6.078
12944 	 -5.983
12952 	 -5.894
12954 	 -5.993
12958 	 -5.978
12962 	 -5.875
12970 	 -5.874
12972 	 -5.827
12974 	 -5.908
12980 	 -5.841
12982 	 -5.859
12990 	 -5.85
12996 	 -5.857
13000 	 -5.856
13002 	 -5.668
13004 	 -5.594
13008 	 -5.58
13014 	 -5.356
13024 	 -5.226
13026 	 -4.912
13028 	 -5.282
13030 	 -5.406
13032 	 -5.509
13044 	 -5.939
13048 	 -6.407
13052 	 -6.306
13058 	 -6.391
13062 	 -6.503
13066 	 -6.489
13068 	 -6.37
13078 	 -6.336
13080 	 -6.064
13082 	 -6.025
13084 	 -5.985
13086 	 -5.805
13102 	 -5.8
13104 	 -5.644
13106 	 -5.689
13114 	 -5.668
13118 	 -5.641
13122 	 -5.7
13128 	 -5.734
13130 	 -5.705
13134 	 -5.526
13136 	 -5.495
13140 	 -5.528
13158 	 -5.477
13162 	 -5.47
13166 	 -5.294
13168 	 -4.936
13176 	 -4.792
13180 	 -4.805
13182 	 -4.804
13190 	 -4.8
13194 	 -4.797
13196 	 -4.864
13200 	 -4.756
13206 	 -4.555
13224 	 -4.557
13248 	 -3.76
13254 	 -3.757
13258 	 -3.755
13262 	 -3.881
13286 	 -4.083
13290 	 -4.066
13300 	 -4.04
13308 	 -4.028
13314 	 -3.958
13332 	 -4.018
13336 	 -4.05
13340 	 -3.656
13346 	 -3.685
13352 	 -3.883
13356 	 -3.943
13360 	 -4.006
13372 	 -3.994
13374 	 -3.992
13388 	 -3.986
13394 	 -3.761
13398 	 -3.571
13400 	 -3.445
13408 	 -3.425
13410 	 -3.401
13414 	 -3.135
13420 	 -2.999
13422 	 -2.954
13424 	 -2.87
13426 	 -2.858
13432 	 -2.82
13436 	 -2.787
13438 	 -2.8
13440 	 -2.762
13442 	 -2.577
13446 	 -2.504
13454 	 -2.503
13456 	 -2.442
13464 	 -2.365
13472 	 -2.341
13478 	 -2.314
13486 	 -2.27
13490 	 -2.208
13500 	 -2.153
13502 	 -2.102
13508 	 -1.996
13512 	 -1.979
13514 	 -1.97
13530 	 -1.964
13538 	 -1.948
13542 	 -1.944
13546 	 -1.695
13552 	 -1.631
13560 	 -1.6
13570 	 -1.58
13590 	 -1.573
13592 	 -1.504
13618 	 -1.49
13628 	 -1.483
13630 	 -1.462
13632 	 -1.461
13654 	 -1.389
13658 	 -1.31
13718 	 -1.307
13722 	 -1.306
13726 	 -1.298
13728 	 -1.291
13744 	 -0.851
13774 	 -0.83
13780 	 -0.801
13794 	 -0.8
13814 	 -0.758
13820 	 -0.753
13830 	 -0.742
13844 	 -0.729
13850 	 -0.723
13858 	 -0.721
13900 	 -0.713
13902 	 -0.66
13912 	 -0.654
13950 	 -0.652
13984 	 -0.556
14012 	 -0.541
14032 	 -0.463
14080 	 -0.462
14092 	 -0.452
14108 	 -0.447
14200 	 -0.391
14208 	 -0.389
14238 	 -0.388
14318 	 -0.386
14326 	 -0.385
14426 	 -0.234
15000 	 -1.415
15024 	 -1.553
15050 	 -2.191
15078 	 -2.647
15112 	 -2.888
15158 	 -3.053
15162 	 -3.094
15174 	 -3.047
15186 	 -2.721
15216 	 -2.842
15232 	 -2.666
15238 	 -2.83
15250 	 -2.824
15262 	 -2.691
15268 	 -2.518
15282 	 -2.254
15298 	 -1.908
15310 	 -1.99
15336 	 -2.588
15342 	 -2.585
15346 	 -2.533
15356 	 -2.873
15360 	 -2.87
15374 	 -2.105
15400 	 -1.416
15422 	 -1.097
15456 	 -0.571
15486 	 -0.19
15558 	 -0.053
15660 	 -0.047
15708 	 -0.041
15864 	 -0.028
15904 	 -0.02
16000 	 -0.017
16388 	 -0.011
18000 	 -2.128
18020 	 -2.254
18042 	 -2.798
18064 	 -2.972
18088 	 -2.474
18120 	 -1.992
18154 	 -2.912
18180 	 -2.648
18190 	 -3.374
18234 	 -4.404
18252 	 -4.388
18262 	 -4.016
18270 	 -3.37
18278 	 -3.328
18286 	 -3.234
18296 	 -4.494
18316 	 -4.524
18328 	 -5.012
18336 	 -4.778
18342 	 -4.864
18348 	 -4.47
18360 	 -4.096
18368 	 -3.484
18384 	 -3.512
18402 	 -2.644
18420 	 -1.376
18426 	 -1.2
18434 	 -0.964
18448 	 -0.284
18472 	 -0.224
18552 	 -0.024
18864 	 -0.008
19002 	 0
21000 	 -1.44
21001 	 -1.44
