0 	 0
3000 	 -1.376
3024 	 -1.496
3050 	 -1.88
3062 	 -2.472
3078 	 -3.176
3112 	 -3.62
3158 	 -3.808
3164 	 -3.728
3186 	 -2.828
3198 	 -2.688
3216 	 -1.912
3232 	 -1.736
3238 	 -1.364
3262 	 -0.608
3296 	 -0.264
3400 	 -0.024
3636 	 -0.008
3904 	 0
6000 	 -2.478
6020 	 -2.638
6042 	 -3.286
6064 	 -3.582
6088 	 -3.11
6120 	 -2.686
6138 	 -2.872
6154 	 -3.312
6180 	 -3.048
6190 	 -3.516
6198 	 -3.5
6234 	 -3.9
6284 	 -4.203
6296 	 -4.179
6346 	 -4.159
6360 	 -2.871
6374 	 -2.271
6376 	 -1.719
6424 	 -1.319
6444 	 -0.761
6504 	 -0.637
6506 	 -0.613
6552 	 -0.501
6634 	 -0.359
6704 	 -0.331
6710 	 -0.307
6726 	 -0.295
6728 	 -0.267
6782 	 -0.263
6894 	 -0.165
6990 	 -0.145
6994 	 -0.125
7002 	 -0.093
7272 	 -0.089
7278 	 -0.085
7290 	 -0.073
7324 	 -0.025
9000 	 -1.433
9024 	 -1.537
9050 	 -2.497
9078 	 -3.177
9112 	 -3.761
9158 	 -3.713
9162 	 -3.797
9174 	 -3.705
9186 	 -2.857
9216 	 -3.589
9232 	 -3.413
9238 	 -3.801
9262 	 -1.973
9268 	 -1.305
9298 	 -0.417
9304 	 -0.413
9306 	 -0.409
9334 	 -0.277
9400 	 -0.025
9660 	 -0.009
9904 	 -0.001
12000 	 -2.554
12002 	 -2.49
12004 	 -3.313
12006 	 -4.124
12008 	 -6.287
12010 	 -6.925
12012 	 -7.987
12016 	 -8.167
12020 	 -8.842
12028 	 -8.976
12032 	 -8.723
12040 	 -8.864
12042 	 -9.34
12048 	 -9.062
12054 	 -8.573
12064 	 -8.673
12070 	 -9.19
12074 	 -8.711
12086 	 -8.933
12088 	 -8.321
12100 	 -8.129
12102 	 -7.982
12114 	 -8.264
12120 	 -7.736
12130 	 -7.287
12132 	 -7.594
12140 	 -7.859
12154 	 -9.027
12162 	 -9
12164 	 -8.89
12178 	 -8.957
12180 	 -8.907
12184 	 -8.611
12186 	 -8.628
12190 	 -8.944
12192 	 -8.83
12198 	 -8.822
12200 	 -8.398
12210 	 -8.516
12212 	 -9.56
12226 	 -9.977
12228 	 -10.122
12230 	 -9.824
12234 	 -11.172
12236 	 -10.904
12242 	 -10.922
12248 	 -10.886
12252 	 -10.092
12254 	 -9.688
12260 	 -9.67
12264 	 -9.574
12266 	 -9.321
12272 	 -9.32
12274 	 -8.068
12276 	 -8.106
12282 	 -7.478
12290 	 -7.206
12296 	 -7.512
12304 	 -6.953
12320 	 -6.957
12324 	 -6.353
12328 	 -6.337
12330 	 -6.259
12332 	 -6.291
12334 	 -6.292
12338 	 -6.04
12344 	 -5.244
12350 	 -5.225
12352 	 -5.27
12354 	 -5.258
12356 	 -5.206
12358 	 -5.14
12360 	 -4.188
12370 	 -4.326
12382 	 -4.318
12384 	 -4.34
12386 	 -4.268
12400 	 -4.334
12404 	 -4.062
12406 	 -4.126
12412 	 -4.163
12420 	 -4.152
12436 	 -4.431
12438 	 -3.878
12444 	 -3.823
12452 	 -4.108
12460 	 -4.025
12462 	 -4.021
12464 	 -3.972
12466 	 -4.437
12476 	 -4.408
12480 	 -4.412
12494 	 -4.373
12496 	 -4.681
12500 	 -4.703
12502 	 -4.684
12510 	 -4.57
12516 	 -4.807
12520 	 -4.777
12524 	 -4.908
12532 	 -4.89
12542 	 -4.921
12550 	 -4.801
12552 	 -4.681
12560 	 -4.449
12564 	 -4.617
12578 	 -4.531
12586 	 -4.52
12590 	 -4.479
12604 	 -4.239
12614 	 -4.186
12620 	 -4.375
12626 	 -4.556
12630 	 -5.027
12638 	 -5.023
12640 	 -5.104
12650 	 -5.24
12656 	 -5.232
12660 	 -5.227
12670 	 -5.187
12678 	 -5.181
12684 	 -4.951
12700 	 -4.924
12704 	 -4.9
12706 	 -5.128
12710 	 -5.124
12714 	 -4.979
12726 	 -5.136
12742 	 -5.129
12744 	 -5.065
12754 	 -5.177
12758 	 -5.175
12768 	 -5.284
12770 	 -5.965
12778 	 -6.218
12782 	 -6.767
12784 	 -6.739
12786 	 -6.636
12796 	 -7.342
12804 	 -7.418
12814 	 -7.414
12826 	 -7.614
12840 	 -7.81
12844 	 -7.763
12848 	 -7.687
12852 	 -7.669
12856 	 -7.739
12868 	 -7.753
12870 	 -7.756
12872 	 -7.569
12874 	 -7.523
12876 	 -7.235
12878 	 -7.204
12882 	 -7.201
12884 	 -7.534
12900 	 -7.567
12908 	 -6.624
12912 	 -6.591
12914 	 -6.676
12920 	 -6.586
12924 	 -6.551
12928 	 -6.165
12930 	 -6.229
12932 	 -6.191
12936 	 -6.283
12938 	 -6.116
12940 	 -6.036
12942 	 -6.068
12952 	 -5.984
12954 	 -5.915
12960 	 -5.999
12964 	 -5.912
12966 	 -5.778
12970 	 -5.701
12972 	 -5.654
12980 	 -5.611
12982 	 -5.663
12986 	 -5.699
12990 	 -5.745
12996 	 -5.751
13000 	 -5.745
13004 	 -5.671
13006 	 -5.594
13008 	 -6.052
13012 	 -6.058
13016 	 -6.1
13020 	 -6.084
13022 	 -5.796
13024 	 -6.382
13028 	 -6.275
13040 	 -6.249
13044 	 -6.618
13048 	 -6.653
13050 	 -6.593
13052 	 -6.58
13054 	 -7.127
13062 	 -7.074
13064 	 -7.015
13068 	 -6.896
13070 	 -6.868
13076 	 -6.93
13078 	 -6.782
13080 	 -6.462
13084 	 -6.46
13086 	 -6.527
13088 	 -6.494
13096 	 -6.817
13102 	 -6.621
13110 	 -6.582
13114 	 -6.541
13116 	 -6.664
13120 	 -6.495
13128 	 -6.346
13132 	 -6.298
13134 	 -6.336
13138 	 -6.345
13142 	 -6.418
13144 	 -6.59
13148 	 -6.563
13152 	 -6.322
13156 	 -6.121
13158 	 -6.032
13162 	 -5.728
13164 	 -5.914
13178 	 -5.922
13182 	 -6.012
13188 	 -5.864
13194 	 -5.695
13206 	 -6.108
13208 	 -6.196
13224 	 -6.119
13232 	 -6.138
13248 	 -5.41
13258 	 -5.408
13286 	 -5.501
13290 	 -5.484
13294 	 -5.714
13328 	 -5.703
13330 	 -5.755
13338 	 -5.774
13340 	 -5.404
13346 	 -5.579
13358 	 -5.621
13360 	 -5.684
13372 	 -5.672
13376 	 -5.66
13386 	 -5.659
13388 	 -5.653
13394 	 -5.506
13396 	 -5.48
13408 	 -4.997
13414 	 -5.017
13416 	 -4.876
13428 	 -4.834
13430 	 -4.792
13432 	 -4.776
13442 	 -4.465
13456 	 -4.419
13466 	 -4.459
13468 	 -4.386
13470 	 -4.292
13474 	 -4.323
13476 	 -4.435
13478 	 -4.486
13490 	 -4.476
13492 	 -4.542
13496 	 -4.61
13512 	 -4.645
13514 	 -4.636
13530 	 -4.684
13536 	 -4.708
13538 	 -4.666
13542 	 -4.662
13546 	 -4.5
13554 	 -4.513
13588 	 -4.328
13592 	 -4.259
13594 	 -4.273
13606 	 -4.343
13608 	 -4.336
13614 	 -4.165
13618 	 -4.112
13624 	 -4.129
13626 	 -4.061
13640 	 -4.018
13654 	 -3.926
13658 	 -3.847
13666 	 -3.418
13670 	 -3.398
13680 	 -3.393
13686 	 -3.33
13690 	 -3.305
13702 	 -3.298
13704 	 -3.242
13712 	 -3.171
13726 	 -3.117
13744 	 -2.73
13750 	 -2.69
13768 	 -2.711
13784 	 -2.704
13786 	 -2.753
13790 	 -2.629
13796 	 -2.714
13804 	 -2.699
13814 	 -2.647
13822 	 -2.469
13842 	 -2.459
13844 	 -2.43
13850 	 -2.182
13858 	 -2.18
13862 	 -1.942
13870 	 -1.937
13876 	 -1.926
13882 	 -1.923
13886 	 -1.761
13888 	 -1.691
13900 	 -1.683
13902 	 -1.572
13904 	 -1.514
13912 	 -1.508
13920 	 -1.354
13922 	 -1.324
13930 	 -1.137
13940 	 -1.131
13946 	 -1.118
13958 	 -1.092
13964 	 -1.037
13966 	 -1.035
13984 	 -0.859
14000 	 -0.847
14012 	 -0.832
14032 	 -0.754
14038 	 -0.728
14046 	 -0.674
14052 	 -0.665
14054 	 -0.659
14074 	 -0.626
14086 	 -0.557
14108 	 -0.552
14158 	 -0.551
14200 	 -0.495
14210 	 -0.49
14254 	 -0.488
14268 	 -0.486
14278 	 -0.463
14298 	 -0.452
14318 	 -0.45
14326 	 -0.449
14380 	 -0.434
14426 	 -0.283
14430 	 -0.269
14470 	 -0.267
14582 	 -0.266
15000 	 -1.419
15024 	 -1.559
15050 	 -2.337
15078 	 -2.92
15112 	 -3.352
15158 	 -3.311
15162 	 -3.371
15174 	 -3.299
15186 	 -2.551
15216 	 -3.162
15232 	 -2.986
15238 	 -3.178
15250 	 -3.172
15262 	 -1.93
15268 	 -1.672
15282 	 -1.276
15298 	 -0.755
15310 	 -0.776
15336 	 -0.925
15342 	 -0.922
15346 	 -0.844
15356 	 -0.929
15360 	 -0.926
15374 	 -0.736
15400 	 -0.39
15422 	 -0.31
15456 	 -0.179
15486 	 -0.082
15558 	 -0.047
15660 	 -0.038
15864 	 -0.034
15904 	 -0.026
16000 	 -0.023
16388 	 -0.017
18000 	 -2.128
18020 	 -2.236
18042 	 -2.716
18064 	 -2.813
18088 	 -2.218
18120 	 -1.597
18154 	 -2.616
18180 	 -2.352
18190 	 -2.87
18234 	 -4.036
18252 	 -4.012
18262 	 -3.919
18270 	 -2.95
18278 	 -2.887
18286 	 -2.746
18296 	 -2.923
18316 	 -2.968
18328 	 -3.09
18336 	 -2.739
18342 	 -2.718
18348 	 -2.127
18360 	 -1.303
18368 	 -1.15
18384 	 -1.157
18402 	 -0.75
18420 	 -0.433
18426 	 -0.389
18434 	 -0.33
18448 	 -0.16
18472 	 -0.145
18552 	 -0.016
18864 	 -0.012
19002 	 0
21000 	 -1.44
21001 	 -1.44
