0 	 0
3000 	 -1.376
3024 	 -1.496
3050 	 -1.88
3062 	 -2.472
3078 	 -3.176
3112 	 -3.62
3158 	 -3.808
3164 	 -3.728
3186 	 -2.828
3198 	 -2.688
3216 	 -1.912
3232 	 -1.736
3238 	 -1.364
3262 	 -0.608
3296 	 -0.264
3400 	 -0.024
3636 	 -0.008
3904 	 0
6000 	 -2.478
6020 	 -2.638
6042 	 -3.286
6064 	 -3.582
6088 	 -3.11
6120 	 -2.686
6138 	 -2.872
6154 	 -3.312
6180 	 -3.048
6190 	 -3.516
6198 	 -3.5
6234 	 -3.9
6284 	 -4.203
6296 	 -4.179
6346 	 -4.159
6360 	 -2.871
6374 	 -2.271
6376 	 -1.719
6424 	 -1.319
6444 	 -0.761
6504 	 -0.637
6506 	 -0.613
6552 	 -0.501
6634 	 -0.359
6704 	 -0.331
6710 	 -0.307
6726 	 -0.295
6728 	 -0.267
6782 	 -0.263
6894 	 -0.165
6990 	 -0.145
6994 	 -0.125
7002 	 -0.093
7272 	 -0.089
7278 	 -0.085
7290 	 -0.073
7324 	 -0.025
9000 	 -1.433
9024 	 -1.537
9050 	 -2.497
9078 	 -3.177
9112 	 -3.761
9158 	 -3.713
9162 	 -3.797
9174 	 -3.705
9186 	 -2.857
9216 	 -3.589
9232 	 -3.413
9238 	 -3.801
9262 	 -1.973
9268 	 -1.305
9298 	 -0.417
9304 	 -0.413
9306 	 -0.409
9334 	 -0.277
9400 	 -0.025
9660 	 -0.009
9904 	 -0.001
12000 	 -2.554
12002 	 -2.49
12004 	 -3.153
12006 	 -3.964
12008 	 -4.477
12010 	 -5.115
12012 	 -5.321
12016 	 -5.501
12020 	 -5.73
12028 	 -5.864
12032 	 -5.611
12040 	 -5.47
12042 	 -5.946
12048 	 -5.668
12054 	 -5.179
12064 	 -5.279
12070 	 -5.262
12074 	 -4.783
12088 	 -4.171
12100 	 -4.154
12102 	 -3.951
12120 	 -3.423
12130 	 -3.217
12140 	 -3.482
12154 	 -4.518
12160 	 -4.876
12162 	 -4.849
12164 	 -4.739
12178 	 -4.817
12180 	 -4.784
12186 	 -4.784
12190 	 -5.1
12198 	 -5.07
12200 	 -5.196
12212 	 -6.24
12228 	 -6.385
12230 	 -6.6
12234 	 -7.948
12246 	 -8.232
12252 	 -7.516
12254 	 -7.415
12256 	 -7.398
12274 	 -6.146
12276 	 -5.958
12282 	 -5.801
12290 	 -5.529
12296 	 -5.835
12304 	 -5.791
12310 	 -6.019
12314 	 -5.987
12324 	 -5.383
12332 	 -5.415
12334 	 -5.336
12338 	 -5.084
12344 	 -4.288
12350 	 -4.26
12358 	 -4.193
12360 	 -3.402
12376 	 -3.301
12380 	 -3.473
12382 	 -3.465
12388 	 -3.443
12392 	 -3.401
12404 	 -3.051
12420 	 -3.04
12436 	 -3.437
12438 	 -3.169
12452 	 -3.396
12454 	 -3.416
12460 	 -3.333
12462 	 -3.259
12464 	 -3.366
12466 	 -3.831
12468 	 -3.769
12480 	 -3.955
12494 	 -3.916
12498 	 -3.887
12502 	 -4.308
12508 	 -4.296
12520 	 -4.266
12522 	 -4.515
12550 	 -4.275
12552 	 -4.155
12558 	 -4.107
12564 	 -4.275
12568 	 -4.253
12572 	 -4.138
12576 	 -4.134
12590 	 -4.123
12614 	 -3.998
12618 	 -3.968
12620 	 -3.912
12624 	 -3.899
12626 	 -4.08
12628 	 -4.032
12630 	 -4.56
12632 	 -4.549
12638 	 -4.46
12662 	 -4.418
12664 	 -4.512
12668 	 -4.469
12678 	 -4.578
12696 	 -4.525
12698 	 -4.429
12706 	 -4.657
12708 	 -4.726
12710 	 -4.722
12712 	 -4.668
12718 	 -4.636
12742 	 -4.586
12750 	 -4.599
12758 	 -4.597
12766 	 -4.647
12768 	 -4.689
12770 	 -4.922
12776 	 -4.854
12778 	 -4.843
12796 	 -4.83
12804 	 -4.734
12808 	 -4.882
12822 	 -4.863
12846 	 -4.971
12847 	 -5.221
12862 	 -5.484
12870 	 -5.638
12888 	 -5.725
12908 	 -5.088
12912 	 -5.089
12920 	 -4.876
12924 	 -4.868
12942 	 -4.9
12944 	 -4.667
12950 	 -4.646
12954 	 -4.577
12960 	 -4.579
12972 	 -4.532
12980 	 -4.496
12990 	 -4.493
12996 	 -4.477
12998 	 -4.61
13004 	 -4.536
13008 	 -4.506
13018 	 -4.471
13028 	 -4.495
13030 	 -4.226
13044 	 -4.592
13046 	 -4.589
13054 	 -4.556
13066 	 -4.649
13068 	 -4.53
13074 	 -4.51
13080 	 -4.138
13094 	 -4.112
13096 	 -4.122
13102 	 -4.117
13104 	 -4.202
13114 	 -4.181
13120 	 -4.654
13130 	 -5.011
13132 	 -5.501
13142 	 -5.658
13148 	 -5.732
13156 	 -5.888
13166 	 -5.882
13176 	 -5.701
13180 	 -5.857
13182 	 -5.856
13190 	 -6.329
13194 	 -6.36
13196 	 -6.138
13206 	 -6.186
13208 	 -6.438
13214 	 -6.278
13216 	 -6.245
13248 	 -5.114
13262 	 -5.002
13268 	 -5.114
13270 	 -4.912
13272 	 -4.997
13274 	 -4.814
13282 	 -4.956
13288 	 -4.859
13290 	 -4.842
13302 	 -4.889
13304 	 -4.789
13310 	 -4.807
13312 	 -4.85
13326 	 -4.917
13340 	 -4.331
13346 	 -4.46
13352 	 -4.438
13354 	 -4.414
13368 	 -4.283
13370 	 -4.412
13372 	 -4.4
13386 	 -4.479
13388 	 -5.084
13390 	 -4.892
13394 	 -4.82
13402 	 -4.936
13406 	 -5.093
13414 	 -5.168
13420 	 -5.248
13430 	 -5.18
13436 	 -5.315
13442 	 -5.578
13446 	 -5.496
13450 	 -5.231
13454 	 -5.23
13456 	 -5.271
13462 	 -5.169
13464 	 -5.185
13468 	 -5.315
13474 	 -5.291
13486 	 -5.19
13490 	 -4.951
13492 	 -4.815
13496 	 -4.805
13508 	 -4.779
13510 	 -4.453
13512 	 -4.326
13514 	 -4.317
13520 	 -4.271
13522 	 -4.319
13534 	 -4.171
13538 	 -4.238
13542 	 -4.234
13544 	 -4.158
13546 	 -4.197
13554 	 -4.137
13556 	 -4.105
13566 	 -4.036
13576 	 -4.342
13578 	 -4.109
13582 	 -4.349
13592 	 -4.28
13600 	 -4.533
13602 	 -4.595
13604 	 -4.716
13616 	 -4.849
13618 	 -4.835
13624 	 -4.558
13636 	 -4.347
13658 	 -3.706
13660 	 -3.677
13662 	 -3.67
13664 	 -3.757
13670 	 -3.733
13682 	 -3.643
13694 	 -3.655
13702 	 -3.802
13706 	 -3.79
13714 	 -3.86
13716 	 -3.863
13724 	 -3.722
13740 	 -3.771
13744 	 -3.425
13748 	 -3.419
13760 	 -3.447
13764 	 -3.324
13774 	 -3.33
13778 	 -3.214
13782 	 -3.244
13790 	 -3.266
13802 	 -2.819
13814 	 -2.777
13818 	 -2.635
13820 	 -2.632
13826 	 -2.602
13834 	 -2.567
13838 	 -2.516
13840 	 -2.412
13844 	 -2.392
13848 	 -2.345
13856 	 -2.339
13864 	 -2.315
13870 	 -2.283
13876 	 -2.239
13886 	 -2.195
13892 	 -2.068
13898 	 -2.055
13900 	 -2.047
13902 	 -1.994
13912 	 -1.958
13920 	 -2.15
13926 	 -2.224
13954 	 -2.288
13984 	 -2.093
13996 	 -1.888
14012 	 -1.873
14020 	 -1.848
14032 	 -1.77
14046 	 -1.784
14066 	 -1.802
14072 	 -1.84
14084 	 -1.804
14086 	 -1.78
14102 	 -1.855
14108 	 -1.85
14128 	 -1.774
14146 	 -1.857
14172 	 -1.835
14176 	 -1.826
14186 	 -1.582
14188 	 -1.347
14200 	 -1.291
14204 	 -1.276
14206 	 -1.279
14212 	 -1.271
14218 	 -1.266
14220 	 -1.217
14230 	 -1.075
14236 	 -0.966
14244 	 -0.936
14248 	 -0.867
14256 	 -0.749
14266 	 -0.723
14272 	 -0.718
14274 	 -0.665
14290 	 -0.657
14292 	 -0.605
14296 	 -0.588
14298 	 -0.551
14318 	 -0.549
14324 	 -0.532
14326 	 -0.531
14334 	 -0.502
14346 	 -0.466
14348 	 -0.457
14396 	 -0.451
14404 	 -0.45
14406 	 -0.443
14426 	 -0.292
14442 	 -0.284
14482 	 -0.258
14526 	 -0.249
14572 	 -0.247
14606 	 -0.243
15000 	 -1.417
15024 	 -1.564
15050 	 -2.184
15078 	 -2.646
15112 	 -2.888
15158 	 -2.969
15162 	 -3.009
15174 	 -2.963
15186 	 -2.548
15216 	 -2.683
15232 	 -2.507
15238 	 -2.671
15250 	 -2.665
15262 	 -2.286
15268 	 -2.114
15282 	 -1.849
15298 	 -1.503
15308 	 -1.52
15310 	 -1.561
15334 	 -1.71
15336 	 -2.01
15342 	 -2.007
15346 	 -1.955
15354 	 -2.04
15356 	 -2.208
15360 	 -2.205
15372 	 -2.009
15374 	 -1.629
15400 	 -1.064
15422 	 -0.818
15456 	 -0.556
15458 	 -0.422
15486 	 -0.23
15488 	 -0.145
15558 	 -0.075
15566 	 -0.044
15660 	 -0.038
15864 	 -0.03
15890 	 -0.027
15904 	 -0.019
16000 	 -0.016
16388 	 -0.01
18000 	 -2.128
18020 	 -2.245
18042 	 -2.757
18064 	 -2.891
18088 	 -2.353
18120 	 -1.825
18154 	 -2.664
18180 	 -2.4
18190 	 -2.991
18234 	 -3.922
18252 	 -3.906
18262 	 -3.626
18270 	 -2.98
18278 	 -2.938
18286 	 -2.844
18296 	 -3.748
18316 	 -3.778
18328 	 -4.144
18336 	 -3.91
18342 	 -3.966
18348 	 -3.572
18360 	 -3.131
18368 	 -2.672
18384 	 -2.693
18402 	 -2.004
18420 	 -1.053
18426 	 -0.921
18434 	 -0.744
18448 	 -0.234
18472 	 -0.189
18552 	 -0.02
18864 	 -0.008
19002 	 0
21000 	 -1.44
21001 	 -1.44
