0 	 0
3000 	 -1.376
3024 	 -1.496
3050 	 -1.88
3062 	 -2.472
3078 	 -3.176
3112 	 -3.62
3158 	 -3.808
3164 	 -3.728
3186 	 -2.828
3198 	 -2.688
3216 	 -1.912
3232 	 -1.736
3238 	 -1.364
3262 	 -0.608
3296 	 -0.264
3400 	 -0.024
3636 	 -0.008
3904 	 0
6000 	 -2.478
6020 	 -2.638
6042 	 -3.286
6064 	 -3.582
6088 	 -3.11
6120 	 -2.686
6138 	 -2.872
6154 	 -3.312
6180 	 -3.048
6190 	 -3.516
6198 	 -3.5
6234 	 -3.9
6284 	 -4.203
6296 	 -4.179
6346 	 -4.159
6360 	 -2.871
6374 	 -2.271
6376 	 -1.719
6424 	 -1.319
6444 	 -0.761
6504 	 -0.637
6506 	 -0.613
6552 	 -0.501
6634 	 -0.359
6704 	 -0.331
6710 	 -0.307
6726 	 -0.295
6728 	 -0.267
6782 	 -0.263
6894 	 -0.165
6990 	 -0.145
6994 	 -0.125
7002 	 -0.093
7272 	 -0.089
7278 	 -0.085
7290 	 -0.073
7324 	 -0.025
9000 	 -1.433
9024 	 -1.537
9050 	 -2.497
9078 	 -3.177
9112 	 -3.761
9158 	 -3.713
9162 	 -3.797
9174 	 -3.705
9186 	 -2.857
9216 	 -3.589
9232 	 -3.413
9238 	 -3.801
9262 	 -1.973
9268 	 -1.305
9298 	 -0.417
9304 	 -0.413
9306 	 -0.409
9334 	 -0.277
9400 	 -0.025
9660 	 -0.009
9904 	 -0.001
12000 	 -2.554
12002 	 -2.49
12004 	 -3.193
12006 	 -4.004
12008 	 -4.928
12010 	 -5.566
12012 	 -5.987
12016 	 -6.167
12020 	 -6.509
12028 	 -6.643
12032 	 -6.39
12040 	 -6.337
12042 	 -6.813
12048 	 -6.535
12054 	 -6.046
12064 	 -6.146
12070 	 -6.304
12074 	 -5.825
12088 	 -5.213
12100 	 -5.117
12102 	 -4.914
12114 	 -5.055
12120 	 -4.527
12130 	 -4.314
12140 	 -4.579
12154 	 -5.615
12162 	 -5.588
12164 	 -5.478
12178 	 -5.523
12180 	 -5.49
12184 	 -5.342
12186 	 -5.342
12190 	 -5.658
12192 	 -5.601
12198 	 -5.593
12200 	 -5.381
12210 	 -5.447
12212 	 -6.491
12226 	 -6.482
12228 	 -6.627
12230 	 -6.478
12234 	 -7.826
12242 	 -7.865
12248 	 -7.859
12252 	 -7.104
12254 	 -7.227
12264 	 -7.162
12274 	 -5.91
12276 	 -6.116
12282 	 -5.819
12290 	 -5.547
12296 	 -5.853
12304 	 -5.761
12320 	 -5.763
12324 	 -5.159
12330 	 -5.265
12332 	 -5.297
12334 	 -5.283
12336 	 -5.155
12338 	 -4.903
12344 	 -4.107
12350 	 -4.088
12352 	 -4.192
12358 	 -4.173
12360 	 -3.221
12378 	 -3.136
12382 	 -3.052
12402 	 -2.873
12404 	 -2.593
12420 	 -2.582
12436 	 -2.941
12438 	 -2.541
12444 	 -2.566
12452 	 -2.793
12460 	 -2.71
12462 	 -2.76
12466 	 -3.225
12472 	 -3.542
12480 	 -3.728
12490 	 -3.907
12494 	 -3.868
12498 	 -3.934
12510 	 -4.052
12520 	 -4.022
12532 	 -4.013
12550 	 -3.841
12552 	 -3.721
12564 	 -3.889
12568 	 -3.967
12578 	 -3.936
12590 	 -3.925
12591 	 -4.078
12598 	 -4.168
12618 	 -3.772
12624 	 -3.742
12626 	 -3.923
12628 	 -3.837
12630 	 -4.325
12638 	 -4.321
12642 	 -4.151
12658 	 -4.038
12670 	 -4.012
12692 	 -4.075
12696 	 -4.392
12698 	 -4.798
12706 	 -5.026
12710 	 -5.348
12714 	 -5.296
12736 	 -5.619
12740 	 -5.727
12742 	 -5.72
12758 	 -5.488
12766 	 -5.572
12768 	 -5.614
12770 	 -5.718
12790 	 -5.936
12796 	 -5.716
12814 	 -5.714
12826 	 -5.675
12840 	 -5.78
12858 	 -6.292
12862 	 -6.402
12864 	 -6.362
12866 	 -6.451
12872 	 -6.411
12908 	 -5.319
12914 	 -5.305
12920 	 -5.215
12924 	 -5.289
12930 	 -5.441
12936 	 -5.509
12942 	 -5.603
12946 	 -5.664
12954 	 -5.595
12958 	 -5.494
12962 	 -5.949
12964 	 -5.957
12972 	 -6.225
12980 	 -6.357
12982 	 -6.479
12990 	 -6.473
12992 	 -7.099
12996 	 -7.083
13002 	 -7.113
13004 	 -7.086
13006 	 -7.306
13008 	 -7.292
13020 	 -7.269
13022 	 -7.531
13026 	 -7.567
13028 	 -7.526
13030 	 -7.478
13038 	 -7.498
13042 	 -7.501
13044 	 -7.896
13046 	 -7.993
13048 	 -7.703
13056 	 -8.226
13060 	 -7.983
13066 	 -8.122
13068 	 -8.188
13080 	 -7.874
13084 	 -8.033
13088 	 -7.866
13092 	 -8.141
13102 	 -7.89
13112 	 -7.621
13114 	 -7.838
13120 	 -7.914
13126 	 -7.835
13130 	 -7.71
13142 	 -7.6
13144 	 -7.647
13148 	 -7.595
13152 	 -7.648
13178 	 -7.644
13182 	 -7.465
13190 	 -7.39
13200 	 -7.686
13206 	 -7.934
13216 	 -7.928
13218 	 -7.838
13236 	 -7.854
13244 	 -7.861
13248 	 -7.445
13252 	 -7.514
13260 	 -7.622
13268 	 -7.692
13272 	 -7.396
13274 	 -7.386
13278 	 -7.061
13286 	 -7.073
13290 	 -7.056
13296 	 -7.263
13298 	 -7.327
13302 	 -7.38
13304 	 -7.311
13308 	 -7.256
13324 	 -7.49
13332 	 -7.486
13334 	 -7.459
13340 	 -7.041
13346 	 -7.073
13358 	 -6.965
13360 	 -6.838
13362 	 -6.942
13370 	 -6.908
13372 	 -6.896
13378 	 -5.875
13380 	 -5.806
13382 	 -6.216
13384 	 -6.054
13388 	 -6.048
13394 	 -6.063
13396 	 -6.115
13398 	 -6.054
13400 	 -6.076
13410 	 -6.236
13414 	 -6.452
13418 	 -6.421
13420 	 -6.371
13426 	 -6.423
13430 	 -6.397
13442 	 -6.22
13462 	 -6.205
13476 	 -6.192
13480 	 -6.161
13488 	 -6.536
13490 	 -6.526
13492 	 -6.468
13496 	 -6.444
13506 	 -6.169
13514 	 -6.075
13518 	 -6.046
13540 	 -6.097
13542 	 -6.094
13546 	 -5.844
13552 	 -6.096
13558 	 -6.013
13560 	 -5.905
13574 	 -5.828
13580 	 -5.897
13584 	 -6.099
13588 	 -6.097
13592 	 -6.121
13594 	 -6.094
13598 	 -6.044
13614 	 -5.961
13618 	 -5.937
13620 	 -6.104
13630 	 -6.088
13654 	 -6.086
13656 	 -5.805
13658 	 -5.404
13664 	 -5.375
13672 	 -5.391
13674 	 -5.788
13686 	 -6.315
13692 	 -6.49
13702 	 -6.423
13706 	 -6.409
13712 	 -6.334
13716 	 -6.32
13718 	 -6.307
13720 	 -6.691
13724 	 -6.446
13732 	 -6.337
13734 	 -6.324
13740 	 -6.383
13742 	 -6.094
13744 	 -5.382
13756 	 -5.378
13762 	 -5.293
13764 	 -5.623
13768 	 -5.617
13772 	 -5.521
13780 	 -5.274
13786 	 -5.293
13796 	 -5.267
13802 	 -5.327
13804 	 -5.256
13806 	 -5.168
13810 	 -5.091
13812 	 -5.051
13814 	 -5.009
13818 	 -4.9
13826 	 -4.769
13830 	 -4.766
13842 	 -4.73
13844 	 -4.692
13846 	 -4.728
13848 	 -4.474
13850 	 -4.47
13856 	 -4.516
13858 	 -4.429
13862 	 -4.428
13864 	 -4.658
13878 	 -4.714
13886 	 -4.964
13898 	 -5.121
13900 	 -5.113
13902 	 -5.027
13904 	 -5.374
13906 	 -5.354
13908 	 -5.36
13910 	 -5.612
13912 	 -5.606
13914 	 -5.909
13916 	 -6.002
13924 	 -6.314
13926 	 -6.468
13930 	 -6.404
13934 	 -6.577
13938 	 -6.68
13944 	 -7.061
13950 	 -7.019
13956 	 -7.035
13960 	 -6.835
13964 	 -6.991
13970 	 -6.862
13984 	 -5.452
13992 	 -5.461
13996 	 -5.218
14002 	 -5.25
14004 	 -5.19
14006 	 -4.937
14008 	 -4.942
14012 	 -4.927
14016 	 -4.55
14018 	 -4.475
14020 	 -4.492
14028 	 -4.232
14032 	 -4.121
14040 	 -3.818
14044 	 -3.573
14050 	 -3.64
14054 	 -3.542
14062 	 -3.397
14066 	 -3.6
14068 	 -3.604
14072 	 -3.935
14074 	 -3.894
14086 	 -3.821
14092 	 -3.708
14096 	 -3.58
14098 	 -3.456
14108 	 -3.451
14116 	 -3.3
14120 	 -3.233
14122 	 -3.229
14126 	 -3.024
14138 	 -2.977
14140 	 -2.8
14144 	 -2.755
14146 	 -2.722
14152 	 -2.717
14162 	 -2.674
14164 	 -2.443
14170 	 -2.436
14180 	 -2.286
14184 	 -2.292
14194 	 -2.066
14198 	 -2.042
14200 	 -1.833
14204 	 -1.736
14206 	 -1.657
14222 	 -1.643
14224 	 -1.641
14226 	 -1.566
14242 	 -0.92
14262 	 -0.787
14278 	 -0.785
14288 	 -0.775
14296 	 -0.691
14304 	 -0.677
14306 	 -0.65
14316 	 -0.641
14318 	 -0.639
14324 	 -0.622
14326 	 -0.621
14346 	 -0.594
14354 	 -0.593
14426 	 -0.3
14518 	 -0.294
14536 	 -0.293
14574 	 -0.288
14666 	 -0.287
14708 	 -0.283
15000 	 -1.426
15024 	 -1.546
15050 	 -2.074
15078 	 -2.391
15112 	 -2.432
15158 	 -2.397
15162 	 -2.418
15174 	 -2.394
15176 	 -2.385
15186 	 -1.997
15216 	 -1.809
15232 	 -1.633
15238 	 -1.697
15250 	 -1.691
15262 	 -1.431
15268 	 -1.345
15282 	 -1.213
15298 	 -1.039
15310 	 -1.079
15336 	 -1.379
15342 	 -1.376
15346 	 -1.35
15356 	 -1.518
15360 	 -1.515
15374 	 -1.135
15400 	 -0.728
15422 	 -0.568
15456 	 -0.306
15486 	 -0.114
15558 	 -0.044
15660 	 -0.041
15704 	 -0.039
15864 	 -0.031
15904 	 -0.023
16000 	 -0.02
16002 	 -0.019
16388 	 -0.013
18000 	 -2.128
18020 	 -2.227
18042 	 -2.675
18064 	 -2.726
18088 	 -2.125
18120 	 -1.552
18154 	 -1.968
18180 	 -1.704
18190 	 -1.963
18234 	 -2.362
18252 	 -2.354
18262 	 -2.168
18270 	 -1.845
18278 	 -1.824
18286 	 -1.777
18296 	 -2.335
18316 	 -2.35
18328 	 -2.594
18336 	 -2.477
18342 	 -2.52
18348 	 -2.323
18360 	 -2.064
18368 	 -1.758
18384 	 -1.772
18402 	 -1.338
18420 	 -0.704
18426 	 -0.616
18434 	 -0.498
18448 	 -0.158
18472 	 -0.128
18552 	 -0.012
18864 	 -0.004
19002 	 0
21000 	 -1.44
21001 	 -1.44
