0 	 0
3000 	 -1.376
3024 	 -1.496
3050 	 -1.88
3062 	 -2.472
3078 	 -3.176
3112 	 -3.62
3158 	 -3.808
3164 	 -3.728
3186 	 -2.828
3198 	 -2.688
3216 	 -1.912
3232 	 -1.736
3238 	 -1.364
3262 	 -0.608
3296 	 -0.264
3400 	 -0.024
3636 	 -0.008
3904 	 0
6000 	 -2.478
6020 	 -2.638
6042 	 -3.286
6064 	 -3.582
6088 	 -3.11
6120 	 -2.686
6138 	 -2.872
6154 	 -3.312
6180 	 -3.048
6190 	 -3.516
6198 	 -3.5
6234 	 -3.9
6284 	 -4.203
6296 	 -4.179
6346 	 -4.159
6360 	 -2.871
6374 	 -2.271
6376 	 -1.719
6424 	 -1.319
6444 	 -0.761
6504 	 -0.637
6506 	 -0.613
6552 	 -0.501
6634 	 -0.359
6704 	 -0.331
6710 	 -0.307
6726 	 -0.295
6728 	 -0.267
6782 	 -0.263
6894 	 -0.165
6990 	 -0.145
6994 	 -0.125
7002 	 -0.093
7272 	 -0.089
7278 	 -0.085
7290 	 -0.073
7324 	 -0.025
9000 	 -1.433
9024 	 -1.537
9050 	 -2.497
9078 	 -3.177
9112 	 -3.761
9158 	 -3.713
9162 	 -3.797
9174 	 -3.705
9186 	 -2.857
9216 	 -3.589
9232 	 -3.413
9238 	 -3.801
9262 	 -1.973
9268 	 -1.305
9298 	 -0.417
9304 	 -0.413
9306 	 -0.409
9334 	 -0.277
9400 	 -0.025
9660 	 -0.009
9904 	 -0.001
12000 	 -2.554
12002 	 -2.49
12004 	 -3.193
12006 	 -4.004
12008 	 -4.934
12010 	 -5.572
12012 	 -5.989
12016 	 -6.169
12020 	 -6.505
12028 	 -6.639
12032 	 -6.386
12040 	 -6.263
12042 	 -6.739
12048 	 -6.461
12054 	 -5.972
12064 	 -6.072
12070 	 -6.055
12074 	 -5.576
12086 	 -5.798
12088 	 -5.186
12100 	 -5.169
12102 	 -5.022
12120 	 -4.494
12130 	 -4.288
12132 	 -4.599
12140 	 -4.864
12154 	 -6.032
12160 	 -6.39
12162 	 -6.363
12164 	 -6.253
12178 	 -6.331
12180 	 -6.312
12186 	 -6.305
12190 	 -6.621
12198 	 -6.591
12200 	 -6.667
12212 	 -7.711
12228 	 -7.856
12230 	 -7.908
12234 	 -9.256
12236 	 -8.844
12246 	 -9.146
12252 	 -8.43
12254 	 -8.329
12256 	 -8.402
12260 	 -8.384
12272 	 -8.383
12274 	 -7.131
12276 	 -7.206
12282 	 -7.049
12290 	 -6.777
12296 	 -7.083
12304 	 -7.039
12310 	 -7.6
12314 	 -7.488
12324 	 -6.884
12328 	 -7.231
12332 	 -7.263
12334 	 -7.248
12338 	 -6.996
12344 	 -6.2
12350 	 -6.172
12352 	 -6.217
12354 	 -6.205
12358 	 -6.1
12360 	 -5.148
12362 	 -5.494
12376 	 -5.393
12380 	 -5.396
12382 	 -5.463
12386 	 -5.391
12388 	 -5.374
12392 	 -5.304
12404 	 -4.954
12406 	 -5.166
12412 	 -5.395
12420 	 -5.384
12436 	 -5.769
12438 	 -5.47
12444 	 -5.521
12452 	 -5.748
12460 	 -5.665
12462 	 -5.621
12464 	 -5.632
12466 	 -6.097
12476 	 -6.03
12480 	 -6.216
12488 	 -6.2
12494 	 -6.161
12496 	 -6.18
12500 	 -6.233
12502 	 -6.004
12506 	 -5.995
12508 	 -5.967
12516 	 -5.917
12520 	 -5.996
12526 	 -5.927
12540 	 -6.023
12550 	 -5.639
12552 	 -5.519
12562 	 -5.761
12564 	 -5.929
12572 	 -6.212
12576 	 -6.208
12580 	 -6.139
12582 	 -6.481
12590 	 -6.44
12602 	 -6.397
12604 	 -6.392
12614 	 -6.346
12624 	 -6.333
12626 	 -6.514
12630 	 -6.776
12638 	 -6.766
12640 	 -6.509
12644 	 -6.375
12648 	 -6.341
12668 	 -6.328
12670 	 -6.472
12672 	 -6.393
12700 	 -6.682
12706 	 -6.92
12710 	 -6.879
12714 	 -6.695
12718 	 -6.823
12720 	 -6.829
12724 	 -6.845
12734 	 -6.833
12742 	 -6.826
12744 	 -7.296
12754 	 -7.248
12758 	 -7.28
12768 	 -7.322
12770 	 -7.555
12776 	 -7.545
12782 	 -7.512
12786 	 -7.595
12804 	 -7.42
12806 	 -7.37
12812 	 -7.502
12816 	 -7.433
12824 	 -7.468
12826 	 -7.671
12836 	 -8.16
12856 	 -8.264
12874 	 -8.218
12898 	 -8.118
12900 	 -7.755
12908 	 -7.92
12920 	 -7.83
12924 	 -8.116
12932 	 -8.14
12942 	 -8.172
12952 	 -8.088
12954 	 -8.019
12960 	 -8.097
12964 	 -8.057
12968 	 -7.784
12970 	 -7.737
12972 	 -8.132
12984 	 -8.224
12986 	 -8.115
12988 	 -8.068
12990 	 -8.065
12996 	 -8.045
12998 	 -8.093
13004 	 -8.019
13008 	 -8.005
13012 	 -7.939
13026 	 -7.921
13028 	 -7.88
13032 	 -7.856
13034 	 -7.733
13038 	 -7.79
13042 	 -7.852
13044 	 -8.201
13060 	 -8.245
13068 	 -8.126
13080 	 -7.806
13086 	 -7.12
13088 	 -7.118
13102 	 -7.113
13104 	 -7.098
13112 	 -7.168
13114 	 -7.147
13118 	 -7.128
13120 	 -7.116
13130 	 -7.124
13138 	 -7.043
13146 	 -7.128
13154 	 -7.185
13156 	 -7.147
13162 	 -7.194
13182 	 -7.193
13206 	 -7.135
13224 	 -6.987
13226 	 -6.986
13240 	 -6.979
13248 	 -6.936
13250 	 -6.915
13254 	 -6.94
13258 	 -6.938
13266 	 -7.039
13272 	 -7.149
13276 	 -6.852
13278 	 -6.616
13290 	 -6.599
13300 	 -6.445
13304 	 -6.99
13312 	 -6.665
13316 	 -6.864
13320 	 -6.691
13322 	 -6.838
13328 	 -6.752
13332 	 -6.76
13340 	 -6.366
13346 	 -6.398
13350 	 -6.485
13358 	 -6.375
13372 	 -6.363
13382 	 -6.36
13388 	 -6.354
13394 	 -6.351
13408 	 -6.378
13414 	 -6.031
13428 	 -5.969
13432 	 -6.006
13434 	 -6.006
13442 	 -5.829
13446 	 -5.803
13450 	 -5.885
13452 	 -5.756
13454 	 -5.755
13460 	 -5.913
13468 	 -6.007
13470 	 -5.921
13472 	 -5.802
13476 	 -5.788
13482 	 -5.714
13486 	 -5.977
13490 	 -5.967
13496 	 -6.102
13498 	 -6.128
13506 	 -6.107
13508 	 -6.281
13512 	 -6.277
13514 	 -6.268
13518 	 -6.351
13526 	 -6.283
13528 	 -6.254
13536 	 -6.095
13538 	 -5.962
13540 	 -5.926
13542 	 -5.835
13546 	 -5.585
13548 	 -6.089
13550 	 -5.94
13568 	 -6.241
13570 	 -6.224
13576 	 -6.211
13580 	 -6.303
13582 	 -6.875
13584 	 -6.682
13590 	 -6.661
13592 	 -6.592
13596 	 -6.678
13600 	 -6.412
13606 	 -6.385
13608 	 -6.419
13612 	 -6.389
13616 	 -6.167
13618 	 -6.276
13638 	 -6.17
13648 	 -6.03
13654 	 -6.049
13658 	 -4.892
13662 	 -5.407
13668 	 -5.389
13670 	 -5.413
13674 	 -5.36
13678 	 -5.638
13680 	 -5.838
13682 	 -5.92
13688 	 -5.812
13692 	 -5.659
13698 	 -5.705
13702 	 -5.703
13704 	 -5.885
13706 	 -5.811
13718 	 -5.724
13726 	 -6.455
13744 	 -5.697
13746 	 -5.899
13750 	 -5.982
13752 	 -5.977
13762 	 -5.932
13764 	 -5.775
13766 	 -5.736
13772 	 -5.723
13776 	 -5.804
13778 	 -5.838
13782 	 -5.79
13788 	 -6.247
13790 	 -6.245
13802 	 -6.376
13803 	 -6.311
13804 	 -6.4
13806 	 -6.422
13810 	 -6.503
13812 	 -6.118
13814 	 -6.143
13818 	 -6.205
13819 	 -6.231
13830 	 -6.188
13836 	 -5.915
13842 	 -5.702
13844 	 -5.486
13846 	 -4.86
13850 	 -4.074
13852 	 -4.125
13854 	 -4.361
13856 	 -4.255
13862 	 -4.092
13864 	 -3.949
13866 	 -3.923
13870 	 -3.843
13872 	 -3.849
13874 	 -3.948
13876 	 -3.883
13880 	 -3.858
13882 	 -3.915
13884 	 -3.821
13886 	 -3.603
13900 	 -3.595
13902 	 -3.457
13904 	 -3.42
13906 	 -3.337
13908 	 -3.335
13910 	 -3.334
13912 	 -3.231
13924 	 -3.11
13930 	 -2.887
13932 	 -2.921
13954 	 -2.918
13956 	 -2.928
13964 	 -2.922
13966 	 -2.827
13982 	 -2.811
13984 	 -2.037
14002 	 -1.957
14004 	 -1.949
14006 	 -1.918
14008 	 -1.92
14012 	 -1.905
14016 	 -1.85
14018 	 -1.777
14022 	 -1.898
14024 	 -1.904
14026 	 -1.894
14032 	 -1.816
14038 	 -1.801
14042 	 -1.686
14046 	 -1.563
14050 	 -1.536
14058 	 -1.489
14062 	 -1.482
14068 	 -1.521
14072 	 -1.329
14086 	 -1.321
14096 	 -1.377
14108 	 -1.372
14112 	 -1.348
14114 	 -1.34
14122 	 -1.302
14124 	 -1.245
14126 	 -1.247
14132 	 -1.22
14144 	 -1.083
14164 	 -1.074
14168 	 -0.915
14176 	 -0.896
14182 	 -0.877
14198 	 -0.861
14200 	 -0.794
14218 	 -0.704
14224 	 -0.557
14232 	 -0.555
14270 	 -0.515
14318 	 -0.513
14326 	 -0.512
14334 	 -0.507
14368 	 -0.506
14380 	 -0.496
14386 	 -0.485
14394 	 -0.476
14400 	 -0.471
14418 	 -0.461
14426 	 -0.31
14436 	 -0.305
14460 	 -0.301
14530 	 -0.299
14550 	 -0.283
14664 	 -0.282
14676 	 -0.278
15000 	 -1.422
15024 	 -1.552
15050 	 -2.205
15078 	 -2.655
15112 	 -2.891
15158 	 -2.814
15162 	 -2.856
15174 	 -2.808
15186 	 -2.195
15214 	 -2.188
15216 	 -2.405
15232 	 -2.229
15238 	 -2.357
15250 	 -2.351
15262 	 -1.475
15268 	 -1.303
15282 	 -1.039
15298 	 -0.691
15310 	 -0.711
15336 	 -0.862
15342 	 -0.859
15346 	 -0.807
15356 	 -0.89
15360 	 -0.887
15374 	 -0.696
15400 	 -0.384
15422 	 -0.304
15456 	 -0.173
15486 	 -0.076
15558 	 -0.041
15660 	 -0.035
15856 	 -0.033
15864 	 -0.029
15904 	 -0.021
16000 	 -0.018
16388 	 -0.012
18000 	 -2.128
18020 	 -2.227
18042 	 -2.675
18064 	 -2.729
18088 	 -2.111
18120 	 -1.491
18154 	 -2.168
18180 	 -1.904
18190 	 -2.225
18234 	 -2.958
18252 	 -2.942
18262 	 -2.849
18270 	 -2.203
18278 	 -2.161
18286 	 -2.067
18296 	 -2.256
18316 	 -2.286
18328 	 -2.408
18336 	 -2.174
18342 	 -2.17
18348 	 -1.776
18360 	 -1.201
18368 	 -1.048
18384 	 -1.055
18402 	 -0.724
18420 	 -0.407
18426 	 -0.363
18434 	 -0.304
18448 	 -0.134
18472 	 -0.119
18552 	 -0.012
18864 	 -0.008
19002 	 0
21000 	 -1.44
21001 	 -1.44
