0 	 0
3000 	 -1.376
3024 	 -1.496
3050 	 -1.88
3062 	 -2.472
3078 	 -3.176
3112 	 -3.62
3158 	 -3.808
3164 	 -3.728
3186 	 -2.828
3198 	 -2.688
3216 	 -1.912
3232 	 -1.736
3238 	 -1.364
3262 	 -0.608
3296 	 -0.264
3400 	 -0.024
3636 	 -0.008
3904 	 0
6000 	 -2.478
6020 	 -2.638
6042 	 -3.286
6064 	 -3.582
6088 	 -3.11
6120 	 -2.686
6138 	 -2.872
6154 	 -3.312
6180 	 -3.048
6190 	 -3.516
6198 	 -3.5
6234 	 -3.9
6284 	 -4.203
6296 	 -4.179
6346 	 -4.159
6360 	 -2.871
6374 	 -2.271
6376 	 -1.719
6424 	 -1.319
6444 	 -0.761
6504 	 -0.637
6506 	 -0.613
6552 	 -0.501
6634 	 -0.359
6704 	 -0.331
6710 	 -0.307
6726 	 -0.295
6728 	 -0.267
6782 	 -0.263
6894 	 -0.165
6990 	 -0.145
6994 	 -0.125
7002 	 -0.093
7272 	 -0.089
7278 	 -0.085
7290 	 -0.073
7324 	 -0.025
9000 	 -1.433
9024 	 -1.537
9050 	 -2.497
9078 	 -3.177
9112 	 -3.761
9158 	 -3.713
9162 	 -3.797
9174 	 -3.705
9186 	 -2.857
9216 	 -3.589
9232 	 -3.413
9238 	 -3.801
9262 	 -1.973
9268 	 -1.305
9298 	 -0.417
9304 	 -0.413
9306 	 -0.409
9334 	 -0.277
9400 	 -0.025
9660 	 -0.009
9904 	 -0.001
12000 	 -2.554
12002 	 -2.49
12004 	 -3.233
12006 	 -4.044
12008 	 -5.385
12010 	 -6.023
12012 	 -6.655
12016 	 -6.835
12020 	 -7.284
12028 	 -7.418
12032 	 -7.165
12040 	 -7.13
12042 	 -7.606
12048 	 -7.328
12054 	 -6.839
12064 	 -6.939
12070 	 -7.105
12074 	 -6.626
12086 	 -6.848
12088 	 -6.236
12100 	 -6.196
12102 	 -6.049
12120 	 -5.521
12130 	 -5.269
12132 	 -5.58
12140 	 -5.845
12154 	 -7.013
12160 	 -7.371
12162 	 -7.344
12164 	 -7.234
12178 	 -7.445
12180 	 -7.426
12186 	 -7.471
12190 	 -7.787
12198 	 -7.757
12200 	 -7.911
12206 	 -7.901
12212 	 -8.945
12228 	 -9.09
12230 	 -9.378
12234 	 -10.726
12236 	 -10.32
12246 	 -10.682
12252 	 -9.966
12254 	 -9.764
12256 	 -9.772
12260 	 -9.754
12264 	 -10.114
12272 	 -10.113
12274 	 -8.861
12276 	 -8.835
12282 	 -8.649
12286 	 -8.646
12288 	 -8.746
12290 	 -8.474
12296 	 -8.78
12304 	 -8.55
12310 	 -8.758
12312 	 -8.723
12314 	 -8.533
12324 	 -7.927
12328 	 -8.044
12332 	 -8.076
12334 	 -7.992
12338 	 -7.74
12340 	 -7.791
12344 	 -6.995
12350 	 -6.971
12352 	 -7.016
12354 	 -7.059
12358 	 -6.954
12360 	 -6.002
12372 	 -5.987
12376 	 -5.577
12380 	 -5.58
12382 	 -5.411
12386 	 -5.469
12390 	 -5.637
12392 	 -5.567
12394 	 -5.417
12402 	 -5.49
12404 	 -5.14
12406 	 -5.311
12412 	 -5.329
12420 	 -5.318
12436 	 -5.713
12438 	 -4.98
12444 	 -4.977
12452 	 -5.204
12460 	 -5.121
12462 	 -5.096
12464 	 -5.179
12466 	 -5.644
12468 	 -5.636
12480 	 -5.822
12488 	 -5.747
12494 	 -5.682
12496 	 -5.829
12498 	 -5.815
12500 	 -5.79
12504 	 -5.892
12516 	 -5.842
12520 	 -5.812
12522 	 -6.037
12534 	 -5.874
12536 	 -6.243
12550 	 -6.241
12552 	 -6.121
12564 	 -6.283
12566 	 -6.528
12576 	 -6.504
12578 	 -6.499
12588 	 -5.879
12590 	 -5.838
12594 	 -5.85
12608 	 -5.186
12610 	 -5.182
12612 	 -5.42
12614 	 -5.404
12624 	 -5.278
12626 	 -5.459
12630 	 -5.93
12634 	 -6.137
12638 	 -6.113
12640 	 -6.054
12642 	 -6.004
12652 	 -6.194
12654 	 -6.406
12656 	 -6.548
12668 	 -6.549
12672 	 -6.439
12700 	 -6.747
12706 	 -6.975
12710 	 -6.763
12714 	 -6.613
12718 	 -6.607
12728 	 -6.58
12734 	 -6.697
12736 	 -6.686
12740 	 -6.713
12742 	 -6.706
12748 	 -6.858
12758 	 -6.856
12766 	 -6.837
12768 	 -6.879
12770 	 -7.098
12776 	 -7.083
12780 	 -7.398
12786 	 -7.469
12796 	 -7.877
12804 	 -7.702
12806 	 -7.656
12808 	 -7.651
12810 	 -8.352
12814 	 -8.33
12816 	 -8.932
12826 	 -8.922
12828 	 -9.129
12834 	 -8.99
12838 	 -9.207
12858 	 -9.008
12870 	 -9.481
12874 	 -9.229
12882 	 -9.348
12894 	 -8.955
12900 	 -9.271
12908 	 -8.648
12912 	 -8.563
12920 	 -8.525
12924 	 -8.242
12932 	 -8.335
12942 	 -8.367
12946 	 -8.339
12948 	 -8.061
12950 	 -7.95
12952 	 -7.766
12954 	 -7.823
12960 	 -7.671
12964 	 -7.887
12970 	 -8.056
12972 	 -8.009
12978 	 -7.864
12990 	 -7.858
12992 	 -7.807
12996 	 -7.806
13004 	 -7.956
13008 	 -7.942
13010 	 -8.128
13012 	 -8.128
13016 	 -7.952
13024 	 -7.975
13028 	 -7.956
13044 	 -8.325
13046 	 -8.67
13058 	 -9.207
13064 	 -9.113
13068 	 -8.979
13072 	 -8.861
13076 	 -9.105
13080 	 -8.785
13084 	 -8.833
13088 	 -8.915
13090 	 -8.81
13096 	 -8.744
13100 	 -8.686
13102 	 -8.681
13106 	 -8.654
13114 	 -8.644
13122 	 -8.391
13126 	 -8.354
13132 	 -8.045
13134 	 -8.026
13142 	 -8.043
13150 	 -7.737
13152 	 -7.589
13160 	 -7.572
13162 	 -7.382
13166 	 -7.53
13178 	 -7.44
13182 	 -7.432
13184 	 -7.237
13202 	 -7.2
13204 	 -7.209
13206 	 -6.808
13212 	 -6.705
13224 	 -6.131
13248 	 -5.464
13252 	 -5.276
13260 	 -5.25
13272 	 -5.272
13278 	 -5.281
13280 	 -5.391
13290 	 -5.382
13292 	 -5.326
13296 	 -5.45
13316 	 -5.532
13324 	 -5.559
13334 	 -5.633
13340 	 -5.239
13346 	 -5.408
13370 	 -5.433
13372 	 -5.272
13374 	 -4.985
13380 	 -4.99
13382 	 -4.94
13386 	 -4.918
13388 	 -4.951
13390 	 -4.987
13394 	 -4.985
13400 	 -4.965
13408 	 -4.87
13414 	 -4.818
13420 	 -4.814
13428 	 -4.678
13432 	 -4.571
13442 	 -4.596
13448 	 -4.58
13452 	 -4.567
13454 	 -4.44
13470 	 -4.479
13480 	 -4.453
13482 	 -4.852
13486 	 -4.811
13490 	 -4.801
13500 	 -4.944
13502 	 -4.508
13514 	 -4.499
13516 	 -4.495
13520 	 -4.439
13530 	 -4.386
13534 	 -4.101
13542 	 -4.099
13546 	 -3.698
13548 	 -3.647
13550 	 -3.523
13560 	 -3.405
13564 	 -3.373
13572 	 -3.235
13574 	 -3.191
13580 	 -2.994
13584 	 -2.827
13590 	 -2.777
13592 	 -2.702
13594 	 -2.675
13598 	 -2.722
13600 	 -2.662
13612 	 -2.537
13618 	 -2.514
13620 	 -2.522
13646 	 -2.56
13652 	 -2.576
13654 	 -2.537
13658 	 -2.184
13670 	 -2.153
13688 	 -2.094
13694 	 -2.083
13706 	 -2.067
13712 	 -2.017
13726 	 -2.016
13736 	 -2.007
13744 	 -1.822
13754 	 -1.82
13756 	 -1.809
13764 	 -1.737
13790 	 -1.783
13796 	 -1.909
13810 	 -1.884
13814 	 -1.856
13824 	 -1.851
13830 	 -1.84
13844 	 -1.827
13846 	 -1.746
13848 	 -1.771
13858 	 -1.769
13874 	 -1.742
13894 	 -1.741
13900 	 -1.733
13902 	 -1.68
13906 	 -1.514
13912 	 -1.508
13926 	 -1.469
13928 	 -1.449
13936 	 -1.529
13966 	 -1.526
13978 	 -1.621
13984 	 -1.65
14010 	 -1.684
14012 	 -1.674
14022 	 -1.67
14028 	 -1.702
14030 	 -1.698
14032 	 -1.62
14038 	 -1.612
14084 	 -1.649
14088 	 -1.647
14108 	 -1.642
14120 	 -1.624
14158 	 -1.622
14176 	 -1.728
14188 	 -1.794
14200 	 -1.799
14214 	 -1.798
14232 	 -1.832
14252 	 -1.912
14276 	 -1.913
14280 	 -1.912
14284 	 -1.888
14292 	 -1.714
14310 	 -1.703
14312 	 -1.694
14314 	 -1.522
14318 	 -1.52
14326 	 -1.519
14330 	 -1.441
14334 	 -1.435
14350 	 -1.493
14354 	 -1.439
14360 	 -1.283
14376 	 -1.26
14378 	 -1.083
14384 	 -2.009
14394 	 -1.998
14398 	 -1.973
14410 	 -1.915
14412 	 -1.905
14426 	 -2.289
14446 	 -2.277
14484 	 -2.217
14492 	 -2.203
14516 	 -2.481
14524 	 -2.404
14540 	 -2.431
14550 	 -2.344
14562 	 -2.37
14564 	 -2.468
14570 	 -2.46
14588 	 -2.411
14592 	 -2.258
14606 	 -2.131
14612 	 -1.917
14638 	 -1.912
14642 	 -1.731
14664 	 -1.756
14686 	 -1.555
14698 	 -2.063
14700 	 -2.479
14708 	 -2.466
14714 	 -2.831
14716 	 -2.73
14728 	 -3.143
14732 	 -3.284
14740 	 -3.623
14748 	 -3.881
14768 	 -3.668
14782 	 -3.785
14788 	 -3.593
14790 	 -3.551
14802 	 -3.429
14808 	 -3.339
14814 	 -3.29
14824 	 -2.85
14830 	 -1.984
14832 	 -1.937
14836 	 -1.931
14842 	 -2.046
14846 	 -2.114
14854 	 -2.04
14856 	 -1.926
14866 	 -1.994
14868 	 -2.049
14874 	 -1.913
14876 	 -1.84
14896 	 -1.826
14908 	 -1.699
14910 	 -1.743
14926 	 -1.746
14928 	 -1.658
14944 	 -1.548
14962 	 -1.249
14970 	 -1.265
15000 	 -1.786
15020 	 -1.671
15024 	 -1.808
15050 	 -2.445
15058 	 -2.384
15078 	 -2.834
15100 	 -2.824
15102 	 -2.815
15112 	 -3.087
15150 	 -3.066
15154 	 -3.055
15158 	 -3.12
15162 	 -3.163
15170 	 -3.209
15174 	 -3.163
15186 	 -2.867
15206 	 -2.853
15216 	 -2.955
15232 	 -2.765
15238 	 -2.931
15240 	 -2.903
15250 	 -2.899
15262 	 -2.697
15266 	 -2.667
15268 	 -2.581
15276 	 -2.424
15278 	 -2.42
15282 	 -2.287
15298 	 -2.114
15300 	 -1.944
15306 	 -1.966
15308 	 -1.986
15310 	 -2.022
15332 	 -2.173
15334 	 -2.32
15336 	 -2.622
15342 	 -2.619
15346 	 -2.593
15350 	 -2.571
15352 	 -2.659
15354 	 -2.746
15356 	 -2.917
15360 	 -2.914
15372 	 -2.493
15374 	 -2.114
15380 	 -2.109
15400 	 -1.434
15422 	 -1.089
15450 	 -1.08
15454 	 -0.951
15456 	 -0.82
15458 	 -0.689
15466 	 -0.541
15480 	 -0.445
15486 	 -0.259
15498 	 -0.203
15550 	 -0.166
15558 	 -0.131
15566 	 -0.1
15598 	 -0.082
15658 	 -0.079
15660 	 -0.076
15686 	 -0.07
15744 	 -0.059
15822 	 -0.054
15838 	 -0.053
15840 	 -0.043
15864 	 -0.039
15886 	 -0.038
15890 	 -0.037
15904 	 -0.029
15962 	 -0.026
15986 	 -0.023
15994 	 -0.022
16000 	 -0.02
16388 	 -0.014
16428 	 -0.013
18000 	 -2.128
18020 	 -2.254
18042 	 -2.798
18064 	 -2.972
18088 	 -2.474
18120 	 -1.992
18154 	 -2.912
18180 	 -2.648
18190 	 -3.374
18234 	 -4.404
18252 	 -4.388
18262 	 -4.015
18270 	 -3.369
18278 	 -3.327
18286 	 -3.233
18296 	 -4.495
18316 	 -4.525
18328 	 -5.013
18336 	 -4.779
18342 	 -4.865
18348 	 -4.471
18360 	 -4.096
18368 	 -3.484
18384 	 -3.512
18402 	 -2.644
18420 	 -1.376
18426 	 -1.2
18434 	 -0.964
18448 	 -0.284
18472 	 -0.224
18552 	 -0.024
18864 	 -0.008
19002 	 0
21000 	 -1.44
21001 	 -1.44
