0 	 0
3000 	 -1.376
3024 	 -1.496
3050 	 -1.88
3062 	 -2.472
3078 	 -3.176
3112 	 -3.62
3158 	 -3.808
3164 	 -3.728
3186 	 -2.828
3198 	 -2.688
3216 	 -1.912
3232 	 -1.736
3238 	 -1.364
3262 	 -0.608
3296 	 -0.264
3400 	 -0.024
3636 	 -0.008
3904 	 0
6000 	 -2.478
6020 	 -2.638
6042 	 -3.286
6064 	 -3.582
6088 	 -3.11
6120 	 -2.686
6138 	 -2.872
6154 	 -3.312
6180 	 -3.048
6190 	 -3.516
6198 	 -3.5
6234 	 -3.9
6284 	 -4.203
6296 	 -4.179
6346 	 -4.159
6360 	 -2.871
6374 	 -2.271
6376 	 -1.719
6424 	 -1.319
6444 	 -0.761
6504 	 -0.637
6506 	 -0.613
6552 	 -0.501
6634 	 -0.359
6704 	 -0.331
6710 	 -0.307
6726 	 -0.295
6728 	 -0.267
6782 	 -0.263
6894 	 -0.165
6990 	 -0.145
6994 	 -0.125
7002 	 -0.093
7272 	 -0.089
7278 	 -0.085
7290 	 -0.073
7324 	 -0.025
9000 	 -1.433
9024 	 -1.537
9050 	 -2.497
9078 	 -3.177
9112 	 -3.761
9158 	 -3.713
9162 	 -3.797
9174 	 -3.705
9186 	 -2.857
9216 	 -3.589
9232 	 -3.413
9238 	 -3.801
9262 	 -1.973
9268 	 -1.305
9298 	 -0.417
9304 	 -0.413
9306 	 -0.409
9334 	 -0.277
9400 	 -0.025
9660 	 -0.009
9904 	 -0.001
12000 	 -2.54
12002 	 -2.421
12004 	 -2.772
12006 	 -3.911
12010 	 -5.529
12016 	 -6.118
12018 	 -6.176
12020 	 -6.292
12028 	 -6.426
12030 	 -6.494
12032 	 -6.46
12034 	 -6.499
12040 	 -6.27
12042 	 -6.746
12054 	 -6.257
12064 	 -6.333
12072 	 -6.364
12074 	 -5.885
12082 	 -5.965
12088 	 -5.353
12102 	 -5.237
12112 	 -5.309
12120 	 -4.781
12140 	 -5.046
12148 	 -5.212
12154 	 -6.248
12156 	 -6.5
12164 	 -6.39
12180 	 -6.675
12186 	 -6.977
12190 	 -7.293
12192 	 -7.431
12212 	 -8.475
12226 	 -8.822
12228 	 -8.981
12234 	 -10.363
12236 	 -10.952
12252 	 -10.312
12260 	 -9.995
12270 	 -10.122
12274 	 -8.87
12282 	 -8.742
12286 	 -8.837
12290 	 -8.565
12296 	 -8.961
12304 	 -8.917
12310 	 -9.053
12324 	 -8.449
12332 	 -8.481
12338 	 -8.229
12344 	 -7.433
12350 	 -7.414
12352 	 -7.639
12358 	 -6.951
12360 	 -5.999
12374 	 -6.002
12376 	 -5.989
12382 	 -5.981
12390 	 -5.919
12398 	 -5.914
12404 	 -5.642
12406 	 -5.524
12412 	 -5.213
12420 	 -5.202
12432 	 -4.887
12436 	 -5.333
12446 	 -5.295
12448 	 -5.362
12452 	 -5.266
12460 	 -5.183
12466 	 -5.938
12470 	 -5.839
12478 	 -5.816
12480 	 -5.7
12486 	 -5.859
12488 	 -5.925
12494 	 -5.886
12512 	 -6.17
12520 	 -6.14
12522 	 -6.076
12542 	 -6.307
12548 	 -6.296
12552 	 -6.176
12574 	 -6.787
12590 	 -6.776
12592 	 -6.597
12624 	 -6.806
12630 	 -7.163
12638 	 -7.159
12640 	 -7.102
12648 	 -7.086
12656 	 -6.996
12658 	 -6.981
12668 	 -7.017
12672 	 -7.063
12674 	 -7.127
12698 	 -7.07
12702 	 -7.063
12710 	 -7.059
12716 	 -7.056
12722 	 -7.008
12728 	 -6.867
12732 	 -6.893
12736 	 -6.29
12746 	 -6.128
12750 	 -6.034
12758 	 -6.032
12762 	 -6.006
12768 	 -6.131
12774 	 -6.12
12780 	 -6.539
12790 	 -6.828
12792 	 -6.691
12798 	 -6.681
12802 	 -6.635
12804 	 -6.776
12814 	 -6.925
12818 	 -6.846
12828 	 -6.811
12832 	 -6.614
12848 	 -6.347
12852 	 -6.311
12872 	 -6.11
12908 	 -5.617
12916 	 -5.543
12918 	 -5.404
12920 	 -5.314
12930 	 -5.473
12936 	 -5.413
12940 	 -5.447
12954 	 -5.375
12964 	 -5.615
12972 	 -5.436
12982 	 -5.054
12986 	 -5.028
12996 	 -5.012
13004 	 -5.067
13006 	 -5.077
13008 	 -5.118
13010 	 -5.135
13012 	 -5.056
13026 	 -4.956
13028 	 -4.915
13034 	 -4.807
13036 	 -5.173
13042 	 -5.133
13050 	 -5.148
13052 	 -5.122
13054 	 -5.395
13056 	 -5.365
13060 	 -5.36
13068 	 -5.917
13082 	 -5.909
13090 	 -6.12
13094 	 -5.987
13096 	 -6.124
13102 	 -6.197
13104 	 -6.141
13114 	 -5.861
13122 	 -5.804
13124 	 -6.454
13126 	 -6.453
13132 	 -6.737
13134 	 -6.53
13146 	 -6.545
13156 	 -6.294
13158 	 -6.218
13164 	 -5.972
13168 	 -6.063
13174 	 -6.058
13184 	 -6.14
13192 	 -5.871
13194 	 -5.722
13198 	 -5.632
13202 	 -5.536
13204 	 -5.509
13206 	 -5.638
13210 	 -5.703
13212 	 -5.794
13218 	 -5.93
13220 	 -5.871
13224 	 -5.869
13246 	 -5.8
13248 	 -5.339
13250 	 -5.017
13256 	 -4.92
13262 	 -4.894
13268 	 -4.884
13270 	 -4.879
13274 	 -4.879
13280 	 -5.017
13290 	 -4.898
13304 	 -5.447
13310 	 -5.45
13316 	 -5.52
13320 	 -5.729
13328 	 -5.695
13340 	 -5.611
13354 	 -5.646
13364 	 -5.393
13366 	 -5.443
13370 	 -5.498
13372 	 -5.486
13374 	 -5.452
13376 	 -5.403
13384 	 -5.292
13388 	 -5.286
13390 	 -5.3
13396 	 -5.091
13398 	 -5.033
13400 	 -5.038
13402 	 -5.172
13414 	 -5.174
13416 	 -5.081
13418 	 -4.944
13428 	 -4.748
13430 	 -4.739
13432 	 -4.849
13438 	 -4.622
13442 	 -4.501
13448 	 -4.479
13452 	 -4.41
13454 	 -4.395
13468 	 -4.378
13474 	 -4.295
13476 	 -4.316
13484 	 -4.44
13492 	 -4.432
13494 	 -4.386
13500 	 -4.481
13504 	 -4.358
13508 	 -4.424
13514 	 -4.415
13518 	 -4.491
13528 	 -4.442
13540 	 -4.361
13542 	 -4.357
13544 	 -4.426
13548 	 -4.531
13550 	 -4.51
13560 	 -4.254
13564 	 -4.249
13566 	 -4.132
13590 	 -4.266
13604 	 -4.144
13648 	 -2.87
13666 	 -2.879
13670 	 -2.85
13678 	 -2.941
13684 	 -2.795
13688 	 -2.851
13696 	 -2.812
13706 	 -2.783
13708 	 -2.661
13718 	 -2.519
13720 	 -2.585
13740 	 -2.567
13742 	 -2.604
13744 	 -2.56
13750 	 -2.574
13760 	 -2.554
13766 	 -2.54
13768 	 -2.378
13772 	 -2.344
13786 	 -2.344
13788 	 -2.313
13802 	 -2.255
13804 	 -1.843
13820 	 -1.837
13822 	 -1.675
13834 	 -1.575
13836 	 -1.53
13848 	 -1.493
13852 	 -1.488
13858 	 -1.487
13864 	 -1.486
13870 	 -1.676
13872 	 -1.707
13878 	 -1.607
13884 	 -1.544
13888 	 -1.531
13900 	 -1.508
13902 	 -1.455
13912 	 -1.23
13916 	 -1.2
13926 	 -1.199
13930 	 -1.22
13938 	 -1.287
13942 	 -1.278
13948 	 -1.167
13954 	 -1.166
13964 	 -1.1
13986 	 -1.04
14002 	 -1.021
14006 	 -1.003
14008 	 -1
14012 	 -0.967
14020 	 -0.887
14024 	 -0.862
14032 	 -0.91
14036 	 -0.903
14048 	 -0.84
14058 	 -0.835
14072 	 -0.833
14084 	 -0.832
14088 	 -0.856
14116 	 -0.855
14120 	 -0.852
14122 	 -0.93
14136 	 -0.803
14144 	 -0.771
14156 	 -0.556
14172 	 -0.539
14198 	 -0.297
14212 	 -0.295
14222 	 -0.254
14228 	 -0.248
14264 	 -0.228
14284 	 -0.208
14292 	 -0.19
14294 	 -0.189
14318 	 -0.187
14326 	 -0.186
14344 	 -0.185
14378 	 -0.145
14382 	 -0.141
14480 	 -0.139
14538 	 -0.131
14570 	 -0.13
15000 	 -1.406
15024 	 -1.537
15050 	 -2.047
15078 	 -2.37
15112 	 -2.407
15158 	 -2.297
15162 	 -2.318
15174 	 -2.294
15186 	 -1.819
15216 	 -1.639
15222 	 -1.636
15232 	 -1.46
15238 	 -1.524
15262 	 -1.014
15268 	 -0.928
15282 	 -0.796
15298 	 -0.622
15310 	 -0.643
15336 	 -0.792
15342 	 -0.789
15346 	 -0.763
15356 	 -0.848
15372 	 -0.844
15374 	 -0.654
15400 	 -0.374
15422 	 -0.294
15456 	 -0.163
15470 	 -0.158
15486 	 -0.06
15558 	 -0.025
15660 	 -0.022
15864 	 -0.018
15888 	 -0.015
15904 	 -0.007
16436 	 -0.006
18000 	 -2.128
18020 	 -2.218
18042 	 -2.634
18064 	 -2.645
18088 	 -2.004
18120 	 -1.385
18154 	 -1.72
18180 	 -1.456
18190 	 -1.58
18234 	 -1.88
18252 	 -1.872
18262 	 -1.779
18270 	 -1.456
18278 	 -1.435
18286 	 -1.388
18296 	 -1.589
18316 	 -1.604
18328 	 -1.726
18336 	 -1.609
18342 	 -1.622
18348 	 -1.425
18360 	 -1.099
18368 	 -0.946
18384 	 -0.953
18402 	 -0.698
18420 	 -0.381
18426 	 -0.337
18434 	 -0.278
18448 	 -0.108
18472 	 -0.093
18552 	 -0.008
18864 	 -0.004
19002 	 0
21000 	 -1.44
21001 	 -1.44
