0 	 0
3000 	 -1.376
3024 	 -1.496
3050 	 -1.88
3062 	 -2.472
3078 	 -3.176
3112 	 -3.62
3158 	 -3.808
3164 	 -3.728
3186 	 -2.828
3198 	 -2.688
3216 	 -1.912
3232 	 -1.736
3238 	 -1.364
3262 	 -0.608
3296 	 -0.264
3400 	 -0.024
3636 	 -0.008
3904 	 0
6000 	 -2.478
6020 	 -2.638
6042 	 -3.286
6064 	 -3.582
6088 	 -3.11
6120 	 -2.686
6138 	 -2.872
6154 	 -3.312
6180 	 -3.048
6190 	 -3.516
6198 	 -3.5
6234 	 -3.9
6284 	 -4.203
6296 	 -4.179
6346 	 -4.159
6360 	 -2.871
6374 	 -2.271
6376 	 -1.719
6424 	 -1.319
6444 	 -0.761
6504 	 -0.637
6506 	 -0.613
6552 	 -0.501
6634 	 -0.359
6704 	 -0.331
6710 	 -0.307
6726 	 -0.295
6728 	 -0.267
6782 	 -0.263
6894 	 -0.165
6990 	 -0.145
6994 	 -0.125
7002 	 -0.093
7272 	 -0.089
7278 	 -0.085
7290 	 -0.073
7324 	 -0.025
9000 	 -1.433
9024 	 -1.537
9050 	 -2.497
9078 	 -3.177
9112 	 -3.761
9158 	 -3.713
9162 	 -3.797
9174 	 -3.705
9186 	 -2.857
9216 	 -3.589
9232 	 -3.413
9238 	 -3.801
9262 	 -1.973
9268 	 -1.305
9298 	 -0.417
9304 	 -0.413
9306 	 -0.409
9334 	 -0.277
9400 	 -0.025
9660 	 -0.009
9904 	 -0.001
12000 	 -2.54
12002 	 -2.421
12004 	 -2.852
12006 	 -3.991
12008 	 -4.819
12010 	 -6.437
12012 	 -6.863
12016 	 -7.452
12018 	 -7.51
12020 	 -7.846
12028 	 -7.98
12030 	 -8.048
12032 	 -8.014
12034 	 -8.053
12040 	 -7.93
12042 	 -8.406
12054 	 -7.917
12064 	 -7.993
12070 	 -8.176
12072 	 -8.207
12074 	 -7.728
12082 	 -7.821
12086 	 -8.017
12088 	 -7.405
12098 	 -7.475
12100 	 -7.452
12102 	 -7.336
12112 	 -7.408
12120 	 -6.88
12130 	 -6.834
12132 	 -7.131
12140 	 -7.396
12148 	 -7.562
12154 	 -8.598
12156 	 -8.923
12164 	 -8.813
12178 	 -8.955
12180 	 -9.44
12186 	 -9.794
12190 	 -10.11
12200 	 -10.186
12206 	 -10.299
12212 	 -11.343
12226 	 -11.695
12228 	 -11.854
12230 	 -12.114
12234 	 -13.496
12236 	 -13.62
12252 	 -12.98
12254 	 -12.879
12256 	 -13.021
12260 	 -12.747
12264 	 -13.124
12270 	 -13.251
12272 	 -13.25
12274 	 -11.998
12282 	 -11.841
12286 	 -11.721
12290 	 -11.449
12296 	 -11.845
12304 	 -11.615
12310 	 -11.751
12312 	 -11.716
12320 	 -11.927
12324 	 -11.745
12328 	 -11.813
12332 	 -11.845
12338 	 -11.593
12340 	 -11.614
12344 	 -10.818
12350 	 -10.803
12354 	 -10.811
12358 	 -10.109
12360 	 -9.157
12372 	 -9.142
12374 	 -9.145
12376 	 -9.141
12380 	 -9.198
12382 	 -9.131
12386 	 -9.144
12390 	 -9.082
12392 	 -9.126
12394 	 -8.959
12398 	 -8.954
12404 	 -8.682
12406 	 -8.564
12410 	 -8.625
12412 	 -8.314
12414 	 -8.303
12420 	 -8.292
12432 	 -8.028
12436 	 -8.474
12438 	 -8.037
12444 	 -8.122
12452 	 -7.992
12456 	 -7.945
12460 	 -7.862
12464 	 -7.967
12466 	 -8.424
12470 	 -8.325
12474 	 -7.983
12478 	 -7.96
12480 	 -7.844
12488 	 -7.826
12494 	 -7.787
12502 	 -7.879
12508 	 -7.938
12512 	 -7.825
12516 	 -7.732
12520 	 -7.702
12522 	 -7.638
12530 	 -7.462
12538 	 -7.673
12540 	 -7.53
12548 	 -7.505
12550 	 -7.403
12552 	 -7.853
12564 	 -7.847
12566 	 -7.866
12568 	 -7.724
12574 	 -8.673
12576 	 -8.653
12578 	 -8.648
12590 	 -8.607
12592 	 -8.428
12594 	 -8.396
12604 	 -8.391
12622 	 -8.351
12624 	 -7.466
12630 	 -7.833
12638 	 -7.829
12640 	 -7.772
12648 	 -7.5
12654 	 -7.494
12658 	 -7.479
12664 	 -7.407
12666 	 -7.524
12668 	 -7.56
12672 	 -7.548
12690 	 -7.346
12692 	 -7.264
12694 	 -7.39
12698 	 -7.383
12710 	 -7.379
12714 	 -7.353
12716 	 -6.957
12732 	 -6.983
12736 	 -6.61
12754 	 -6.511
12758 	 -6.509
12760 	 -6.458
12768 	 -6.615
12774 	 -6.604
12784 	 -6.562
12790 	 -6.541
12796 	 -6.684
12798 	 -6.674
12804 	 -6.794
12812 	 -7.948
12826 	 -8.272
12828 	 -8.237
12836 	 -8.094
12858 	 -7.971
12864 	 -7.471
12874 	 -7.464
12876 	 -7.308
12880 	 -7.305
12884 	 -7.328
12890 	 -7.367
12894 	 -7.355
12900 	 -7.811
12908 	 -7.037
12912 	 -7.214
12916 	 -7.14
12918 	 -6.979
12920 	 -6.889
12928 	 -6.738
12936 	 -6.743
12940 	 -6.629
12942 	 -6.462
12954 	 -6.24
12956 	 -5.971
12964 	 -6.029
12966 	 -5.979
12970 	 -5.974
12972 	 -5.795
12982 	 -5.712
12984 	 -5.717
12986 	 -5.652
12988 	 -5.483
12990 	 -5.48
12996 	 -5.486
13000 	 -5.461
13004 	 -5.311
13006 	 -5.321
13008 	 -5.307
13010 	 -5.324
13012 	 -5.374
13022 	 -5.222
13024 	 -5.42
13028 	 -5.379
13032 	 -5.346
13034 	 -5.342
13038 	 -5.268
13040 	 -5.362
13042 	 -5.318
13046 	 -5.598
13052 	 -5.572
13054 	 -5.677
13056 	 -5.499
13062 	 -5.776
13068 	 -5.656
13072 	 -5.549
13076 	 -5.691
13080 	 -5.607
13082 	 -5.731
13086 	 -5.658
13088 	 -5.752
13090 	 -5.74
13094 	 -5.742
13096 	 -6.134
13102 	 -6.129
13106 	 -5.958
13110 	 -5.939
13114 	 -5.918
13124 	 -5.772
13126 	 -5.771
13138 	 -6.248
13152 	 -5.849
13154 	 -5.805
13158 	 -5.729
13170 	 -5.759
13172 	 -5.681
13186 	 -5.582
13206 	 -4.196
13212 	 -4.384
13224 	 -4.382
13226 	 -4.434
13228 	 -4.529
13230 	 -4.442
13232 	 -4.41
13236 	 -4.459
13246 	 -4.39
13248 	 -4.158
13250 	 -4.063
13254 	 -4.36
13256 	 -4.413
13258 	 -4.411
13262 	 -4.385
13266 	 -4.285
13268 	 -4.275
13270 	 -4.27
13280 	 -4.671
13284 	 -4.75
13286 	 -4.701
13288 	 -4.72
13290 	 -4.703
13302 	 -5.052
13322 	 -5.209
13324 	 -5.173
13328 	 -5.139
13340 	 -5.117
13366 	 -5.217
13368 	 -5.166
13372 	 -5.154
13374 	 -5.348
13384 	 -5.237
13388 	 -5.266
13390 	 -5.311
13398 	 -5.761
13406 	 -5.688
13410 	 -5.655
13426 	 -5.612
13436 	 -5.589
13444 	 -5.342
13446 	 -5.231
13452 	 -5.218
13454 	 -5.203
13462 	 -5.17
13470 	 -5.214
13474 	 -5.202
13476 	 -5.178
13484 	 -5.355
13494 	 -5.32
13496 	 -5.307
13506 	 -5.249
13514 	 -5.326
13516 	 -5.406
13532 	 -5.643
13534 	 -5.663
13540 	 -5.722
13542 	 -5.718
13548 	 -5.711
13550 	 -5.774
13564 	 -5.786
13586 	 -5.761
13588 	 -5.898
13590 	 -5.95
13600 	 -5.938
13604 	 -5.813
13614 	 -5.804
13620 	 -5.801
13648 	 -3.762
13670 	 -3.851
13676 	 -3.843
13682 	 -3.814
13696 	 -3.775
13700 	 -3.753
13702 	 -3.955
13704 	 -4.03
13708 	 -4.026
13714 	 -4.033
13722 	 -4.135
13726 	 -4.134
13732 	 -4.211
13740 	 -4.264
13742 	 -4.231
13744 	 -4.137
13754 	 -3.993
13760 	 -3.973
13766 	 -3.959
13778 	 -3.953
13784 	 -4.023
13786 	 -4.104
13788 	 -4.226
13800 	 -4.222
13804 	 -3.741
13808 	 -3.568
13820 	 -3.562
13828 	 -3.488
13840 	 -3.474
13848 	 -3.473
13850 	 -3.585
13854 	 -3.714
13858 	 -3.667
13862 	 -3.776
13872 	 -3.784
13878 	 -3.684
13884 	 -3.664
13894 	 -3.426
13896 	 -3.458
13898 	 -3.216
13900 	 -3.114
13902 	 -3.061
13906 	 -3.146
13910 	 -3.13
13912 	 -3.124
13920 	 -3.111
13924 	 -3.113
13926 	 -3.06
13942 	 -3.028
13944 	 -2.823
13946 	 -2.707
13948 	 -2.235
13950 	 -2.224
13956 	 -2.278
13964 	 -2.271
13966 	 -2.259
13982 	 -2.204
13984 	 -2.075
13990 	 -1.982
14002 	 -1.918
14008 	 -1.609
14012 	 -1.601
14024 	 -1.351
14026 	 -1.349
14030 	 -1.22
14036 	 -1.166
14038 	 -1.133
14048 	 -1.073
14058 	 -1.068
14070 	 -1.001
14072 	 -0.947
14074 	 -0.917
14078 	 -0.898
14080 	 -0.89
14086 	 -0.812
14100 	 -0.806
14102 	 -0.773
14104 	 -0.713
14112 	 -0.688
14120 	 -0.685
14124 	 -0.574
14128 	 -0.573
14136 	 -0.446
14144 	 -0.437
14146 	 -0.429
14162 	 -0.399
14168 	 -0.365
14172 	 -0.348
14182 	 -0.347
14212 	 -0.345
14216 	 -0.324
14218 	 -0.316
14224 	 -0.314
14230 	 -0.31
14244 	 -0.228
14290 	 -0.217
14318 	 -0.215
14326 	 -0.214
14354 	 -0.21
14366 	 -0.203
14374 	 -0.202
14378 	 -0.162
14414 	 -0.159
14576 	 -0.154
14604 	 -0.152
15000 	 -1.412
15024 	 -1.572
15050 	 -2.459
15078 	 -3.177
15112 	 -3.811
15158 	 -3.798
15162 	 -3.881
15174 	 -3.787
15186 	 -2.969
15216 	 -3.837
15222 	 -3.834
15232 	 -3.658
15238 	 -3.987
15262 	 -2.377
15268 	 -2.029
15282 	 -1.501
15298 	 -0.808
15310 	 -0.829
15336 	 -0.978
15342 	 -0.975
15346 	 -0.871
15356 	 -0.956
15372 	 -0.952
15374 	 -0.762
15400 	 -0.383
15422 	 -0.303
15456 	 -0.172
15470 	 -0.167
15486 	 -0.07
15558 	 -0.035
15660 	 -0.023
15746 	 -0.022
15864 	 -0.018
15888 	 -0.015
15904 	 -0.007
16272 	 -0.006
18000 	 -2.128
18020 	 -2.245
18042 	 -2.757
18064 	 -2.897
18088 	 -2.325
18120 	 -1.703
18154 	 -3.064
18180 	 -2.8
18190 	 -3.515
18234 	 -5.114
18252 	 -5.082
18262 	 -4.989
18270 	 -3.697
18278 	 -3.613
18286 	 -3.425
18296 	 -3.59
18316 	 -3.65
18328 	 -3.772
18336 	 -3.304
18342 	 -3.266
18348 	 -2.478
18360 	 -1.405
18368 	 -1.252
18384 	 -1.259
18402 	 -0.776
18420 	 -0.459
18426 	 -0.415
18434 	 -0.356
18448 	 -0.186
18472 	 -0.171
18552 	 -0.02
18864 	 -0.016
19002 	 0
21000 	 -1.44
21001 	 -1.44
