0 	 0
3000 	 -1.376
3024 	 -1.496
3050 	 -1.88
3062 	 -2.472
3078 	 -3.176
3112 	 -3.62
3158 	 -3.808
3164 	 -3.728
3186 	 -2.828
3198 	 -2.688
3216 	 -1.912
3232 	 -1.736
3238 	 -1.364
3262 	 -0.608
3296 	 -0.264
3400 	 -0.024
3636 	 -0.008
3904 	 0
6000 	 -2.478
6020 	 -2.638
6042 	 -3.286
6064 	 -3.582
6088 	 -3.11
6120 	 -2.686
6138 	 -2.872
6154 	 -3.312
6180 	 -3.048
6190 	 -3.516
6198 	 -3.5
6234 	 -3.9
6284 	 -4.203
6296 	 -4.179
6346 	 -4.159
6360 	 -2.871
6374 	 -2.271
6376 	 -1.719
6424 	 -1.319
6444 	 -0.761
6504 	 -0.637
6506 	 -0.613
6552 	 -0.501
6634 	 -0.359
6704 	 -0.331
6710 	 -0.307
6726 	 -0.295
6728 	 -0.267
6782 	 -0.263
6894 	 -0.165
6990 	 -0.145
6994 	 -0.125
7002 	 -0.093
7272 	 -0.089
7278 	 -0.085
7290 	 -0.073
7324 	 -0.025
9000 	 -1.433
9024 	 -1.537
9050 	 -2.497
9078 	 -3.177
9112 	 -3.761
9158 	 -3.713
9162 	 -3.797
9174 	 -3.705
9186 	 -2.857
9216 	 -3.589
9232 	 -3.413
9238 	 -3.801
9262 	 -1.973
9268 	 -1.305
9298 	 -0.417
9304 	 -0.413
9306 	 -0.409
9334 	 -0.277
9400 	 -0.025
9660 	 -0.009
9904 	 -0.001
12000 	 -2.54
12002 	 -2.421
12004 	 -2.852
12006 	 -3.991
12008 	 -4.819
12010 	 -6.437
12012 	 -6.863
12016 	 -7.452
12018 	 -7.51
12020 	 -7.846
12028 	 -7.98
12030 	 -8.048
12032 	 -8.014
12034 	 -8.053
12040 	 -7.93
12042 	 -8.406
12054 	 -7.917
12064 	 -7.993
12070 	 -8.177
12072 	 -8.208
12074 	 -7.729
12082 	 -7.822
12086 	 -8.018
12088 	 -7.406
12098 	 -7.476
12100 	 -7.459
12102 	 -7.343
12112 	 -7.415
12120 	 -6.887
12130 	 -6.681
12132 	 -6.978
12140 	 -7.243
12148 	 -7.409
12154 	 -8.445
12156 	 -8.77
12160 	 -9.128
12164 	 -9.018
12178 	 -9.096
12180 	 -9.581
12186 	 -9.883
12190 	 -10.199
12198 	 -10.177
12200 	 -10.253
12206 	 -10.376
12212 	 -11.42
12226 	 -11.772
12228 	 -11.931
12230 	 -11.983
12234 	 -13.365
12236 	 -13.483
12246 	 -13.785
12252 	 -13.145
12254 	 -13.044
12256 	 -13.117
12260 	 -12.843
12270 	 -12.97
12272 	 -12.969
12274 	 -11.717
12276 	 -11.74
12282 	 -11.583
12286 	 -11.673
12290 	 -11.401
12296 	 -11.797
12304 	 -11.753
12310 	 -12.391
12314 	 -12.271
12324 	 -11.667
12328 	 -11.967
12332 	 -11.999
12334 	 -11.914
12338 	 -11.662
12344 	 -10.866
12350 	 -10.838
12354 	 -10.826
12358 	 -10.035
12360 	 -9.083
12362 	 -9.365
12374 	 -9.368
12376 	 -9.267
12380 	 -9.449
12382 	 -9.4
12386 	 -9.328
12388 	 -9.32
12390 	 -9.258
12392 	 -9.318
12398 	 -9.313
12400 	 -9.396
12404 	 -9.046
12406 	 -8.928
12412 	 -8.617
12420 	 -8.606
12432 	 -8.636
12436 	 -9.079
12438 	 -8.637
12444 	 -8.696
12452 	 -8.566
12456 	 -8.752
12460 	 -8.669
12462 	 -8.648
12464 	 -8.609
12466 	 -9.066
12470 	 -8.967
12476 	 -9.065
12478 	 -9.042
12480 	 -8.926
12488 	 -8.892
12494 	 -8.853
12502 	 -8.588
12506 	 -8.584
12512 	 -8.512
12516 	 -8.5
12520 	 -8.47
12522 	 -8.406
12530 	 -8.47
12534 	 -8.425
12538 	 -8.495
12548 	 -8.484
12550 	 -8.475
12552 	 -8.355
12562 	 -8.717
12566 	 -8.736
12568 	 -8.71
12574 	 -9.382
12576 	 -9.378
12590 	 -9.337
12592 	 -9.262
12602 	 -8.924
12604 	 -8.919
12614 	 -8.908
12624 	 -8.408
12630 	 -8.752
12638 	 -8.742
12640 	 -8.685
12648 	 -8.614
12652 	 -8.552
12658 	 -8.537
12664 	 -8.483
12666 	 -8.433
12668 	 -8.469
12690 	 -8.342
12704 	 -8.434
12710 	 -8.393
12714 	 -8.359
12716 	 -8.101
12732 	 -8.127
12736 	 -7.656
12750 	 -7.63
12752 	 -7.572
12758 	 -7.498
12760 	 -7.446
12768 	 -7.627
12774 	 -7.616
12776 	 -7.606
12784 	 -7.276
12798 	 -7.266
12800 	 -7.326
12802 	 -7.297
12804 	 -7.398
12806 	 -7.607
12814 	 -8.277
12820 	 -8.588
12828 	 -8.553
12834 	 -8.7
12836 	 -8.284
12858 	 -8.161
12860 	 -7.836
12864 	 -7.779
12874 	 -7.771
12878 	 -7.562
12886 	 -7.647
12896 	 -8.199
12902 	 -7.975
12908 	 -6.598
12912 	 -6.987
12916 	 -6.913
12918 	 -6.889
12920 	 -6.799
12922 	 -6.697
12926 	 -6.668
12930 	 -6.651
12932 	 -6.745
12942 	 -6.578
12948 	 -6.151
12952 	 -6.075
12954 	 -6.003
12960 	 -5.752
12968 	 -5.819
12970 	 -5.961
12972 	 -5.782
12976 	 -5.854
12980 	 -5.835
12982 	 -5.752
12986 	 -5.58
12988 	 -5.485
12990 	 -5.482
12996 	 -5.471
13004 	 -5.363
13006 	 -5.345
13008 	 -5.331
13010 	 -5.348
13014 	 -5.545
13024 	 -5.507
13028 	 -5.473
13032 	 -5.44
13034 	 -5.432
13042 	 -5.392
13048 	 -5.579
13052 	 -5.553
13056 	 -5.523
13060 	 -6.027
13066 	 -5.882
13068 	 -5.763
13072 	 -5.656
13080 	 -5.65
13082 	 -5.642
13086 	 -5.371
13088 	 -5.369
13094 	 -5.236
13098 	 -5.254
13102 	 -5.249
13108 	 -5.023
13110 	 -5.052
13112 	 -5.044
13114 	 -5.023
13124 	 -4.893
13126 	 -4.892
13132 	 -4.825
13134 	 -4.892
13144 	 -4.873
13150 	 -4.628
13154 	 -4.643
13158 	 -4.579
13174 	 -4.413
13180 	 -4.088
13182 	 -4.087
13206 	 -3.874
13224 	 -3.872
13226 	 -3.871
13232 	 -3.702
13240 	 -3.698
13246 	 -3.629
13248 	 -3.386
13250 	 -3.291
13258 	 -3.289
13262 	 -3.263
13268 	 -3.364
13270 	 -3.359
13278 	 -3.463
13290 	 -3.446
13310 	 -3.354
13318 	 -3.431
13328 	 -3.397
13340 	 -3.358
13352 	 -3.385
13362 	 -3.371
13366 	 -3.53
13372 	 -3.518
13378 	 -3.584
13384 	 -3.514
13388 	 -3.508
13398 	 -3.45
13402 	 -3.414
13416 	 -3.503
13420 	 -3.203
13440 	 -3.077
13444 	 -3.071
13446 	 -2.949
13454 	 -2.938
13468 	 -2.919
13470 	 -2.878
13474 	 -2.866
13476 	 -2.862
13484 	 -3.015
13498 	 -2.943
13514 	 -2.934
13542 	 -2.93
13544 	 -2.816
13552 	 -2.81
13586 	 -2.842
13604 	 -2.72
13614 	 -2.694
13638 	 -2.679
13648 	 -1.744
13670 	 -1.741
13672 	 -1.707
13696 	 -1.668
13700 	 -1.626
13702 	 -1.625
13710 	 -1.862
13726 	 -1.861
13744 	 -1.766
13756 	 -1.759
13760 	 -1.739
13762 	 -1.736
13766 	 -1.731
13804 	 -1.377
13820 	 -1.371
13828 	 -1.366
13832 	 -1.348
13836 	 -1.628
13866 	 -1.835
13878 	 -1.735
13884 	 -1.734
13900 	 -1.726
13902 	 -1.673
13904 	 -1.669
13912 	 -1.663
13916 	 -1.617
13918 	 -1.611
13920 	 -1.589
13934 	 -1.602
13936 	 -1.575
13942 	 -1.566
13968 	 -1.608
13980 	 -1.681
13984 	 -1.657
13986 	 -1.623
14006 	 -1.622
14008 	 -1.616
14038 	 -1.603
14046 	 -1.598
14048 	 -1.546
14054 	 -1.392
14058 	 -1.387
14084 	 -1.418
14090 	 -1.375
14108 	 -1.486
14120 	 -1.485
14136 	 -1.358
14138 	 -1.339
14140 	 -1.337
14146 	 -1.333
14148 	 -1.431
14196 	 -1.277
14212 	 -1.275
14222 	 -1.33
14230 	 -1.325
14246 	 -1.364
14258 	 -1.351
14260 	 -1.356
14286 	 -1.432
14296 	 -1.437
14310 	 -1.399
14318 	 -1.397
14326 	 -1.396
14328 	 -1.483
14336 	 -1.401
14340 	 -1.481
14358 	 -1.377
14362 	 -1.349
14368 	 -1.477
14378 	 -1.445
14392 	 -1.443
14396 	 -1.306
14398 	 -1.154
14414 	 -1.068
14418 	 -1.154
14422 	 -1.126
14424 	 -0.962
14436 	 -0.902
14440 	 -0.866
14456 	 -0.847
14458 	 -0.795
14460 	 -0.761
14472 	 -0.734
14474 	 -0.685
14478 	 -0.698
14486 	 -0.66
14500 	 -0.649
14530 	 -0.634
14540 	 -0.622
14542 	 -0.582
14576 	 -0.752
14580 	 -0.744
14598 	 -0.729
14612 	 -0.606
14644 	 -0.491
14646 	 -0.478
14660 	 -0.441
14676 	 -0.376
14690 	 -0.364
14704 	 -0.218
14730 	 -0.203
14734 	 -0.198
14748 	 -0.179
14788 	 -0.173
14846 	 -0.166
14872 	 -0.157
15000 	 -1.416
15024 	 -1.563
15050 	 -2.186
15078 	 -2.641
15112 	 -2.886
15158 	 -2.934
15162 	 -2.979
15174 	 -2.933
15186 	 -2.598
15198 	 -2.596
15216 	 -2.715
15222 	 -2.714
15232 	 -2.538
15238 	 -2.66
15262 	 -2.182
15266 	 -2.124
15276 	 -1.822
15300 	 -1.475
15310 	 -1.535
15336 	 -1.984
15342 	 -1.981
15350 	 -1.959
15356 	 -2.215
15372 	 -2.211
15374 	 -1.626
15400 	 -1.07
15422 	 -0.832
15456 	 -0.434
15470 	 -0.429
15486 	 -0.145
15558 	 -0.049
15658 	 -0.046
15660 	 -0.042
15708 	 -0.024
15746 	 -0.023
15864 	 -0.02
15888 	 -0.017
15904 	 -0.009
15924 	 -0.008
16270 	 -0.007
18000 	 -2.128
18020 	 -2.245
18042 	 -2.757
18064 	 -2.891
18088 	 -2.353
18120 	 -1.825
18154 	 -2.664
18180 	 -2.4
18190 	 -2.991
18234 	 -3.922
18252 	 -3.906
18262 	 -3.627
18270 	 -2.981
18278 	 -2.939
18286 	 -2.845
18296 	 -3.748
18316 	 -3.778
18328 	 -4.144
18336 	 -3.91
18342 	 -3.966
18348 	 -3.572
18360 	 -3.131
18368 	 -2.672
18384 	 -2.693
18402 	 -2.004
18420 	 -1.053
18426 	 -0.921
18434 	 -0.744
18448 	 -0.234
18472 	 -0.189
18552 	 -0.02
18864 	 -0.008
19002 	 0
21000 	 -1.44
21001 	 -1.44
