0 	 0
3000 	 -1.376
3024 	 -1.496
3050 	 -1.88
3062 	 -2.472
3078 	 -3.176
3112 	 -3.62
3158 	 -3.808
3164 	 -3.728
3186 	 -2.828
3198 	 -2.688
3216 	 -1.912
3232 	 -1.736
3238 	 -1.364
3262 	 -0.608
3296 	 -0.264
3400 	 -0.024
3636 	 -0.008
3904 	 0
6000 	 -2.478
6020 	 -2.638
6042 	 -3.286
6064 	 -3.582
6088 	 -3.11
6120 	 -2.686
6138 	 -2.872
6154 	 -3.312
6180 	 -3.048
6190 	 -3.516
6198 	 -3.5
6234 	 -3.9
6284 	 -4.203
6296 	 -4.179
6346 	 -4.159
6360 	 -2.871
6374 	 -2.271
6376 	 -1.719
6424 	 -1.319
6444 	 -0.761
6504 	 -0.637
6506 	 -0.613
6552 	 -0.501
6634 	 -0.359
6704 	 -0.331
6710 	 -0.307
6726 	 -0.295
6728 	 -0.267
6782 	 -0.263
6894 	 -0.165
6990 	 -0.145
6994 	 -0.125
7002 	 -0.093
7272 	 -0.089
7278 	 -0.085
7290 	 -0.073
7324 	 -0.025
9000 	 -1.433
9024 	 -1.537
9050 	 -2.497
9078 	 -3.177
9112 	 -3.761
9158 	 -3.713
9162 	 -3.797
9174 	 -3.705
9186 	 -2.857
9216 	 -3.589
9232 	 -3.413
9238 	 -3.801
9262 	 -1.973
9268 	 -1.305
9298 	 -0.417
9304 	 -0.413
9306 	 -0.409
9334 	 -0.277
9400 	 -0.025
9660 	 -0.009
9904 	 -0.001
12000 	 -2.54
12002 	 -2.421
12004 	 -2.812
12006 	 -3.951
12008 	 -4.368
12010 	 -5.986
12012 	 -6.197
12016 	 -6.786
12018 	 -6.844
12020 	 -7.067
12028 	 -7.201
12030 	 -7.269
12032 	 -7.235
12034 	 -7.274
12040 	 -7.063
12042 	 -7.539
12054 	 -7.05
12064 	 -7.126
12072 	 -7.157
12074 	 -6.678
12082 	 -6.771
12086 	 -6.967
12088 	 -6.355
12098 	 -6.425
12102 	 -6.309
12112 	 -6.381
12120 	 -5.853
12132 	 -6.15
12140 	 -6.415
12148 	 -6.581
12154 	 -7.617
12156 	 -7.942
12164 	 -7.832
12180 	 -8.317
12186 	 -8.619
12190 	 -8.935
12206 	 -9.058
12212 	 -10.102
12226 	 -10.454
12228 	 -10.613
12234 	 -11.995
12236 	 -12.13
12252 	 -11.49
12258 	 -11.467
12260 	 -11.193
12270 	 -11.32
12272 	 -11.319
12274 	 -10.067
12282 	 -9.939
12286 	 -10.053
12290 	 -9.781
12296 	 -10.177
12304 	 -10.133
12306 	 -10.362
12310 	 -10.498
12324 	 -9.894
12328 	 -10.12
12332 	 -10.152
12338 	 -9.9
12344 	 -9.104
12350 	 -9.085
12354 	 -9.073
12358 	 -8.394
12360 	 -7.442
12374 	 -7.445
12380 	 -7.41
12382 	 -7.402
12386 	 -7.33
12388 	 -7.273
12390 	 -7.211
12398 	 -7.206
12404 	 -6.934
12406 	 -6.816
12412 	 -6.505
12420 	 -6.494
12432 	 -6.415
12436 	 -6.878
12448 	 -6.932
12450 	 -7.23
12452 	 -7.159
12460 	 -7.076
12462 	 -7.051
12464 	 -7.002
12466 	 -7.459
12470 	 -7.36
12478 	 -7.337
12480 	 -7.221
12488 	 -7.203
12494 	 -7.164
12502 	 -7.393
12512 	 -7.188
12516 	 -7.151
12520 	 -7.121
12522 	 -7.057
12532 	 -6.999
12534 	 -7.125
12540 	 -7.172
12548 	 -7.161
12552 	 -7.041
12556 	 -7.388
12566 	 -7.407
12570 	 -7.524
12574 	 -8.058
12578 	 -8.293
12586 	 -8.537
12590 	 -8.496
12592 	 -8.317
12604 	 -8.312
12624 	 -7.322
12628 	 -7.429
12630 	 -7.787
12636 	 -7.668
12638 	 -7.664
12640 	 -7.478
12658 	 -7.463
12664 	 -7.409
12668 	 -7.445
12670 	 -7.632
12672 	 -7.265
12676 	 -7.387
12698 	 -7.424
12710 	 -7.758
12716 	 -7.716
12726 	 -7.706
12732 	 -7.732
12736 	 -7.717
12752 	 -7.658
12756 	 -7.627
12758 	 -7.611
12760 	 -7.793
12768 	 -7.97
12772 	 -7.959
12774 	 -7.948
12784 	 -7.861
12786 	 -7.857
12798 	 -7.847
12802 	 -7.819
12804 	 -7.902
12810 	 -7.824
12816 	 -7.978
12824 	 -7.85
12828 	 -8.265
12832 	 -8.567
12836 	 -8.163
12838 	 -8.543
12846 	 -8.109
12850 	 -8.271
12858 	 -8.148
12860 	 -8.26
12864 	 -8.203
12870 	 -8.265
12872 	 -8.292
12874 	 -8.284
12880 	 -8.01
12882 	 -8.612
12894 	 -8.507
12908 	 -7.738
12916 	 -7.75
12918 	 -7.376
12920 	 -7.286
12932 	 -7.135
12934 	 -6.943
12938 	 -6.95
12940 	 -6.763
12942 	 -6.596
12948 	 -6.594
12954 	 -6.517
12956 	 -6.316
12962 	 -6.208
12970 	 -6.203
12972 	 -6.116
12974 	 -6.1
12980 	 -6.145
12982 	 -6.042
12986 	 -6.016
12996 	 -6
13000 	 -5.845
13002 	 -5.834
13004 	 -5.666
13006 	 -5.676
13008 	 -5.662
13010 	 -5.679
13018 	 -5.557
13020 	 -5.527
13022 	 -5.344
13024 	 -5.306
13028 	 -5.265
13032 	 -5.232
13034 	 -5.369
13042 	 -5.337
13044 	 -5.298
13052 	 -5.246
13054 	 -5.351
13056 	 -5.321
13060 	 -5.619
13068 	 -5.5
13072 	 -5.298
13074 	 -5.596
13076 	 -5.533
13078 	 -5.656
13080 	 -5.65
13082 	 -5.642
13088 	 -5.676
13092 	 -5.99
13094 	 -5.709
13102 	 -5.858
13106 	 -5.911
13110 	 -5.888
13112 	 -5.851
13114 	 -5.83
13120 	 -5.706
13126 	 -5.705
13128 	 -5.677
13134 	 -5.753
13140 	 -5.731
13150 	 -5.729
13154 	 -5.359
13158 	 -5.283
13164 	 -5.217
13168 	 -5.226
13172 	 -5.231
13186 	 -5.079
13194 	 -4.516
13206 	 -4.638
13210 	 -4.524
13224 	 -4.522
13232 	 -4.51
13242 	 -4.172
13246 	 -4.103
13248 	 -3.893
13250 	 -3.783
13256 	 -3.754
13258 	 -3.752
13262 	 -3.726
13268 	 -3.716
13270 	 -3.711
13272 	 -3.764
13274 	 -3.617
13284 	 -3.586
13286 	 -3.693
13290 	 -3.676
13306 	 -3.817
13324 	 -3.952
13328 	 -3.84
13338 	 -3.834
13340 	 -3.792
13358 	 -3.79
13366 	 -3.791
13368 	 -3.781
13370 	 -3.745
13372 	 -3.733
13378 	 -3.716
13384 	 -3.605
13388 	 -3.599
13392 	 -3.644
13396 	 -3.607
13398 	 -3.549
13406 	 -3.541
13410 	 -3.526
13412 	 -3.551
13416 	 -3.684
13430 	 -3.6
13434 	 -3.602
13450 	 -3.448
13452 	 -3.285
13454 	 -3.27
13472 	 -3.246
13474 	 -3.234
13476 	 -3.23
13478 	 -3.1
13484 	 -3.108
13504 	 -3.071
13508 	 -2.975
13512 	 -2.991
13514 	 -2.982
13542 	 -2.978
13546 	 -2.989
13548 	 -2.979
13564 	 -2.957
13570 	 -2.904
13586 	 -2.895
13594 	 -2.887
13602 	 -2.869
13604 	 -2.747
13606 	 -2.735
13608 	 -2.721
13632 	 -2.72
13648 	 -1.726
13658 	 -1.7
13660 	 -1.684
13672 	 -1.649
13692 	 -1.639
13696 	 -1.6
13710 	 -1.573
13714 	 -1.77
13726 	 -1.769
13744 	 -1.662
13746 	 -1.659
13760 	 -1.639
13766 	 -1.625
13794 	 -1.619
13804 	 -1.27
13820 	 -1.264
13822 	 -1.262
13832 	 -1.245
13878 	 -1.145
13884 	 -1.144
13898 	 -1.136
13900 	 -1.128
13902 	 -1.075
13912 	 -1.069
13916 	 -1.396
13940 	 -1.375
13942 	 -1.366
13974 	 -1.424
13984 	 -1.501
14040 	 -1.379
14048 	 -1.327
14058 	 -1.213
14068 	 -1.185
14094 	 -1.113
14120 	 -1.11
14122 	 -1.139
14136 	 -1.012
14142 	 -1.022
14182 	 -1.038
14190 	 -1.079
14196 	 -1.075
14212 	 -1.073
14218 	 -1.072
14244 	 -1.058
14246 	 -1.009
14276 	 -1.004
14282 	 -1.189
14288 	 -1.149
14302 	 -1.127
14306 	 -1.257
14318 	 -1.255
14324 	 -1.111
14326 	 -1.11
14334 	 -0.962
14352 	 -0.969
14356 	 -0.882
14370 	 -0.836
14378 	 -0.796
14382 	 -0.642
14388 	 -0.573
14392 	 -0.553
14402 	 -0.48
14406 	 -0.405
14412 	 -0.348
14422 	 -0.331
14432 	 -0.313
14436 	 -0.285
14454 	 -0.263
14462 	 -0.236
14478 	 -0.226
14514 	 -0.208
14590 	 -0.183
14632 	 -0.157
14690 	 -0.152
15000 	 -1.414
15024 	 -1.554
15050 	 -2.336
15078 	 -2.912
15112 	 -3.364
15158 	 -3.528
15162 	 -3.592
15174 	 -3.522
15186 	 -3.119
15216 	 -3.594
15222 	 -3.591
15232 	 -3.415
15238 	 -3.644
15262 	 -3.103
15266 	 -3.073
15268 	 -2.901
15276 	 -2.747
15282 	 -2.482
15298 	 -2.135
15300 	 -1.965
15310 	 -2.046
15336 	 -2.643
15342 	 -2.64
15346 	 -2.588
15350 	 -2.566
15356 	 -2.906
15372 	 -2.902
15374 	 -2.137
15400 	 -1.417
15422 	 -1.098
15456 	 -0.572
15470 	 -0.567
15486 	 -0.186
15558 	 -0.049
15658 	 -0.046
15660 	 -0.04
15708 	 -0.034
15808 	 -0.033
15864 	 -0.02
15888 	 -0.017
15904 	 -0.009
16104 	 -0.008
18000 	 -2.128
18020 	 -2.263
18042 	 -2.839
18064 	 -3.056
18088 	 -2.581
18120 	 -2.098
18154 	 -3.36
18180 	 -3.096
18190 	 -4.019
18234 	 -5.482
18252 	 -5.458
18262 	 -5.086
18270 	 -4.117
18278 	 -4.054
18286 	 -3.913
18296 	 -5.161
18316 	 -5.206
18328 	 -5.694
18336 	 -5.343
18342 	 -5.412
18348 	 -4.821
18360 	 -4.198
18368 	 -3.586
18384 	 -3.614
18402 	 -2.67
18420 	 -1.402
18426 	 -1.226
18434 	 -0.99
18448 	 -0.31
18472 	 -0.25
18552 	 -0.028
18864 	 -0.012
19002 	 0
21000 	 -1.44
21001 	 -1.44
