0 	 0
3000 	 -1.376
3024 	 -1.496
3050 	 -1.88
3062 	 -2.472
3078 	 -3.176
3112 	 -3.62
3158 	 -3.808
3164 	 -3.728
3186 	 -2.828
3198 	 -2.688
3216 	 -1.912
3232 	 -1.736
3238 	 -1.364
3262 	 -0.608
3296 	 -0.264
3400 	 -0.024
3636 	 -0.008
3904 	 0
6000 	 -2.478
6020 	 -2.638
6042 	 -3.286
6064 	 -3.582
6088 	 -3.11
6120 	 -2.686
6138 	 -2.872
6154 	 -3.312
6180 	 -3.048
6190 	 -3.516
6198 	 -3.5
6234 	 -3.9
6284 	 -4.203
6296 	 -4.179
6346 	 -4.159
6360 	 -2.871
6374 	 -2.271
6376 	 -1.719
6424 	 -1.319
6444 	 -0.761
6504 	 -0.637
6506 	 -0.613
6552 	 -0.501
6634 	 -0.359
6704 	 -0.331
6710 	 -0.307
6726 	 -0.295
6728 	 -0.267
6782 	 -0.263
6894 	 -0.165
6990 	 -0.145
6994 	 -0.125
7002 	 -0.093
7272 	 -0.089
7278 	 -0.085
7290 	 -0.073
7324 	 -0.025
9000 	 -1.433
9024 	 -1.537
9050 	 -2.497
9078 	 -3.177
9112 	 -3.761
9158 	 -3.713
9162 	 -3.797
9174 	 -3.705
9186 	 -2.857
9216 	 -3.589
9232 	 -3.413
9238 	 -3.801
9262 	 -1.973
9268 	 -1.305
9298 	 -0.417
9304 	 -0.413
9306 	 -0.409
9334 	 -0.277
9400 	 -0.025
9660 	 -0.009
9904 	 -0.001
12000 	 -2.54
12002 	 -2.421
12004 	 -2.932
12006 	 -4.071
12008 	 -5.721
12010 	 -7.339
12012 	 -8.195
12016 	 -8.784
12018 	 -8.842
12020 	 -9.404
12028 	 -9.538
12030 	 -9.606
12032 	 -9.572
12034 	 -9.611
12040 	 -9.664
12042 	 -10.14
12054 	 -9.651
12064 	 -9.727
12070 	 -10.27
12072 	 -10.301
12074 	 -9.822
12082 	 -9.915
12086 	 -10.111
12088 	 -9.499
12098 	 -9.569
12100 	 -9.456
12102 	 -9.34
12112 	 -9.412
12114 	 -9.553
12120 	 -9.025
12130 	 -8.606
12132 	 -8.899
12140 	 -9.164
12148 	 -9.33
12154 	 -10.366
12156 	 -10.691
12160 	 -11.049
12164 	 -10.939
12178 	 -11.152
12180 	 -11.606
12184 	 -11.458
12186 	 -11.778
12190 	 -12.094
12192 	 -12.037
12198 	 -12.015
12200 	 -11.901
12204 	 -11.979
12210 	 -12.048
12212 	 -13.092
12226 	 -13.964
12228 	 -14.123
12230 	 -14.052
12234 	 -15.434
12236 	 -15.652
12242 	 -15.56
12246 	 -15.732
12248 	 -15.72
12252 	 -15.041
12254 	 -14.825
12256 	 -14.694
12260 	 -14.42
12264 	 -14.355
12270 	 -14.482
12272 	 -14.526
12274 	 -13.274
12276 	 -13.119
12282 	 -12.793
12286 	 -12.866
12290 	 -12.594
12296 	 -12.99
12304 	 -12.788
12310 	 -12.979
12314 	 -12.978
12320 	 -12.98
12324 	 -12.376
12328 	 -12.166
12330 	 -12.225
12332 	 -12.257
12334 	 -12.215
12336 	 -12.246
12338 	 -11.994
12344 	 -11.148
12346 	 -11.168
12350 	 -11.222
12354 	 -11.21
12356 	 -11.158
12358 	 -10.487
12360 	 -9.535
12364 	 -9.285
12374 	 -9.288
12376 	 -9.187
12380 	 -9.141
12382 	 -9.3
12386 	 -9.208
12390 	 -9.146
12392 	 -9.373
12398 	 -9.368
12404 	 -8.791
12406 	 -8.673
12412 	 -8.362
12414 	 -8.201
12420 	 -8.19
12432 	 -7.873
12436 	 -8.299
12438 	 -7.367
12444 	 -7.313
12452 	 -7.039
12456 	 -7.02
12460 	 -7.008
12462 	 -6.963
12464 	 -6.898
12466 	 -7.355
12470 	 -7.186
12476 	 -7.158
12478 	 -7.135
12480 	 -7.019
12488 	 -6.991
12494 	 -6.947
12502 	 -7.046
12512 	 -7.647
12516 	 -7.582
12518 	 -7.686
12520 	 -7.656
12522 	 -7.592
12532 	 -7.722
12550 	 -7.558
12552 	 -7.438
12566 	 -7.425
12574 	 -7.436
12576 	 -7.432
12580 	 -7.412
12590 	 -7.371
12592 	 -7.192
12598 	 -7.049
12600 	 -7.045
12604 	 -7.04
12624 	 -6.993
12630 	 -7.348
12636 	 -7.339
12638 	 -7.335
12640 	 -7.278
12648 	 -7.261
12656 	 -7.253
12658 	 -7.216
12660 	 -7.348
12664 	 -7.294
12668 	 -7.33
12676 	 -7.597
12680 	 -7.576
12692 	 -7.453
12706 	 -7.596
12710 	 -7.602
12714 	 -7.747
12716 	 -7.649
12732 	 -7.68
12734 	 -7.671
12736 	 -6.944
12740 	 -6.937
12742 	 -6.918
12748 	 -6.831
12758 	 -6.829
12760 	 -6.856
12762 	 -7.194
12768 	 -7.376
12772 	 -8.008
12774 	 -8.446
12776 	 -8.436
12784 	 -8.596
12792 	 -8.736
12794 	 -8.98
12802 	 -9.087
12804 	 -9.194
12814 	 -9.085
12826 	 -8.912
12828 	 -8.877
12830 	 -8.878
12832 	 -8.667
12834 	 -8.844
12836 	 -8.702
12840 	 -9.186
12848 	 -9.026
12856 	 -9.189
12858 	 -9.04
12864 	 -8.983
12866 	 -8.828
12870 	 -8.791
12872 	 -8.867
12874 	 -8.818
12878 	 -8.713
12882 	 -8.783
12888 	 -8.894
12894 	 -8.752
12898 	 -8.6
12902 	 -8.502
12904 	 -8.25
12908 	 -7.947
12916 	 -7.806
12918 	 -7.782
12920 	 -7.785
12924 	 -7.638
12926 	 -7.703
12932 	 -7.584
12938 	 -7.908
12942 	 -7.737
12944 	 -7.631
12946 	 -7.666
12950 	 -7.661
12952 	 -7.656
12954 	 -7.587
12958 	 -7.578
12970 	 -7.573
12972 	 -7.399
12974 	 -7.312
12976 	 -6.963
12982 	 -6.86
12986 	 -6.831
12990 	 -6.796
12992 	 -7.179
12994 	 -7.25
12996 	 -7.277
13002 	 -7.275
13004 	 -7.201
13006 	 -7.491
13008 	 -7.923
13010 	 -7.94
13014 	 -7.872
13018 	 -7.946
13024 	 -7.908
13028 	 -7.967
13030 	 -8.149
13032 	 -8.116
13034 	 -8.112
13036 	 -8.061
13038 	 -7.869
13042 	 -7.829
13044 	 -7.8
13046 	 -7.533
13048 	 -7.636
13052 	 -7.61
13054 	 -7.533
13056 	 -7.503
13060 	 -7.473
13062 	 -7.424
13064 	 -7.401
13068 	 -7.253
13070 	 -7.234
13072 	 -7.163
13076 	 -7.114
13080 	 -7.108
13082 	 -7.1
13084 	 -7.098
13092 	 -6.971
13094 	 -6.348
13098 	 -6.327
13100 	 -6.445
13102 	 -6.441
13110 	 -6.492
13114 	 -6.478
13118 	 -6.347
13120 	 -6.448
13128 	 -6.349
13138 	 -6.011
13142 	 -6.035
13146 	 -5.956
13148 	 -5.805
13158 	 -5.729
13170 	 -5.543
13182 	 -5.542
13190 	 -5.059
13192 	 -5.045
13194 	 -5.083
13206 	 -5.238
13208 	 -5.327
13210 	 -5.292
13212 	 -5.193
13224 	 -5.191
13232 	 -5.179
13242 	 -5.358
13246 	 -5.43
13248 	 -5.265
13250 	 -5.131
13254 	 -5.13
13256 	 -5.169
13258 	 -5.167
13262 	 -5.141
13268 	 -5.131
13272 	 -5.122
13290 	 -5.105
13292 	 -5.277
13294 	 -5.236
13320 	 -5.276
13326 	 -5.246
13328 	 -5.212
13332 	 -5.188
13340 	 -5.367
13344 	 -5.452
13362 	 -5.445
13366 	 -5.386
13372 	 -5.36
13380 	 -5.215
13384 	 -5.104
13388 	 -4.881
13392 	 -4.779
13398 	 -4.721
13404 	 -4.621
13406 	 -4.714
13410 	 -4.689
13416 	 -4.669
13420 	 -4.656
13422 	 -4.574
13430 	 -4.539
13444 	 -4.534
13446 	 -4.516
13454 	 -4.505
13460 	 -4.456
13472 	 -4.482
13474 	 -4.47
13484 	 -4.486
13488 	 -4.425
13490 	 -4.417
13498 	 -4.088
13508 	 -4.068
13512 	 -4.007
13514 	 -3.998
13524 	 -4.071
13540 	 -4.067
13542 	 -3.839
13560 	 -3.811
13570 	 -3.697
13574 	 -3.678
13578 	 -3.618
13580 	 -3.628
13586 	 -3.582
13600 	 -3.441
13604 	 -3.319
13618 	 -3.319
13632 	 -3.196
13634 	 -3.167
13636 	 -3.134
13642 	 -3.12
13648 	 -2.122
13654 	 -2.12
13668 	 -2.287
13674 	 -2.282
13686 	 -2.451
13688 	 -2.445
13694 	 -2.444
13696 	 -2.373
13710 	 -2.329
13720 	 -2.3
13722 	 -2.299
13726 	 -2.298
13744 	 -1.777
13756 	 -1.767
13760 	 -1.674
13766 	 -1.664
13782 	 -1.605
13786 	 -1.437
13790 	 -1.432
13800 	 -1.413
13802 	 -1.355
13804 	 -0.915
13810 	 -0.886
13814 	 -0.879
13818 	 -0.854
13820 	 -0.848
13822 	 -0.804
13838 	 -0.795
13842 	 -0.699
13846 	 -0.68
13858 	 -0.678
13878 	 -0.578
13890 	 -0.56
13900 	 -0.554
13902 	 -0.501
13910 	 -0.483
13912 	 -0.477
13920 	 -0.453
13940 	 -0.443
13942 	 -0.434
13968 	 -0.424
13980 	 -0.411
13998 	 -0.404
14010 	 -0.402
14024 	 -0.4
14046 	 -0.398
14048 	 -0.346
14058 	 -0.341
14080 	 -0.336
14120 	 -0.334
14132 	 -0.321
14136 	 -0.194
14212 	 -0.192
14236 	 -0.18
14318 	 -0.178
14378 	 -0.138
15000 	 -1.409
15024 	 -1.557
15050 	 -2.176
15078 	 -2.64
15112 	 -2.883
15158 	 -2.878
15162 	 -2.918
15174 	 -2.871
15186 	 -2.38
15202 	 -2.378
15216 	 -2.515
15222 	 -2.513
15232 	 -2.337
15238 	 -2.501
15262 	 -1.873
15268 	 -1.701
15282 	 -1.436
15298 	 -1.09
15310 	 -1.13
15336 	 -1.429
15342 	 -1.427
15346 	 -1.375
15356 	 -1.545
15372 	 -1.541
15374 	 -1.156
15400 	 -0.721
15422 	 -0.561
15456 	 -0.298
15470 	 -0.293
15486 	 -0.102
15558 	 -0.035
15660 	 -0.029
15708 	 -0.023
15864 	 -0.018
15888 	 -0.016
15904 	 -0.008
18000 	 -2.128
18020 	 -2.236
18042 	 -2.716
18064 	 -2.81
18088 	 -2.232
18120 	 -1.658
18154 	 -2.416
18180 	 -2.152
18190 	 -2.608
18234 	 -3.44
18252 	 -3.424
18262 	 -3.238
18270 	 -2.592
18278 	 -2.55
18286 	 -2.456
18296 	 -3.002
18316 	 -3.032
18328 	 -3.276
18336 	 -3.042
18342 	 -3.068
18348 	 -2.674
18360 	 -2.166
18368 	 -1.86
18384 	 -1.874
18402 	 -1.364
18420 	 -0.73
18426 	 -0.642
18434 	 -0.524
18448 	 -0.184
18472 	 -0.154
18552 	 -0.016
18864 	 -0.008
19002 	 0
21000 	 -1.44
21001 	 -1.44
