0 	 0
3000 	 -1.376
3024 	 -1.496
3050 	 -1.88
3062 	 -2.472
3078 	 -3.176
3112 	 -3.62
3158 	 -3.808
3164 	 -3.728
3186 	 -2.828
3198 	 -2.688
3216 	 -1.912
3232 	 -1.736
3238 	 -1.364
3262 	 -0.608
3296 	 -0.264
3400 	 -0.024
3636 	 -0.008
3904 	 0
6000 	 -2.478
6020 	 -2.638
6042 	 -3.286
6064 	 -3.582
6088 	 -3.11
6120 	 -2.686
6138 	 -2.872
6154 	 -3.312
6180 	 -3.048
6190 	 -3.516
6198 	 -3.5
6234 	 -3.9
6284 	 -4.203
6296 	 -4.179
6346 	 -4.159
6360 	 -2.871
6374 	 -2.271
6376 	 -1.719
6424 	 -1.319
6444 	 -0.761
6504 	 -0.637
6506 	 -0.613
6552 	 -0.501
6634 	 -0.359
6704 	 -0.331
6710 	 -0.307
6726 	 -0.295
6728 	 -0.267
6782 	 -0.263
6894 	 -0.165
6990 	 -0.145
6994 	 -0.125
7002 	 -0.093
7272 	 -0.089
7278 	 -0.085
7290 	 -0.073
7324 	 -0.025
9000 	 -1.433
9024 	 -1.537
9050 	 -2.497
9078 	 -3.177
9112 	 -3.761
9158 	 -3.713
9162 	 -3.797
9174 	 -3.705
9186 	 -2.857
9216 	 -3.589
9232 	 -3.413
9238 	 -3.801
9262 	 -1.973
9268 	 -1.305
9298 	 -0.417
9304 	 -0.413
9306 	 -0.409
9334 	 -0.277
9400 	 -0.025
9660 	 -0.009
9904 	 -0.001
12000 	 -2.54
12002 	 -2.421
12004 	 -2.932
12006 	 -4.071
12008 	 -5.721
12010 	 -7.339
12012 	 -8.195
12016 	 -8.784
12018 	 -8.842
12020 	 -9.404
12028 	 -9.538
12030 	 -9.606
12032 	 -9.572
12034 	 -9.611
12040 	 -9.664
12042 	 -10.14
12054 	 -9.651
12064 	 -9.727
12070 	 -10.269
12072 	 -10.3
12074 	 -9.821
12082 	 -9.914
12086 	 -10.11
12088 	 -9.498
12098 	 -9.568
12100 	 -9.449
12102 	 -9.333
12112 	 -9.405
12114 	 -9.546
12120 	 -9.018
12130 	 -8.759
12132 	 -9.052
12140 	 -9.317
12148 	 -9.483
12154 	 -10.519
12156 	 -10.844
12164 	 -10.734
12178 	 -10.835
12180 	 -11.289
12184 	 -11.141
12186 	 -11.52
12190 	 -11.836
12192 	 -11.779
12200 	 -11.611
12206 	 -11.601
12210 	 -11.789
12212 	 -12.833
12226 	 -13.178
12228 	 -13.337
12230 	 -13.298
12234 	 -14.68
12236 	 -14.908
12248 	 -14.813
12252 	 -14.134
12254 	 -13.831
12256 	 -13.849
12260 	 -13.575
12264 	 -14.338
12270 	 -14.465
12272 	 -14.464
12274 	 -13.212
12276 	 -13.234
12282 	 -12.908
12286 	 -12.834
12290 	 -12.562
12296 	 -12.958
12304 	 -12.402
12310 	 -12.538
12312 	 -12.745
12320 	 -12.747
12324 	 -11.869
12328 	 -11.859
12330 	 -11.956
12332 	 -11.988
12336 	 -12.014
12338 	 -11.762
12340 	 -11.678
12344 	 -10.882
12350 	 -10.744
12354 	 -10.577
12358 	 -9.915
12360 	 -8.963
12368 	 -8.999
12370 	 -8.928
12372 	 -8.745
12374 	 -8.748
12376 	 -8.8
12380 	 -8.765
12382 	 -8.754
12386 	 -8.665
12390 	 -8.603
12394 	 -8.281
12398 	 -8.276
12404 	 -8.004
12406 	 -7.886
12412 	 -7.575
12420 	 -7.564
12432 	 -7.201
12436 	 -7.621
12438 	 -6.889
12444 	 -6.811
12452 	 -6.681
12456 	 -6.485
12460 	 -6.402
12462 	 -6.337
12464 	 -6.28
12466 	 -6.737
12470 	 -6.638
12474 	 -6.72
12478 	 -6.697
12480 	 -6.581
12488 	 -6.563
12494 	 -6.524
12498 	 -6.334
12502 	 -6.433
12510 	 -6.425
12512 	 -7.04
12516 	 -7.019
12520 	 -6.989
12522 	 -6.925
12528 	 -7.033
12532 	 -7.024
12548 	 -7.003
12550 	 -6.873
12552 	 -6.753
12564 	 -6.732
12566 	 -6.751
12574 	 -6.818
12576 	 -6.798
12578 	 -6.733
12580 	 -6.73
12590 	 -6.689
12592 	 -6.51
12598 	 -6.381
12604 	 -6.376
12624 	 -6.004
12630 	 -6.362
12638 	 -6.358
12640 	 -6.301
12658 	 -6.434
12662 	 -6.397
12664 	 -6.343
12668 	 -6.379
12672 	 -6.367
12688 	 -6.411
12692 	 -6.396
12710 	 -6.392
12716 	 -6.294
12732 	 -6.32
12736 	 -5.93
12758 	 -5.928
12768 	 -6.526
12774 	 -6.515
12780 	 -7.274
12784 	 -7.408
12786 	 -7.682
12798 	 -7.672
12800 	 -7.703
12804 	 -7.879
12814 	 -7.877
12822 	 -7.6
12826 	 -7.611
12828 	 -7.576
12836 	 -7.821
12838 	 -7.886
12840 	 -7.881
12850 	 -8.187
12854 	 -7.907
12856 	 -7.921
12858 	 -7.83
12864 	 -7.773
12866 	 -7.769
12868 	 -7.652
12874 	 -7.644
12876 	 -7.463
12892 	 -7.303
12894 	 -7.294
12900 	 -7.359
12904 	 -7.234
12908 	 -6.748
12910 	 -6.633
12916 	 -6.348
12918 	 -6.324
12920 	 -6.234
12924 	 -6.133
12928 	 -6.206
12932 	 -6.211
12942 	 -6.413
12952 	 -6.096
12954 	 -6.024
12956 	 -6.021
12964 	 -5.97
12968 	 -5.955
12970 	 -5.95
12972 	 -5.771
12976 	 -5.826
12982 	 -5.743
12986 	 -5.717
12990 	 -5.708
12996 	 -5.716
12998 	 -6.285
13000 	 -6.241
13004 	 -6.167
13006 	 -6.172
13008 	 -6.158
13010 	 -6.175
13015 	 -6.556
13016 	 -6.422
13024 	 -6.384
13028 	 -6.343
13030 	 -6.42
13032 	 -6.387
13034 	 -6.383
13036 	 -6.513
13038 	 -6.384
13042 	 -6.449
13046 	 -6.582
13052 	 -6.556
13056 	 -6.526
13062 	 -6.57
13068 	 -6.451
13070 	 -6.332
13072 	 -6.389
13080 	 -6.383
13082 	 -6.379
13094 	 -6.09
13096 	 -6.063
13098 	 -6.152
13100 	 -6.019
13102 	 -6.002
13112 	 -5.885
13114 	 -5.843
13126 	 -5.842
13134 	 -5.427
13144 	 -5.176
13148 	 -5.21
13156 	 -4.966
13158 	 -4.89
13162 	 -4.859
13170 	 -4.835
13174 	 -4.724
13176 	 -4.672
13180 	 -4.661
13182 	 -4.785
13184 	 -4.772
13186 	 -4.734
13194 	 -4.702
13196 	 -4.692
13204 	 -4.537
13206 	 -4.998
13216 	 -5.076
13224 	 -5.074
13228 	 -5.003
13232 	 -4.991
13246 	 -4.922
13248 	 -4.808
13250 	 -4.713
13254 	 -4.751
13256 	 -4.774
13258 	 -4.717
13262 	 -4.704
13264 	 -4.818
13268 	 -4.808
13270 	 -4.803
13286 	 -4.419
13290 	 -4.402
13300 	 -4.44
13306 	 -4.463
13318 	 -4.556
13328 	 -4.577
13336 	 -4.629
13340 	 -4.607
13342 	 -4.659
13358 	 -4.665
13360 	 -4.705
13366 	 -4.809
13372 	 -4.831
13374 	 -4.841
13376 	 -4.697
13380 	 -4.648
13384 	 -4.537
13388 	 -4.531
13398 	 -4.603
13400 	 -4.377
13424 	 -4.02
13428 	 -4.009
13446 	 -4.167
13448 	 -4.021
13450 	 -4
13454 	 -3.958
13466 	 -3.925
13470 	 -4.069
13474 	 -4.063
13476 	 -4.059
13484 	 -4.075
13490 	 -4.2
13492 	 -4.154
13500 	 -4.346
13512 	 -4.337
13514 	 -4.328
13536 	 -4.32
13542 	 -4.316
13562 	 -4.306
13564 	 -4.276
13586 	 -3.864
13604 	 -3.742
13612 	 -3.753
13648 	 -2.232
13654 	 -2.23
13678 	 -2.326
13680 	 -2.337
13696 	 -2.298
13704 	 -2.306
13726 	 -2.305
13728 	 -2.317
13736 	 -2.273
13744 	 -2.195
13760 	 -2.175
13764 	 -2.142
13766 	 -2.14
13768 	 -2.262
13778 	 -2.254
13782 	 -2.252
13784 	 -2.25
13798 	 -2.404
13802 	 -2.368
13804 	 -1.928
13820 	 -1.925
13826 	 -1.897
13832 	 -1.896
13834 	 -1.979
13836 	 -1.673
13848 	 -1.672
13850 	 -1.68
13860 	 -1.737
13864 	 -1.695
13874 	 -1.681
13878 	 -1.581
13880 	 -1.519
13884 	 -1.518
13888 	 -1.376
13900 	 -1.368
13902 	 -1.315
13904 	 -1.312
13906 	 -1.414
13912 	 -1.296
13918 	 -1.295
13922 	 -1.276
13926 	 -1.144
13942 	 -1.135
13946 	 -1.074
13962 	 -1.064
13964 	 -1.063
13978 	 -1.016
13980 	 -1.117
13988 	 -1.083
14000 	 -1.058
14004 	 -1.056
14014 	 -1.041
14016 	 -1.037
14048 	 -0.963
14056 	 -0.951
14058 	 -0.946
14072 	 -0.94
14120 	 -0.937
14124 	 -0.936
14136 	 -0.809
14140 	 -0.703
14152 	 -0.67
14162 	 -0.653
14212 	 -0.652
14216 	 -0.614
14222 	 -0.61
14248 	 -0.604
14286 	 -0.535
14290 	 -0.49
14300 	 -0.486
14318 	 -0.475
14326 	 -0.474
14366 	 -0.364
14378 	 -0.324
14434 	 -0.223
14474 	 -0.22
14484 	 -0.212
14510 	 -0.177
14680 	 -0.166
14754 	 -0.161
15000 	 -1.419
15024 	 -1.559
15050 	 -2.196
15078 	 -2.647
15112 	 -2.892
15158 	 -2.972
15162 	 -3.013
15174 	 -2.966
15186 	 -2.555
15216 	 -2.687
15222 	 -2.684
15232 	 -2.508
15238 	 -2.671
15262 	 -2.292
15268 	 -2.12
15282 	 -1.854
15298 	 -1.508
15310 	 -1.568
15336 	 -2.016
15342 	 -2.013
15346 	 -1.961
15356 	 -2.216
15372 	 -2.214
15374 	 -1.639
15400 	 -1.078
15422 	 -0.839
15456 	 -0.444
15470 	 -0.439
15486 	 -0.144
15558 	 -0.042
15660 	 -0.036
15708 	 -0.03
15864 	 -0.021
15888 	 -0.018
15904 	 -0.01
18000 	 -2.128
18020 	 -2.245
18042 	 -2.757
18064 	 -2.891
18088 	 -2.353
18120 	 -1.825
18154 	 -2.664
18180 	 -2.4
18190 	 -2.991
18234 	 -3.922
18252 	 -3.906
18262 	 -3.627
18270 	 -2.981
18278 	 -2.939
18286 	 -2.845
18296 	 -3.748
18316 	 -3.778
18328 	 -4.144
18336 	 -3.91
18342 	 -3.966
18348 	 -3.572
18360 	 -3.131
18368 	 -2.672
18384 	 -2.693
18402 	 -2.004
18420 	 -1.053
18426 	 -0.921
18434 	 -0.744
18448 	 -0.234
18472 	 -0.189
18552 	 -0.02
18864 	 -0.008
19002 	 0
21000 	 -1.44
21001 	 -1.44
