0 	 0
3000 	 -1.376
3024 	 -1.496
3050 	 -1.88
3062 	 -2.472
3078 	 -3.176
3112 	 -3.62
3158 	 -3.808
3164 	 -3.728
3186 	 -2.828
3198 	 -2.688
3216 	 -1.912
3232 	 -1.736
3238 	 -1.364
3262 	 -0.608
3296 	 -0.264
3400 	 -0.024
3636 	 -0.008
3904 	 0
6000 	 -2.478
6020 	 -2.638
6042 	 -3.286
6064 	 -3.582
6088 	 -3.11
6120 	 -2.686
6138 	 -2.872
6154 	 -3.312
6180 	 -3.048
6190 	 -3.516
6198 	 -3.5
6234 	 -3.9
6284 	 -4.203
6296 	 -4.179
6346 	 -4.159
6360 	 -2.871
6374 	 -2.271
6376 	 -1.719
6424 	 -1.319
6444 	 -0.761
6504 	 -0.637
6506 	 -0.613
6552 	 -0.501
6634 	 -0.359
6704 	 -0.331
6710 	 -0.307
6726 	 -0.295
6728 	 -0.267
6782 	 -0.263
6894 	 -0.165
6990 	 -0.145
6994 	 -0.125
7002 	 -0.093
7272 	 -0.089
7278 	 -0.085
7290 	 -0.073
7324 	 -0.025
9000 	 -1.433
9024 	 -1.537
9050 	 -2.497
9078 	 -3.177
9112 	 -3.761
9158 	 -3.713
9162 	 -3.797
9174 	 -3.705
9186 	 -2.857
9216 	 -3.589
9232 	 -3.413
9238 	 -3.801
9262 	 -1.973
9268 	 -1.305
9298 	 -0.417
9304 	 -0.413
9306 	 -0.409
9334 	 -0.277
9400 	 -0.025
9660 	 -0.009
9904 	 -0.001
12000 	 -2.54
12002 	 -2.421
12004 	 -2.812
12006 	 -3.951
12008 	 -4.362
12010 	 -5.98
12012 	 -6.195
12016 	 -6.784
12018 	 -6.842
12020 	 -7.071
12028 	 -7.205
12030 	 -7.273
12032 	 -7.239
12034 	 -7.278
12040 	 -7.137
12042 	 -7.613
12054 	 -7.124
12064 	 -7.2
12070 	 -7.383
12072 	 -7.414
12074 	 -6.935
12082 	 -7.015
12088 	 -6.403
12100 	 -6.38
12102 	 -6.264
12112 	 -6.336
12120 	 -5.808
12130 	 -5.762
12140 	 -6.027
12148 	 -6.193
12154 	 -7.229
12156 	 -7.481
12164 	 -7.371
12178 	 -7.513
12180 	 -7.798
12186 	 -8.152
12190 	 -8.468
12192 	 -8.606
12200 	 -8.65
12206 	 -8.64
12212 	 -9.684
12226 	 -10.031
12228 	 -10.19
12230 	 -10.3
12234 	 -11.682
12236 	 -12.271
12252 	 -11.631
12254 	 -11.53
12256 	 -11.679
12260 	 -11.362
12264 	 -11.735
12270 	 -11.862
12274 	 -10.61
12282 	 -10.453
12286 	 -10.686
12290 	 -10.414
12296 	 -10.81
12304 	 -10.58
12310 	 -10.716
12312 	 -10.747
12324 	 -10.255
12332 	 -10.302
12338 	 -10.05
12344 	 -9.254
12350 	 -9.239
12352 	 -9.464
12354 	 -9.349
12358 	 -8.661
12360 	 -7.709
12368 	 -7.678
12372 	 -7.663
12374 	 -7.666
12376 	 -7.653
12382 	 -7.548
12386 	 -7.751
12390 	 -7.689
12394 	 -7.539
12398 	 -7.534
12404 	 -7.262
12406 	 -7.144
12410 	 -7.131
12412 	 -6.82
12420 	 -6.809
12432 	 -6.494
12436 	 -6.94
12438 	 -6.798
12446 	 -6.76
12448 	 -6.784
12452 	 -6.688
12454 	 -6.724
12458 	 -6.648
12460 	 -6.565
12464 	 -6.677
12466 	 -7.432
12468 	 -7.368
12470 	 -7.269
12478 	 -7.246
12480 	 -7.13
12486 	 -7.193
12488 	 -7.321
12494 	 -7.282
12496 	 -7.264
12502 	 -7.222
12512 	 -7.396
12520 	 -7.366
12522 	 -7.302
12542 	 -7.476
12548 	 -7.334
12552 	 -7.214
12564 	 -7.208
12568 	 -7.187
12574 	 -7.722
12576 	 -7.702
12578 	 -7.688
12586 	 -7.679
12590 	 -7.794
12592 	 -7.615
12616 	 -7.714
12618 	 -7.637
12624 	 -7.576
12630 	 -7.966
12638 	 -7.962
12640 	 -7.905
12648 	 -7.981
12658 	 -7.832
12668 	 -7.868
12672 	 -7.856
12680 	 -7.506
12704 	 -7.537
12710 	 -7.533
12716 	 -7.666
12722 	 -7.511
12726 	 -7.867
12732 	 -7.893
12736 	 -7.719
12750 	 -7.618
12752 	 -7.725
12758 	 -7.723
12768 	 -7.823
12774 	 -7.812
12786 	 -7.615
12792 	 -7.478
12798 	 -7.468
12800 	 -7.361
12802 	 -7.625
12804 	 -7.732
12806 	 -7.729
12810 	 -7.728
12816 	 -7.733
12828 	 -7.698
12852 	 -7.763
12854 	 -7.645
12860 	 -7.663
12894 	 -7.256
12896 	 -7.239
12908 	 -6.62
12916 	 -6.546
12918 	 -6.441
12920 	 -6.351
12924 	 -6.595
12928 	 -6.492
12934 	 -6.638
12936 	 -6.686
12950 	 -6.618
12954 	 -6.546
12956 	 -6.67
12968 	 -6.396
12972 	 -6.46
12982 	 -6.838
12986 	 -6.812
12990 	 -6.809
12996 	 -7.412
13002 	 -7.603
13004 	 -7.529
13006 	 -7.497
13008 	 -7.483
13010 	 -7.439
13012 	 -7.397
13014 	 -7.395
13022 	 -7.263
13026 	 -6.798
13028 	 -6.757
13034 	 -6.966
13042 	 -6.719
13046 	 -6.683
13048 	 -7.222
13052 	 -7.196
13056 	 -7.166
13058 	 -7.292
13060 	 -7.273
13062 	 -7.259
13066 	 -7.254
13068 	 -7.135
13076 	 -6.391
13080 	 -6.742
13082 	 -6.734
13088 	 -6.675
13090 	 -6.566
13094 	 -6.433
13096 	 -6.441
13100 	 -6.34
13102 	 -6.295
13110 	 -6.181
13114 	 -6.16
13118 	 -6.115
13120 	 -6.079
13124 	 -6.207
13126 	 -6.206
13128 	 -6.079
13130 	 -5.897
13132 	 -5.713
13148 	 -5.805
13150 	 -5.546
13156 	 -5.345
13158 	 -5.269
13160 	 -5.084
13182 	 -5.139
13184 	 -5.091
13194 	 -5.066
13202 	 -5.106
13204 	 -4.872
13206 	 -5.193
13216 	 -5.534
13220 	 -5.424
13224 	 -5.821
13240 	 -5.756
13242 	 -5.738
13246 	 -5.669
13248 	 -5.487
13250 	 -5.392
13254 	 -5.135
13262 	 -5.109
13268 	 -5.099
13270 	 -5.119
13272 	 -4.966
13274 	 -4.932
13282 	 -5
13290 	 -4.983
13294 	 -4.809
13296 	 -4.862
13312 	 -4.878
13318 	 -4.883
13320 	 -4.659
13328 	 -4.625
13336 	 -4.471
13340 	 -4.187
13344 	 -4.176
13360 	 -4.149
13366 	 -4.171
13370 	 -4.09
13372 	 -4.078
13374 	 -3.394
13380 	 -3.536
13384 	 -3.425
13388 	 -3.419
13394 	 -3.394
13398 	 -3.353
13400 	 -3.399
13404 	 -3.453
13432 	 -3.639
13454 	 -3.641
13474 	 -3.629
13476 	 -3.576
13484 	 -3.802
13500 	 -3.855
13502 	 -3.887
13514 	 -3.878
13528 	 -4.007
13534 	 -3.988
13542 	 -3.984
13548 	 -3.955
13550 	 -3.867
13556 	 -3.99
13558 	 -3.998
13560 	 -4.005
13576 	 -3.874
13578 	 -3.734
13600 	 -3.589
13602 	 -3.453
13604 	 -3.331
13624 	 -3.291
13628 	 -3.253
13648 	 -2.564
13650 	 -2.559
13668 	 -2.554
13672 	 -2.47
13682 	 -2.457
13694 	 -2.294
13696 	 -2.255
13710 	 -2.227
13716 	 -2.335
13722 	 -2.334
13724 	 -2.333
13726 	 -2.332
13734 	 -2.31
13740 	 -2.292
13744 	 -2.261
13760 	 -2.241
13766 	 -2.227
13770 	 -2.299
13778 	 -2.282
13780 	 -2.269
13782 	 -2.255
13804 	 -2.004
13814 	 -2.001
13820 	 -1.995
13840 	 -1.976
13844 	 -1.9
13848 	 -1.899
13850 	 -1.868
13852 	 -1.984
13878 	 -1.884
13884 	 -1.883
13886 	 -2.155
13894 	 -2.143
13898 	 -2.137
13900 	 -2.164
13902 	 -2.111
13912 	 -2.105
13914 	 -2.12
13928 	 -1.639
13940 	 -1.621
13942 	 -1.612
13944 	 -1.668
13954 	 -1.767
13962 	 -1.813
13976 	 -1.741
13982 	 -1.865
13990 	 -1.984
14002 	 -1.979
14010 	 -2.011
14017 	 -1.99
14048 	 -1.938
14052 	 -1.916
14058 	 -2.278
14086 	 -2.44
14096 	 -2.431
14116 	 -2.56
14120 	 -2.557
14124 	 -2.268
14132 	 -2.264
14136 	 -2.137
14142 	 -2.127
14162 	 -2.154
14164 	 -2.15
14180 	 -2.099
14184 	 -2.117
14206 	 -2.051
14212 	 -2.165
14214 	 -2.081
14226 	 -2.208
14228 	 -2.205
14232 	 -2.175
14236 	 -2.137
14250 	 -2.048
14256 	 -2.033
14260 	 -2.021
14272 	 -2.024
14278 	 -2.019
14280 	 -1.996
14284 	 -1.995
14288 	 -2.112
14292 	 -2.169
14304 	 -2.168
14310 	 -2.16
14312 	 -2.318
14318 	 -2.316
14326 	 -2.315
14338 	 -2.345
14342 	 -2.295
14354 	 -2.225
14368 	 -2.249
14378 	 -2.208
14386 	 -2.189
14398 	 -2.163
14402 	 -2.178
14420 	 -2.21
14444 	 -1.917
14464 	 -1.896
14474 	 -1.907
14502 	 -1.945
14506 	 -2.028
14520 	 -2.169
14546 	 -2.122
14554 	 -2.107
14556 	 -2.14
14558 	 -2.271
14564 	 -2.25
14590 	 -2.225
14600 	 -1.824
14610 	 -1.824
14614 	 -1.83
14628 	 -1.79
14632 	 -1.878
14636 	 -1.607
14644 	 -1.555
14650 	 -1.504
14652 	 -1.518
14662 	 -1.421
14666 	 -1.376
14674 	 -1.496
14678 	 -1.369
14684 	 -1.375
14696 	 -1.299
14704 	 -1.105
14706 	 -0.944
14720 	 -0.949
14722 	 -0.876
14724 	 -0.83
14744 	 -0.702
14746 	 -0.647
14748 	 -0.63
14758 	 -0.608
14760 	 -0.578
14764 	 -0.514
14766 	 -0.483
14772 	 -0.451
14774 	 -0.433
14780 	 -0.408
14788 	 -0.385
14796 	 -0.337
14798 	 -0.327
14808 	 -0.317
14814 	 -0.306
14826 	 -0.285
14832 	 -0.269
14848 	 -0.258
14864 	 -0.249
15000 	 -1.453
15024 	 -1.625
15050 	 -2.332
15078 	 -2.926
15112 	 -3.395
15158 	 -3.359
15162 	 -3.43
15174 	 -3.365
15186 	 -2.847
15216 	 -3.329
15222 	 -3.326
15232 	 -3.15
15238 	 -3.33
15262 	 -2.172
15266 	 -2.097
15276 	 -1.647
15300 	 -1.114
15310 	 -1.154
15336 	 -1.453
15342 	 -1.45
15356 	 -1.62
15372 	 -1.616
15374 	 -1.231
15400 	 -0.743
15422 	 -0.583
15456 	 -0.319
15470 	 -0.314
15486 	 -0.122
15558 	 -0.055
15606 	 -0.054
15656 	 -0.046
15660 	 -0.042
15708 	 -0.036
15810 	 -0.035
15864 	 -0.03
15888 	 -0.027
15904 	 -0.019
16064 	 -0.017
16118 	 -0.016
16282 	 -0.013
16338 	 -0.011
18000 	 -2.128
18020 	 -2.245
18042 	 -2.757
18064 	 -2.894
18088 	 -2.339
18120 	 -1.764
18154 	 -2.864
18180 	 -2.6
18190 	 -3.253
18234 	 -4.518
18252 	 -4.494
18262 	 -4.308
18270 	 -3.339
18278 	 -3.276
18286 	 -3.135
18296 	 -3.669
18316 	 -3.714
18328 	 -3.958
18336 	 -3.607
18342 	 -3.616
18348 	 -3.025
18360 	 -2.268
18368 	 -1.962
18384 	 -1.976
18402 	 -1.39
18420 	 -0.756
18426 	 -0.668
18434 	 -0.55
18448 	 -0.21
18472 	 -0.18
18552 	 -0.02
18864 	 -0.012
19002 	 0
21000 	 -1.44
21001 	 -1.44
