0 	 0
3000 	 -1.376
3024 	 -1.496
3050 	 -1.88
3062 	 -2.472
3078 	 -3.176
3112 	 -3.62
3158 	 -3.808
3164 	 -3.728
3186 	 -2.828
3198 	 -2.688
3216 	 -1.912
3232 	 -1.736
3238 	 -1.364
3262 	 -0.608
3296 	 -0.264
3400 	 -0.024
3636 	 -0.008
3904 	 0
6000 	 -2.478
6020 	 -2.638
6042 	 -3.286
6064 	 -3.582
6088 	 -3.11
6120 	 -2.686
6138 	 -2.872
6154 	 -3.312
6180 	 -3.048
6190 	 -3.516
6198 	 -3.5
6234 	 -3.9
6284 	 -4.203
6296 	 -4.179
6346 	 -4.159
6360 	 -2.871
6374 	 -2.271
6376 	 -1.719
6424 	 -1.319
6444 	 -0.761
6504 	 -0.637
6506 	 -0.613
6552 	 -0.501
6634 	 -0.359
6704 	 -0.331
6710 	 -0.307
6726 	 -0.295
6728 	 -0.267
6782 	 -0.263
6894 	 -0.165
6990 	 -0.145
6994 	 -0.125
7002 	 -0.093
7272 	 -0.089
7278 	 -0.085
7290 	 -0.073
7324 	 -0.025
9000 	 -1.433
9024 	 -1.537
9050 	 -2.497
9078 	 -3.177
9112 	 -3.761
9158 	 -3.713
9162 	 -3.797
9174 	 -3.705
9186 	 -2.857
9216 	 -3.589
9232 	 -3.413
9238 	 -3.801
9262 	 -1.973
9268 	 -1.305
9298 	 -0.417
9304 	 -0.413
9306 	 -0.409
9334 	 -0.277
9400 	 -0.025
9660 	 -0.009
9904 	 -0.001
12000 	 -2.54
12002 	 -2.421
12004 	 -2.892
12006 	 -4.031
12008 	 -5.264
12010 	 -6.882
12012 	 -7.527
12016 	 -8.116
12018 	 -8.174
12020 	 -8.629
12028 	 -8.763
12030 	 -8.831
12032 	 -8.797
12034 	 -8.836
12040 	 -8.871
12042 	 -9.347
12054 	 -8.858
12064 	 -8.934
12070 	 -9.477
12072 	 -9.508
12074 	 -9.029
12082 	 -9.109
12088 	 -8.497
12100 	 -8.384
12102 	 -8.268
12112 	 -8.34
12114 	 -8.481
12120 	 -7.953
12130 	 -7.534
12140 	 -7.799
12148 	 -7.965
12154 	 -9.001
12156 	 -9.253
12160 	 -9.611
12164 	 -9.501
12178 	 -9.594
12180 	 -9.879
12184 	 -9.731
12186 	 -10.033
12190 	 -10.349
12192 	 -10.43
12198 	 -10.408
12200 	 -10.272
12210 	 -10.373
12212 	 -11.417
12226 	 -11.755
12228 	 -11.914
12230 	 -11.817
12234 	 -13.199
12236 	 -13.788
12246 	 -14.053
12248 	 -13.997
12252 	 -13.318
12254 	 -13.084
12256 	 -12.982
12258 	 -13.206
12260 	 -12.889
12264 	 -12.824
12270 	 -12.951
12272 	 -13.108
12274 	 -11.856
12276 	 -11.799
12282 	 -11.473
12286 	 -11.493
12288 	 -11.667
12290 	 -11.395
12296 	 -11.791
12304 	 -11.526
12310 	 -11.682
12314 	 -11.645
12320 	 -11.647
12324 	 -11.043
12328 	 -10.904
12330 	 -10.929
12332 	 -10.961
12334 	 -10.938
12338 	 -10.686
12344 	 -9.89
12346 	 -9.952
12350 	 -9.886
12358 	 -9.175
12360 	 -8.223
12372 	 -8.139
12374 	 -8.409
12376 	 -8.308
12380 	 -8.168
12382 	 -8.16
12390 	 -8.098
12392 	 -8.074
12398 	 -8.069
12404 	 -7.541
12406 	 -7.423
12412 	 -7.112
12420 	 -7.101
12432 	 -6.666
12436 	 -7.107
12438 	 -6.278
12444 	 -6.311
12446 	 -6.273
12448 	 -6.159
12452 	 -6.171
12456 	 -6.122
12460 	 -6.039
12462 	 -6.12
12466 	 -6.867
12470 	 -6.768
12478 	 -6.512
12480 	 -6.396
12488 	 -6.47
12494 	 -6.431
12512 	 -6.779
12518 	 -6.825
12520 	 -6.795
12522 	 -6.731
12524 	 -6.8
12532 	 -6.791
12542 	 -7.022
12548 	 -7.011
12550 	 -6.337
12552 	 -6.217
12574 	 -6.45
12576 	 -6.446
12590 	 -6.435
12592 	 -6.261
12624 	 -6.734
12630 	 -7.087
12632 	 -7.214
12638 	 -7.21
12640 	 -7.164
12644 	 -7.27
12648 	 -7.422
12658 	 -7.407
12662 	 -7.399
12666 	 -7.336
12668 	 -7.372
12672 	 -7.356
12684 	 -7.158
12688 	 -7.122
12698 	 -6.934
12704 	 -6.885
12710 	 -6.881
12716 	 -6.878
12722 	 -6.711
12732 	 -6.737
12736 	 -6.413
12750 	 -6.319
12758 	 -6.317
12762 	 -6.294
12768 	 -6.727
12774 	 -6.716
12776 	 -6.706
12792 	 -6.569
12794 	 -6.641
12798 	 -6.631
12800 	 -6.508
12804 	 -6.615
12814 	 -6.613
12826 	 -6.968
12828 	 -6.94
12840 	 -6.904
12852 	 -6.841
12876 	 -6.913
12888 	 -6.93
12892 	 -7.556
12898 	 -7.733
12904 	 -7.666
12906 	 -7.66
12908 	 -7.69
12916 	 -7.616
12918 	 -7.527
12920 	 -7.437
12928 	 -7.593
12930 	 -7.578
12936 	 -7.518
12942 	 -7.456
12948 	 -7.342
12950 	 -7.35
12952 	 -7.307
12954 	 -7.235
12956 	 -7.236
12966 	 -7.265
12968 	 -7.524
12972 	 -7.345
12982 	 -8.023
12986 	 -7.774
12990 	 -7.396
12996 	 -7.391
13004 	 -7.317
13006 	 -7.322
13008 	 -7.308
13010 	 -7.325
13012 	 -7.368
13018 	 -7.334
13022 	 -7.362
13026 	 -7.262
13028 	 -7.221
13042 	 -7.189
13048 	 -5.871
13052 	 -6.227
13054 	 -6.025
13056 	 -5.995
13060 	 -5.976
13062 	 -6.119
13064 	 -6.055
13068 	 -5.936
13072 	 -5.79
13074 	 -5.925
13080 	 -5.919
13082 	 -5.915
13092 	 -5.894
13094 	 -5.666
13096 	 -5.607
13100 	 -5.65
13102 	 -5.645
13104 	 -5.635
13114 	 -5.614
13118 	 -5.585
13126 	 -5.494
13130 	 -5.612
13132 	 -5.532
13136 	 -5.351
13138 	 -5.637
13144 	 -5.599
13150 	 -5.496
13154 	 -6.047
13156 	 -5.953
13158 	 -5.939
13164 	 -6.009
13166 	 -6.242
13168 	 -6.194
13182 	 -6.24
13186 	 -6.051
13192 	 -5.988
13194 	 -5.948
13206 	 -6.193
13214 	 -6.229
13216 	 -5.988
13222 	 -5.938
13224 	 -5.936
13226 	 -5.865
13228 	 -5.834
13236 	 -5.853
13240 	 -5.886
13246 	 -5.817
13248 	 -5.581
13250 	 -5.498
13256 	 -5.257
13258 	 -5.183
13260 	 -5.12
13262 	 -5.107
13268 	 -5.097
13270 	 -5.083
13274 	 -5.052
13276 	 -4.911
13284 	 -4.536
13288 	 -4.535
13290 	 -4.518
13294 	 -4.472
13296 	 -4.463
13304 	 -4.444
13310 	 -4.549
13320 	 -4.533
13324 	 -4.416
13328 	 -4.222
13336 	 -4.191
13340 	 -4
13342 	 -4.038
13366 	 -3.967
13370 	 -4.121
13372 	 -4.109
13380 	 -4.235
13384 	 -4.124
13388 	 -4.077
13398 	 -4.101
13408 	 -4.185
13410 	 -4.039
13414 	 -4.02
13422 	 -3.965
13444 	 -3.99
13448 	 -4.043
13454 	 -4.027
13460 	 -4.054
13470 	 -4.101
13474 	 -4.095
13476 	 -4.091
13478 	 -4.033
13480 	 -4.072
13484 	 -4.088
13492 	 -4.123
13498 	 -3.901
13508 	 -3.953
13510 	 -3.867
13514 	 -3.858
13530 	 -3.336
13542 	 -3.369
13550 	 -3.317
13552 	 -3.288
13556 	 -3.328
13568 	 -3.271
13580 	 -3.497
13586 	 -3.466
13592 	 -3.443
13604 	 -3.321
13648 	 -2.142
13650 	 -2.102
13654 	 -2.1
13658 	 -2.075
13670 	 -2.073
13696 	 -2.034
13712 	 -2.096
13716 	 -2.177
13740 	 -2.159
13744 	 -2.058
13754 	 -2.048
13760 	 -2.032
13762 	 -2.055
13766 	 -2.041
13770 	 -2.077
13804 	 -1.628
13820 	 -1.625
13828 	 -1.451
13842 	 -1.447
13848 	 -1.438
13852 	 -1.438
13866 	 -1.365
13870 	 -1.345
13878 	 -1.245
13884 	 -1.244
13894 	 -1.057
13900 	 -1.049
13902 	 -0.989
13906 	 -0.96
13912 	 -0.934
13930 	 -0.906
13938 	 -0.721
13942 	 -0.712
13948 	 -0.704
13952 	 -0.687
13968 	 -0.635
13988 	 -0.535
14008 	 -0.524
14014 	 -0.509
14020 	 -0.475
14048 	 -0.423
14058 	 -0.419
14120 	 -0.416
14132 	 -0.329
14136 	 -0.201
14160 	 -0.2
14212 	 -0.199
14218 	 -0.197
14226 	 -0.192
14232 	 -0.191
14242 	 -0.189
14318 	 -0.187
14326 	 -0.186
14378 	 -0.144
14504 	 -0.142
14542 	 -0.134
15000 	 -1.405
15024 	 -1.525
15050 	 -2.053
15078 	 -2.37
15112 	 -2.412
15158 	 -2.461
15162 	 -2.481
15174 	 -2.457
15186 	 -2.152
15216 	 -1.955
15222 	 -1.952
15232 	 -1.776
15238 	 -1.84
15262 	 -1.827
15268 	 -1.741
15282 	 -1.609
15298 	 -1.436
15310 	 -1.497
15336 	 -1.945
15342 	 -1.942
15346 	 -1.916
15356 	 -2.171
15372 	 -2.169
15374 	 -1.594
15400 	 -1.065
15422 	 -0.826
15454 	 -0.825
15456 	 -0.43
15470 	 -0.426
15486 	 -0.14
15558 	 -0.038
15660 	 -0.035
15708 	 -0.029
15864 	 -0.02
15888 	 -0.017
15904 	 -0.009
16374 	 -0.008
18000 	 -2.128
18020 	 -2.236
18042 	 -2.716
18064 	 -2.807
18088 	 -2.246
18120 	 -1.719
18154 	 -2.216
18180 	 -1.952
18190 	 -2.346
18234 	 -2.844
18252 	 -2.836
18262 	 -2.557
18270 	 -2.234
18278 	 -2.213
18286 	 -2.166
18296 	 -3.081
18316 	 -3.096
18328 	 -3.462
18336 	 -3.345
18342 	 -3.418
18348 	 -3.221
18360 	 -3.029
18368 	 -2.57
18384 	 -2.591
18402 	 -1.978
18420 	 -1.027
18426 	 -0.895
18434 	 -0.718
18448 	 -0.208
18472 	 -0.163
18552 	 -0.016
18864 	 -0.004
19002 	 0
21000 	 -1.44
21001 	 -1.44
