0 	 0
3000 	 -1.376
3024 	 -1.496
3050 	 -1.88
3062 	 -2.472
3078 	 -3.176
3112 	 -3.62
3158 	 -3.808
3164 	 -3.728
3186 	 -2.828
3198 	 -2.688
3216 	 -1.912
3232 	 -1.736
3238 	 -1.364
3262 	 -0.608
3296 	 -0.264
3400 	 -0.024
3636 	 -0.008
3904 	 0
6000 	 -2.478
6020 	 -2.638
6042 	 -3.286
6064 	 -3.582
6088 	 -3.11
6120 	 -2.686
6138 	 -2.872
6154 	 -3.312
6180 	 -3.048
6190 	 -3.516
6198 	 -3.5
6234 	 -3.9
6284 	 -4.203
6296 	 -4.179
6346 	 -4.159
6360 	 -2.871
6374 	 -2.271
6376 	 -1.719
6424 	 -1.319
6444 	 -0.761
6504 	 -0.637
6506 	 -0.613
6552 	 -0.501
6634 	 -0.359
6704 	 -0.331
6710 	 -0.307
6726 	 -0.295
6728 	 -0.267
6782 	 -0.263
6894 	 -0.165
6990 	 -0.145
6994 	 -0.125
7002 	 -0.093
7272 	 -0.089
7278 	 -0.085
7290 	 -0.073
7324 	 -0.025
9000 	 -1.433
9024 	 -1.537
9050 	 -2.497
9078 	 -3.177
9112 	 -3.761
9158 	 -3.713
9162 	 -3.797
9174 	 -3.705
9186 	 -2.857
9216 	 -3.589
9232 	 -3.413
9238 	 -3.801
9262 	 -1.973
9268 	 -1.305
9298 	 -0.417
9304 	 -0.413
9306 	 -0.409
9334 	 -0.277
9400 	 -0.025
9660 	 -0.009
9904 	 -0.001
12000 	 -2.54
12002 	 -2.421
12004 	 -2.852
12006 	 -3.991
12008 	 -4.813
12010 	 -6.431
12012 	 -6.861
12016 	 -7.45
12018 	 -7.508
12020 	 -7.85
12028 	 -7.984
12030 	 -8.052
12032 	 -8.018
12034 	 -8.057
12040 	 -8.004
12042 	 -8.48
12054 	 -7.991
12064 	 -8.067
12070 	 -8.434
12072 	 -8.465
12074 	 -7.986
12082 	 -8.066
12088 	 -7.454
12100 	 -7.414
12102 	 -7.298
12112 	 -7.37
12120 	 -6.842
12130 	 -6.59
12140 	 -6.855
12148 	 -7.021
12154 	 -8.057
12156 	 -8.309
12160 	 -8.667
12164 	 -8.557
12178 	 -8.744
12180 	 -9.029
12186 	 -9.383
12190 	 -9.699
12192 	 -9.837
12198 	 -9.815
12200 	 -9.988
12206 	 -9.978
12212 	 -11.022
12226 	 -11.369
12228 	 -11.528
12230 	 -11.861
12234 	 -13.243
12236 	 -13.832
12246 	 -14.156
12252 	 -13.516
12254 	 -13.314
12256 	 -13.3
12260 	 -12.983
12264 	 -13.341
12270 	 -13.468
12274 	 -12.216
12276 	 -12.111
12282 	 -11.925
12286 	 -12.16
12290 	 -11.888
12296 	 -12.284
12304 	 -12.054
12310 	 -12.281
12312 	 -12.312
12314 	 -12.075
12324 	 -11.441
12332 	 -11.488
12334 	 -11.423
12338 	 -11.171
12344 	 -10.375
12350 	 -10.351
12352 	 -10.673
12354 	 -10.549
12358 	 -9.774
12360 	 -8.822
12368 	 -8.791
12372 	 -8.776
12374 	 -8.779
12376 	 -8.532
12380 	 -8.535
12382 	 -8.43
12390 	 -8.368
12392 	 -8.326
12394 	 -8.176
12398 	 -8.171
12402 	 -7.875
12404 	 -7.525
12406 	 -7.407
12410 	 -7.394
12412 	 -7.083
12420 	 -7.072
12432 	 -6.681
12436 	 -7.121
12438 	 -6.606
12444 	 -6.641
12446 	 -6.603
12448 	 -6.657
12452 	 -6.561
12454 	 -6.438
12456 	 -6.54
12460 	 -6.457
12462 	 -6.533
12466 	 -7.278
12470 	 -7.179
12478 	 -7.156
12480 	 -7.04
12484 	 -6.983
12488 	 -7.114
12494 	 -7.194
12498 	 -7.155
12502 	 -7.147
12512 	 -7.435
12520 	 -7.405
12522 	 -7.341
12528 	 -7.512
12532 	 -7.48
12542 	 -7.711
12548 	 -7.7
12550 	 -7.689
12552 	 -7.569
12564 	 -7.563
12574 	 -7.984
12576 	 -7.96
12578 	 -7.946
12582 	 -7.74
12586 	 -7.711
12590 	 -7.7
12592 	 -7.521
12594 	 -7.316
12624 	 -6.788
12630 	 -7.145
12638 	 -7.141
12640 	 -7.084
12642 	 -7.069
12646 	 -7.126
12648 	 -7.13
12654 	 -6.98
12658 	 -7.547
12666 	 -7.683
12668 	 -7.76
12672 	 -7.748
12684 	 -7.861
12692 	 -7.564
12694 	 -7.592
12704 	 -7.431
12710 	 -7.427
12716 	 -7.424
12722 	 -7.065
12732 	 -7.091
12736 	 -6.59
12748 	 -6.5
12750 	 -6.406
12758 	 -6.404
12768 	 -6.536
12774 	 -6.525
12776 	 -6.515
12786 	 -6.508
12792 	 -6.371
12798 	 -6.361
12802 	 -6.422
12804 	 -6.529
12806 	 -6.526
12810 	 -6.709
12826 	 -6.632
12828 	 -6.597
12834 	 -6.418
12852 	 -6.752
12858 	 -6.926
12864 	 -6.998
12886 	 -6.997
12894 	 -6.808
12908 	 -6.248
12916 	 -6.174
12918 	 -6.129
12920 	 -6.224
12922 	 -6.711
12924 	 -6.936
12930 	 -7.488
12934 	 -7.645
12936 	 -7.676
12950 	 -7.822
12954 	 -7.75
12958 	 -7.89
12970 	 -7.702
12972 	 -7.523
12980 	 -7.945
12982 	 -8.017
12986 	 -7.991
12990 	 -7.789
12996 	 -7.773
13002 	 -7.935
13004 	 -7.861
13006 	 -7.871
13008 	 -7.697
13010 	 -7.714
13012 	 -7.63
13020 	 -7.833
13022 	 -7.708
13026 	 -7.431
13028 	 -7.39
13038 	 -7.421
13042 	 -7.361
13044 	 -7.161
13046 	 -7.155
13052 	 -7.129
13056 	 -7.099
13058 	 -7.037
13060 	 -7.018
13068 	 -6.899
13076 	 -6.46
13082 	 -6.452
13086 	 -6.407
13090 	 -6.505
13094 	 -6.372
13100 	 -6.357
13102 	 -6.352
13106 	 -6.405
13108 	 -6.253
13114 	 -6.232
13116 	 -6.174
13120 	 -6.13
13126 	 -6.19
13132 	 -5.796
13138 	 -5.794
13146 	 -5.837
13152 	 -6.3
13156 	 -6.179
13158 	 -6.103
13162 	 -6.266
13168 	 -6.021
13178 	 -6.207
13180 	 -6.716
13182 	 -6.588
13188 	 -6.437
13194 	 -6.511
13206 	 -6.791
13210 	 -6.563
13212 	 -6.653
13216 	 -6.417
13222 	 -6.477
13224 	 -6.475
13226 	 -6.442
13228 	 -6.375
13230 	 -6.314
13236 	 -6.177
13240 	 -6.178
13242 	 -6.178
13244 	 -6.163
13246 	 -6.094
13248 	 -5.86
13250 	 -5.765
13252 	 -5.734
13256 	 -5.55
13258 	 -5.578
13262 	 -5.552
13266 	 -5.535
13268 	 -5.525
13270 	 -5.52
13284 	 -5.654
13286 	 -5.513
13290 	 -5.216
13292 	 -5.161
13304 	 -5.106
13308 	 -5.092
13314 	 -5.071
13316 	 -4.648
13326 	 -4.611
13328 	 -4.577
13338 	 -4.677
13340 	 -4.648
13350 	 -4.515
13366 	 -4.6
13370 	 -4.716
13372 	 -4.704
13374 	 -4.537
13382 	 -4.625
13384 	 -4.514
13388 	 -4.508
13396 	 -4.819
13398 	 -4.759
13406 	 -4.853
13418 	 -4.939
13430 	 -5.064
13442 	 -5.228
13454 	 -5.081
13474 	 -5.069
13476 	 -4.625
13478 	 -4.673
13484 	 -4.791
13488 	 -4.794
13498 	 -4.81
13508 	 -4.927
13514 	 -4.918
13516 	 -4.734
13518 	 -4.715
13526 	 -4.481
13528 	 -4.385
13536 	 -4.244
13542 	 -4.24
13544 	 -4.21
13550 	 -4.044
13562 	 -3.919
13566 	 -3.849
13576 	 -3.818
13594 	 -3.963
13604 	 -3.574
13606 	 -3.484
13616 	 -3.414
13638 	 -3.395
13648 	 -2.426
13668 	 -2.41
13674 	 -2.359
13676 	 -2.336
13684 	 -2.576
13692 	 -2.621
13696 	 -2.582
13700 	 -2.56
13710 	 -2.502
13712 	 -2.479
13718 	 -2.346
13726 	 -2.529
13736 	 -2.494
13740 	 -2.258
13744 	 -2.165
13758 	 -2.132
13760 	 -2.112
13766 	 -2.096
13778 	 -2.095
13782 	 -2.09
13788 	 -2.082
13790 	 -2.048
13798 	 -2.011
13804 	 -1.956
13820 	 -1.941
13838 	 -2.198
13848 	 -2.197
13856 	 -2.178
13860 	 -2.422
13874 	 -2.251
13878 	 -2.106
13880 	 -2.087
13884 	 -2.086
13896 	 -2.071
13898 	 -2.072
13900 	 -2.064
13902 	 -2.011
13906 	 -2.003
13912 	 -1.997
13914 	 -1.991
13920 	 -1.978
13922 	 -1.983
13932 	 -2.208
13940 	 -2.189
13942 	 -2.18
13958 	 -2.16
13960 	 -2.192
13962 	 -2.236
13966 	 -2.234
13992 	 -2.232
13998 	 -2.202
14000 	 -2.197
14008 	 -2.193
14010 	 -2.183
14038 	 -2.172
14048 	 -2.117
14058 	 -2.112
14068 	 -1.84
14070 	 -1.837
14090 	 -1.804
14092 	 -1.768
14114 	 -1.895
14120 	 -1.892
14130 	 -2.04
14136 	 -1.894
14140 	 -1.965
14152 	 -2.029
14170 	 -2.192
14176 	 -2.184
14190 	 -2.114
14200 	 -2.11
14202 	 -2.122
14212 	 -2.12
14218 	 -1.992
14224 	 -1.982
14230 	 -1.978
14232 	 -1.962
14240 	 -1.943
14268 	 -1.973
14278 	 -1.967
14284 	 -1.96
14292 	 -1.924
14294 	 -1.891
14306 	 -1.916
14318 	 -1.914
14320 	 -1.877
14326 	 -1.876
14330 	 -1.801
14338 	 -1.888
14378 	 -1.848
14380 	 -1.738
14382 	 -1.651
14384 	 -1.711
14388 	 -1.778
14406 	 -1.772
14422 	 -1.65
14424 	 -1.613
14430 	 -1.447
14438 	 -1.379
14440 	 -1.314
14450 	 -1.316
14458 	 -1.264
14460 	 -1.249
14474 	 -1.095
14478 	 -0.991
14494 	 -0.918
14504 	 -0.905
14506 	 -0.904
14508 	 -0.866
14518 	 -0.865
14522 	 -0.824
14534 	 -0.891
14556 	 -0.736
14570 	 -0.73
14602 	 -0.718
14612 	 -0.75
14640 	 -0.742
14652 	 -0.507
14658 	 -0.503
14670 	 -0.489
14698 	 -0.323
14700 	 -0.314
14718 	 -0.29
14722 	 -0.248
14740 	 -0.243
14766 	 -0.222
14784 	 -0.189
14794 	 -0.188
15000 	 -1.423
15024 	 -1.573
15050 	 -2.337
15078 	 -2.917
15112 	 -3.363
15158 	 -3.437
15162 	 -3.502
15174 	 -3.432
15186 	 -2.995
15216 	 -3.44
15222 	 -3.437
15232 	 -3.261
15238 	 -3.491
15262 	 -2.656
15266 	 -2.598
15268 	 -2.512
15276 	 -2.205
15282 	 -2.072
15298 	 -1.899
15300 	 -1.561
15308 	 -1.578
15310 	 -1.618
15334 	 -1.767
15336 	 -2.067
15342 	 -2.064
15346 	 -2.038
15350 	 -1.994
15354 	 -2.079
15356 	 -2.247
15372 	 -2.047
15374 	 -1.667
15400 	 -1.072
15422 	 -0.826
15456 	 -0.564
15458 	 -0.43
15470 	 -0.425
15486 	 -0.233
15488 	 -0.148
15558 	 -0.078
15566 	 -0.047
15648 	 -0.046
15656 	 -0.043
15658 	 -0.04
15660 	 -0.037
15746 	 -0.036
15810 	 -0.035
15846 	 -0.033
15864 	 -0.025
15888 	 -0.022
15890 	 -0.019
15904 	 -0.011
16332 	 -0.007
18000 	 -2.128
18020 	 -2.254
18042 	 -2.798
18064 	 -2.975
18088 	 -2.46
18120 	 -1.931
18154 	 -3.112
18180 	 -2.848
18190 	 -3.636
18234 	 -5
18252 	 -4.976
18262 	 -4.696
18270 	 -3.727
18278 	 -3.664
18286 	 -3.523
18296 	 -4.415
18316 	 -4.46
18328 	 -4.826
18336 	 -4.475
18342 	 -4.514
18348 	 -3.923
18360 	 -3.233
18368 	 -2.774
18384 	 -2.795
18402 	 -2.03
18420 	 -1.079
18426 	 -0.947
18434 	 -0.77
18448 	 -0.26
18472 	 -0.215
18552 	 -0.024
18864 	 -0.012
19002 	 0
21000 	 -1.44
21001 	 -1.44
