0 	 0
3000 	 -1.376
3024 	 -1.496
3050 	 -1.88
3062 	 -2.472
3078 	 -3.176
3112 	 -3.62
3158 	 -3.808
3164 	 -3.728
3186 	 -2.828
3198 	 -2.688
3216 	 -1.912
3232 	 -1.736
3238 	 -1.364
3262 	 -0.608
3296 	 -0.264
3400 	 -0.024
3636 	 -0.008
3904 	 0
6000 	 -2.478
6020 	 -2.638
6042 	 -3.286
6064 	 -3.582
6088 	 -3.11
6120 	 -2.686
6138 	 -2.872
6154 	 -3.312
6180 	 -3.048
6190 	 -3.516
6198 	 -3.5
6234 	 -3.9
6284 	 -4.203
6296 	 -4.179
6346 	 -4.159
6360 	 -2.871
6374 	 -2.271
6376 	 -1.719
6424 	 -1.319
6444 	 -0.761
6504 	 -0.637
6506 	 -0.613
6552 	 -0.501
6634 	 -0.359
6704 	 -0.331
6710 	 -0.307
6726 	 -0.295
6728 	 -0.267
6782 	 -0.263
6894 	 -0.165
6990 	 -0.145
6994 	 -0.125
7002 	 -0.093
7272 	 -0.089
7278 	 -0.085
7290 	 -0.073
7324 	 -0.025
9000 	 -1.433
9024 	 -1.537
9050 	 -2.497
9078 	 -3.177
9112 	 -3.761
9158 	 -3.713
9162 	 -3.797
9174 	 -3.705
9186 	 -2.857
9216 	 -3.589
9232 	 -3.413
9238 	 -3.801
9262 	 -1.973
9268 	 -1.305
9298 	 -0.417
9304 	 -0.413
9306 	 -0.409
9334 	 -0.277
9400 	 -0.025
9660 	 -0.009
9904 	 -0.001
12000 	 -2.554
12002 	 -2.49
12004 	 -3.433
12006 	 -4.797
12008 	 -6.543
12010 	 -7.688
12012 	 -8.539
12016 	 -8.979
12020 	 -9.547
12028 	 -9.681
12030 	 -9.749
12032 	 -9.496
12040 	 -9.619
12042 	 -10.095
12048 	 -9.817
12054 	 -9.328
12064 	 -9.428
12070 	 -9.945
12072 	 -9.981
12074 	 -9.502
12088 	 -8.89
12100 	 -8.698
12102 	 -8.536
12114 	 -8.818
12120 	 -8.29
12130 	 -7.841
12140 	 -8.106
12148 	 -8.34
12154 	 -9.376
12162 	 -9.349
12164 	 -9.239
12178 	 -9.336
12180 	 -9.408
12184 	 -9.112
12186 	 -9.414
12190 	 -9.73
12192 	 -9.616
12198 	 -9.608
12200 	 -9.184
12210 	 -9.385
12212 	 -10.429
12226 	 -11.086
12228 	 -11.245
12230 	 -10.947
12234 	 -12.329
12242 	 -12.347
12248 	 -12.395
12252 	 -11.677
12254 	 -11.273
12260 	 -10.956
12264 	 -10.86
12266 	 -10.605
12270 	 -10.732
12274 	 -9.48
12276 	 -9.518
12282 	 -8.89
12290 	 -8.618
12296 	 -9.014
12304 	 -8.378
12320 	 -8.382
12324 	 -7.778
12328 	 -7.761
12330 	 -7.683
12332 	 -7.715
12334 	 -7.69
12338 	 -7.438
12344 	 -6.642
12350 	 -6.623
12356 	 -6.571
12358 	 -6.229
12360 	 -5.277
12380 	 -5.333
12382 	 -5.325
12384 	 -5.347
12386 	 -5.406
12398 	 -5.401
12404 	 -5.129
12412 	 -4.818
12420 	 -4.807
12430 	 -4.896
12436 	 -5.365
12438 	 -5.206
12444 	 -5.226
12452 	 -5.123
12460 	 -5.04
12462 	 -5.066
12466 	 -5.523
12474 	 -5.484
12476 	 -5.455
12480 	 -5.18
12494 	 -5.141
12508 	 -5.301
12510 	 -5.187
12514 	 -5.214
12520 	 -5.184
12524 	 -5.088
12532 	 -5.07
12538 	 -5.091
12542 	 -4.954
12550 	 -5.1
12552 	 -4.98
12560 	 -4.935
12574 	 -5.238
12580 	 -5.225
12588 	 -5.396
12590 	 -5.385
12592 	 -5.248
12600 	 -5.15
12606 	 -5.458
12608 	 -5.642
12624 	 -5.942
12630 	 -6.551
12636 	 -6.862
12638 	 -6.858
12640 	 -6.814
12642 	 -6.8
12644 	 -6.968
12650 	 -7.191
12656 	 -7.183
12660 	 -7.178
12668 	 -7.214
12670 	 -7.174
12676 	 -7.585
12678 	 -7.508
12698 	 -7.309
12706 	 -7.501
12708 	 -7.48
12710 	 -7.476
12716 	 -7.473
12718 	 -7.252
12732 	 -7.278
12742 	 -7.271
12744 	 -6.983
12758 	 -6.981
12768 	 -7.438
12770 	 -7.416
12790 	 -7.527
12798 	 -7.578
12800 	 -7.437
12802 	 -7.524
12804 	 -7.631
12814 	 -7.627
12820 	 -7.674
12826 	 -7.715
12828 	 -7.687
12840 	 -7.728
12846 	 -7.776
12856 	 -7.797
12860 	 -7.816
12870 	 -7.643
12874 	 -7.653
12878 	 -7.854
12881 	 -8.249
12882 	 -8.246
12888 	 -8.479
12898 	 -8.657
12908 	 -8.88
12916 	 -8.806
12920 	 -8.754
12922 	 -8.63
12924 	 -8.827
12926 	 -8.699
12938 	 -8.869
12946 	 -8.844
12948 	 -8.797
12954 	 -8.748
12960 	 -9.311
12964 	 -9.307
12966 	 -9.175
12968 	 -9.076
12972 	 -8.902
12974 	 -9.036
12978 	 -9.124
12980 	 -9.366
12982 	 -9.208
12986 	 -9.061
12990 	 -9.041
12994 	 -9.092
12996 	 -9.076
12998 	 -8.887
13002 	 -8.87
13004 	 -8.782
13006 	 -8.792
13008 	 -8.776
13010 	 -8.777
13012 	 -8.662
13016 	 -8.686
13020 	 -8.491
13022 	 -8.429
13024 	 -8.441
13028 	 -8.327
13032 	 -8.146
13034 	 -8.074
13036 	 -7.827
13040 	 -8.084
13042 	 -8.053
13044 	 -8.096
13046 	 -7.948
13052 	 -8.016
13054 	 -8.082
13056 	 -7.95
13058 	 -7.938
13062 	 -7.651
13064 	 -7.779
13068 	 -7.666
13070 	 -7.567
13076 	 -7.427
13082 	 -7.432
13084 	 -7.096
13086 	 -7.094
13090 	 -6.985
13102 	 -6.853
13112 	 -6.694
13114 	 -6.659
13116 	 -6.645
13122 	 -6.796
13126 	 -6.87
13128 	 -6.764
13136 	 -6.721
13140 	 -6.849
13144 	 -6.872
13146 	 -6.705
13154 	 -6.673
13158 	 -7.073
13160 	 -7.236
13166 	 -7.39
13168 	 -7.353
13178 	 -7.72
13182 	 -7.819
13184 	 -7.782
13194 	 -7.668
13206 	 -7.926
13210 	 -7.976
13224 	 -7.642
13230 	 -7.68
13236 	 -7.598
13246 	 -7.529
13248 	 -7.31
13250 	 -6.847
13252 	 -6.835
13256 	 -6.57
13262 	 -6.544
13264 	 -6.293
13268 	 -6.283
13270 	 -6.254
13274 	 -6.222
13276 	 -5.823
13288 	 -5.749
13290 	 -5.741
13292 	 -5.642
13294 	 -5.349
13306 	 -5.322
13324 	 -4.922
13328 	 -4.89
13330 	 -4.994
13336 	 -4.992
13342 	 -5.184
13348 	 -5.21
13358 	 -5.427
13364 	 -5.378
13366 	 -5.334
13372 	 -5.322
13384 	 -5.211
13386 	 -5.21
13388 	 -5.206
13390 	 -5.141
13392 	 -5.129
13398 	 -5.171
13406 	 -5.186
13426 	 -5.16
13444 	 -5.245
13446 	 -5.021
13454 	 -5.006
13462 	 -4.938
13470 	 -5.042
13472 	 -5.04
13474 	 -5.028
13480 	 -5.042
13484 	 -5.058
13488 	 -5.024
13494 	 -5.047
13498 	 -5.172
13502 	 -5.143
13514 	 -5.134
13516 	 -4.955
13536 	 -4.896
13538 	 -4.882
13540 	 -4.887
13542 	 -4.885
13548 	 -4.938
13558 	 -4.926
13560 	 -4.895
13564 	 -4.811
13576 	 -4.794
13580 	 -4.721
13592 	 -4.702
13598 	 -4.684
13604 	 -4.65
13618 	 -4.567
13624 	 -4.547
13626 	 -4.528
13642 	 -4.522
13646 	 -4.505
13648 	 -3.029
13654 	 -3.025
13666 	 -3.017
13684 	 -2.988
13692 	 -3.428
13696 	 -3.389
13702 	 -3.236
13706 	 -3.39
13708 	 -3.38
13716 	 -3.351
13722 	 -3.314
13724 	 -3.255
13736 	 -3.222
13740 	 -3.267
13742 	 -3.273
13744 	 -3.332
13746 	 -3.388
13748 	 -3.382
13760 	 -3.366
13762 	 -3.34
13766 	 -3.326
13772 	 -3.49
13774 	 -3.595
13788 	 -3.588
13792 	 -3.603
13804 	 -3.108
13810 	 -2.729
13816 	 -2.767
13820 	 -2.63
13830 	 -2.861
13834 	 -2.779
13836 	 -2.807
13858 	 -2.793
13878 	 -3.003
13882 	 -2.991
13892 	 -3.129
13900 	 -3.124
13902 	 -3.071
13908 	 -2.916
13912 	 -2.904
13926 	 -2.959
13934 	 -2.772
13938 	 -2.885
13942 	 -2.871
13948 	 -2.753
13952 	 -2.821
13960 	 -2.792
13962 	 -2.904
13974 	 -3.284
13978 	 -3.283
14000 	 -3.169
14004 	 -2.986
14006 	 -3.28
14014 	 -3.277
14020 	 -3.124
14024 	 -3.327
14026 	 -3.172
14028 	 -3.153
14032 	 -3.113
14038 	 -3.112
14044 	 -3.078
14046 	 -3.179
14048 	 -3.127
14050 	 -3.035
14058 	 -2.878
14066 	 -2.691
14074 	 -2.69
14084 	 -2.483
14092 	 -2.486
14094 	 -2.489
14104 	 -2.531
14110 	 -2.53
14112 	 -2.723
14118 	 -2.597
14120 	 -2.594
14122 	 -2.524
14130 	 -2.618
14132 	 -2.507
14136 	 -2.38
14148 	 -2.152
14150 	 -1.99
14154 	 -1.809
14156 	 -1.8
14168 	 -1.768
14170 	 -1.775
14180 	 -1.799
14190 	 -1.702
14200 	 -1.7
14204 	 -1.715
14212 	 -1.713
14216 	 -1.219
14222 	 -1.285
14224 	 -1.274
14226 	 -1.339
14232 	 -1.338
14240 	 -1.229
14244 	 -1.242
14246 	 -1.255
14248 	 -1.02
14268 	 -0.989
14284 	 -0.928
14292 	 -0.911
14302 	 -0.885
14310 	 -0.73
14314 	 -0.729
14318 	 -0.727
14326 	 -0.689
14332 	 -0.436
14360 	 -0.391
14366 	 -0.39
14378 	 -0.35
14404 	 -0.267
14432 	 -0.256
14452 	 -0.234
14502 	 -0.226
14510 	 -0.225
14518 	 -0.208
14560 	 -0.202
14570 	 -0.196
14580 	 -0.192
14586 	 -0.184
14588 	 -0.183
14620 	 -0.182
14710 	 -0.179
15000 	 -1.412
15024 	 -1.532
15050 	 -2.203
15078 	 -2.645
15112 	 -2.892
15158 	 -2.963
15162 	 -3.005
15174 	 -2.957
15186 	 -2.516
15216 	 -2.715
15222 	 -2.712
15232 	 -2.536
15238 	 -2.663
15262 	 -2.284
15268 	 -2.112
15282 	 -1.848
15298 	 -1.501
15310 	 -1.561
15336 	 -2.011
15342 	 -2.009
15346 	 -1.957
15356 	 -2.212
15372 	 -2.208
15374 	 -1.623
15382 	 -1.622
15400 	 -1.07
15422 	 -0.832
15456 	 -0.434
15470 	 -0.43
15486 	 -0.146
15558 	 -0.05
15660 	 -0.044
15708 	 -0.026
15864 	 -0.023
15888 	 -0.02
15904 	 -0.012
16248 	 -0.011
16446 	 -0.01
18000 	 -2.128
18020 	 -2.245
18042 	 -2.757
18064 	 -2.891
18088 	 -2.353
18120 	 -1.825
18154 	 -2.664
18180 	 -2.4
18190 	 -2.991
18234 	 -3.922
18252 	 -3.906
18262 	 -3.627
18270 	 -2.981
18278 	 -2.939
18286 	 -2.845
18296 	 -3.748
18316 	 -3.778
18328 	 -4.144
18336 	 -3.91
18342 	 -3.966
18348 	 -3.572
18360 	 -3.131
18368 	 -2.672
18384 	 -2.693
18402 	 -2.004
18420 	 -1.053
18426 	 -0.921
18434 	 -0.744
18448 	 -0.234
18472 	 -0.189
18552 	 -0.02
18864 	 -0.008
19002 	 0
21000 	 -1.44
21001 	 -1.44
