0 	 0
3000 	 -1.376
3024 	 -1.496
3050 	 -1.88
3062 	 -2.472
3078 	 -3.176
3112 	 -3.62
3158 	 -3.808
3164 	 -3.728
3186 	 -2.828
3198 	 -2.688
3216 	 -1.912
3232 	 -1.736
3238 	 -1.364
3262 	 -0.608
3296 	 -0.264
3400 	 -0.024
3636 	 -0.008
3904 	 0
6000 	 -2.478
6020 	 -2.638
6042 	 -3.286
6064 	 -3.582
6088 	 -3.11
6120 	 -2.686
6138 	 -2.872
6154 	 -3.312
6180 	 -3.048
6190 	 -3.516
6198 	 -3.5
6234 	 -3.9
6284 	 -4.203
6296 	 -4.179
6346 	 -4.159
6360 	 -2.871
6374 	 -2.271
6376 	 -1.719
6424 	 -1.319
6444 	 -0.761
6504 	 -0.637
6506 	 -0.613
6552 	 -0.501
6634 	 -0.359
6704 	 -0.331
6710 	 -0.307
6726 	 -0.295
6728 	 -0.267
6782 	 -0.263
6894 	 -0.165
6990 	 -0.145
6994 	 -0.125
7002 	 -0.093
7272 	 -0.089
7278 	 -0.085
7290 	 -0.073
7324 	 -0.025
9000 	 -1.433
9024 	 -1.537
9050 	 -2.497
9078 	 -3.177
9112 	 -3.761
9158 	 -3.713
9162 	 -3.797
9174 	 -3.705
9186 	 -2.857
9216 	 -3.589
9232 	 -3.413
9238 	 -3.801
9262 	 -1.973
9268 	 -1.305
9298 	 -0.417
9304 	 -0.413
9306 	 -0.409
9334 	 -0.277
9400 	 -0.025
9660 	 -0.009
9904 	 -0.001
12000 	 -2.554
12002 	 -2.49
12004 	 -3.313
12006 	 -4.677
12008 	 -5.19
12010 	 -6.335
12012 	 -6.541
12016 	 -6.981
12020 	 -7.21
12028 	 -7.344
12030 	 -7.412
12032 	 -7.159
12040 	 -7.018
12042 	 -7.494
12048 	 -7.216
12054 	 -6.727
12064 	 -6.827
12070 	 -6.809
12072 	 -6.845
12074 	 -6.366
12088 	 -5.754
12100 	 -5.731
12102 	 -5.569
12120 	 -5.041
12130 	 -4.995
12140 	 -5.26
12148 	 -5.494
12154 	 -6.53
12162 	 -6.503
12164 	 -6.393
12178 	 -6.535
12180 	 -6.607
12186 	 -6.961
12190 	 -7.277
12198 	 -7.269
12200 	 -7.313
12206 	 -7.303
12212 	 -8.347
12226 	 -8.595
12228 	 -8.754
12230 	 -8.864
12234 	 -10.246
12252 	 -9.606
12254 	 -9.505
12256 	 -9.654
12260 	 -9.337
12264 	 -9.71
12270 	 -9.837
12274 	 -8.585
12282 	 -8.428
12286 	 -8.566
12290 	 -8.294
12296 	 -8.69
12304 	 -8.46
12312 	 -8.491
12324 	 -7.999
12332 	 -8.046
12334 	 -8.021
12338 	 -7.769
12344 	 -6.973
12350 	 -6.958
12354 	 -6.843
12358 	 -6.531
12360 	 -5.579
12368 	 -5.548
12372 	 -5.533
12382 	 -5.428
12386 	 -5.69
12394 	 -5.54
12398 	 -5.535
12404 	 -5.263
12410 	 -5.25
12412 	 -4.939
12420 	 -4.928
12430 	 -5.017
12436 	 -5.508
12438 	 -5.366
12452 	 -5.263
12454 	 -5.361
12458 	 -5.285
12460 	 -5.202
12464 	 -5.267
12466 	 -5.724
12468 	 -5.66
12474 	 -5.621
12494 	 -5.582
12496 	 -5.564
12502 	 -5.464
12520 	 -5.434
12524 	 -5.338
12542 	 -5.154
12548 	 -4.957
12552 	 -4.837
12562 	 -4.821
12564 	 -4.815
12568 	 -4.794
12574 	 -5.08
12576 	 -5.06
12578 	 -5.046
12586 	 -5.037
12590 	 -5.043
12592 	 -4.864
12608 	 -5.048
12610 	 -5.025
12616 	 -5.149
12618 	 -5.072
12630 	 -5.433
12638 	 -5.429
12640 	 -5.372
12642 	 -5.358
12644 	 -5.526
12658 	 -5.297
12668 	 -5.333
12672 	 -5.321
12676 	 -5.303
12680 	 -5.433
12710 	 -5.581
12716 	 -5.578
12732 	 -5.604
12742 	 -5.463
12750 	 -5.456
12752 	 -5.204
12758 	 -5.202
12768 	 -5.318
12802 	 -5.405
12804 	 -5.512
12806 	 -5.509
12816 	 -6.08
12822 	 -6.016
12824 	 -6.14
12828 	 -6.105
12840 	 -6.241
12862 	 -6.103
12884 	 -6.051
12888 	 -6.313
12894 	 -6.002
12896 	 -5.985
12908 	 -5.326
12912 	 -5.296
12916 	 -5.222
12920 	 -5.132
12954 	 -5.063
12964 	 -5.059
12972 	 -4.885
12982 	 -4.605
12986 	 -4.579
12990 	 -4.576
12996 	 -4.56
13002 	 -4.543
13004 	 -4.457
13006 	 -4.467
13008 	 -4.453
13010 	 -4.451
13014 	 -4.447
13016 	 -4.434
13018 	 -4.412
13022 	 -4.35
13028 	 -4.309
13038 	 -4.269
13042 	 -4.229
13046 	 -4.351
13062 	 -4.044
13068 	 -3.925
13070 	 -3.817
13082 	 -3.809
13090 	 -3.698
13094 	 -4.215
13102 	 -4.169
13104 	 -4.507
13106 	 -4.805
13108 	 -4.778
13114 	 -4.757
13116 	 -5.03
13126 	 -5.029
13128 	 -5.125
13136 	 -5.237
13142 	 -5.222
13144 	 -5.281
13148 	 -4.995
13162 	 -5.443
13166 	 -5.428
13178 	 -5.519
13182 	 -5.502
13200 	 -5.479
13206 	 -5.404
13208 	 -5.231
13222 	 -4.968
13232 	 -4.944
13246 	 -4.875
13248 	 -4.287
13250 	 -4.138
13256 	 -4.133
13262 	 -4.107
13268 	 -4.097
13270 	 -4.092
13274 	 -4.082
13282 	 -3.905
13288 	 -4.134
13290 	 -4.117
13292 	 -4.072
13298 	 -4.135
13318 	 -4.071
13324 	 -4.028
13328 	 -3.99
13336 	 -4.489
13340 	 -4.348
13348 	 -4.362
13350 	 -4.587
13364 	 -4.484
13366 	 -4.518
13372 	 -4.541
13374 	 -4.818
13382 	 -4.747
13384 	 -4.636
13388 	 -4.632
13394 	 -4.372
13398 	 -4.317
13402 	 -4.308
13406 	 -4.233
13410 	 -4.207
13420 	 -4.245
13432 	 -4.44
13434 	 -4.256
13440 	 -4.178
13446 	 -4.148
13454 	 -4.133
13458 	 -3.897
13460 	 -3.779
13474 	 -3.767
13482 	 -3.494
13484 	 -3.787
13496 	 -3.562
13500 	 -3.554
13504 	 -3.625
13506 	 -3.619
13514 	 -3.591
13526 	 -3.639
13536 	 -3.539
13542 	 -3.535
13548 	 -3.477
13552 	 -3.57
13554 	 -3.58
13556 	 -3.724
13558 	 -3.658
13568 	 -3.8
13596 	 -3.85
13600 	 -3.881
13604 	 -3.759
13608 	 -3.805
13630 	 -3.849
13640 	 -3.918
13648 	 -2.862
13656 	 -2.921
13670 	 -3.058
13682 	 -3.036
13684 	 -2.775
13696 	 -2.736
13702 	 -2.59
13704 	 -2.452
13710 	 -2.521
13722 	 -2.52
13724 	 -2.519
13726 	 -2.485
13728 	 -2.363
13730 	 -2.368
13738 	 -2.314
13740 	 -2.409
13744 	 -2.313
13760 	 -2.293
13764 	 -2.379
13766 	 -2.365
13774 	 -2.307
13778 	 -2.235
13784 	 -2.01
13804 	 -1.648
13820 	 -1.642
13830 	 -1.618
13832 	 -1.592
13840 	 -1.724
13846 	 -1.687
13848 	 -1.804
13864 	 -1.887
13878 	 -1.787
13880 	 -1.922
13882 	 -1.919
13900 	 -1.914
13902 	 -1.861
13906 	 -1.97
13912 	 -1.964
13914 	 -1.944
13926 	 -1.968
13928 	 -1.94
13934 	 -1.931
13942 	 -1.922
13944 	 -1.913
13956 	 -1.902
13962 	 -1.777
13964 	 -1.774
13966 	 -1.764
13972 	 -1.76
13976 	 -1.754
13986 	 -1.996
13994 	 -1.944
14002 	 -1.838
14026 	 -2.016
14032 	 -2.007
14048 	 -1.955
14058 	 -1.95
14062 	 -1.949
14064 	 -2.118
14068 	 -2.032
14074 	 -2.09
14078 	 -2.088
14086 	 -2.134
14092 	 -2.133
14102 	 -2.121
14120 	 -2.118
14136 	 -1.991
14140 	 -1.961
14158 	 -1.949
14162 	 -1.932
14206 	 -1.927
14212 	 -1.925
14224 	 -2.124
14232 	 -1.985
14260 	 -1.975
14262 	 -1.9
14266 	 -2.099
14292 	 -2.248
14302 	 -2.244
14304 	 -2.028
14314 	 -1.738
14318 	 -1.736
14320 	 -1.729
14324 	 -1.509
14326 	 -1.508
14328 	 -1.525
14330 	 -1.511
14332 	 -1.489
14338 	 -1.44
14342 	 -1.4
14344 	 -1.393
14358 	 -1.171
14360 	 -1.042
14374 	 -0.988
14378 	 -0.962
14382 	 -0.904
14396 	 -0.86
14400 	 -0.838
14402 	 -0.819
14414 	 -0.795
14418 	 -0.754
14420 	 -0.713
14432 	 -0.687
14442 	 -0.705
14446 	 -0.696
14512 	 -0.743
14516 	 -0.715
14522 	 -0.709
14538 	 -0.707
14542 	 -0.548
14554 	 -0.514
14556 	 -0.521
14570 	 -0.456
14588 	 -0.323
14594 	 -0.299
14612 	 -0.244
14634 	 -0.227
14652 	 -0.221
14656 	 -0.203
14662 	 -0.195
14682 	 -0.187
14774 	 -0.155
15000 	 -1.416
15024 	 -1.564
15050 	 -2.187
15078 	 -2.642
15112 	 -2.892
15158 	 -2.864
15162 	 -2.907
15174 	 -2.861
15186 	 -2.428
15216 	 -2.525
15222 	 -2.522
15232 	 -2.346
15238 	 -2.504
15262 	 -1.818
15266 	 -1.796
15268 	 -1.71
15276 	 -1.56
15282 	 -1.427
15298 	 -1.254
15300 	 -1.076
15310 	 -1.117
15336 	 -1.415
15342 	 -1.413
15346 	 -1.387
15356 	 -1.557
15372 	 -1.553
15374 	 -1.173
15388 	 -1.172
15400 	 -0.726
15422 	 -0.566
15456 	 -0.304
15470 	 -0.299
15486 	 -0.107
15558 	 -0.037
15658 	 -0.033
15660 	 -0.03
15864 	 -0.022
15888 	 -0.019
15904 	 -0.011
16298 	 -0.009
16338 	 -0.007
18000 	 -2.128
18020 	 -2.236
18042 	 -2.716
18064 	 -2.81
18088 	 -2.232
18120 	 -1.658
18154 	 -2.416
18180 	 -2.152
18190 	 -2.608
18234 	 -3.44
18252 	 -3.424
18262 	 -3.238
18270 	 -2.592
18278 	 -2.55
18286 	 -2.456
18296 	 -3.002
18316 	 -3.032
18328 	 -3.276
18336 	 -3.042
18342 	 -3.068
18348 	 -2.674
18360 	 -2.166
18368 	 -1.86
18384 	 -1.874
18402 	 -1.364
18420 	 -0.73
18426 	 -0.642
18434 	 -0.524
18448 	 -0.184
18472 	 -0.154
18552 	 -0.016
18864 	 -0.008
19002 	 0
21000 	 -1.44
21001 	 -1.44
