0 	 0
3000 	 -1.376
3024 	 -1.496
3050 	 -1.88
3062 	 -2.472
3078 	 -3.176
3112 	 -3.62
3158 	 -3.808
3164 	 -3.728
3186 	 -2.828
3198 	 -2.688
3216 	 -1.912
3232 	 -1.736
3238 	 -1.364
3262 	 -0.608
3296 	 -0.264
3400 	 -0.024
3636 	 -0.008
3904 	 0
6000 	 -2.478
6020 	 -2.638
6042 	 -3.286
6064 	 -3.582
6088 	 -3.11
6120 	 -2.686
6138 	 -2.872
6154 	 -3.312
6180 	 -3.048
6190 	 -3.516
6198 	 -3.5
6234 	 -3.9
6284 	 -4.203
6296 	 -4.179
6346 	 -4.159
6360 	 -2.871
6374 	 -2.271
6376 	 -1.719
6424 	 -1.319
6444 	 -0.761
6504 	 -0.637
6506 	 -0.613
6552 	 -0.501
6634 	 -0.359
6704 	 -0.331
6710 	 -0.307
6726 	 -0.295
6728 	 -0.267
6782 	 -0.263
6894 	 -0.165
6990 	 -0.145
6994 	 -0.125
7002 	 -0.093
7272 	 -0.089
7278 	 -0.085
7290 	 -0.073
7324 	 -0.025
9000 	 -1.433
9024 	 -1.537
9050 	 -2.497
9078 	 -3.177
9112 	 -3.761
9158 	 -3.713
9162 	 -3.797
9174 	 -3.705
9186 	 -2.857
9216 	 -3.589
9232 	 -3.413
9238 	 -3.801
9262 	 -1.973
9268 	 -1.305
9298 	 -0.417
9304 	 -0.413
9306 	 -0.409
9334 	 -0.277
9400 	 -0.025
9660 	 -0.009
9904 	 -0.001
12000 	 -2.554
12002 	 -2.49
12004 	 -3.393
12006 	 -4.757
12008 	 -6.098
12010 	 -7.243
12012 	 -7.875
12016 	 -8.315
12020 	 -8.764
12028 	 -8.898
12030 	 -8.966
12032 	 -8.713
12040 	 -8.678
12042 	 -9.154
12048 	 -8.876
12054 	 -8.387
12064 	 -8.487
12070 	 -8.645
12072 	 -8.681
12074 	 -8.202
12086 	 -8.424
12088 	 -7.812
12100 	 -7.716
12102 	 -7.61
12114 	 -7.751
12120 	 -7.223
12130 	 -7.01
12132 	 -7.317
12140 	 -7.582
12148 	 -7.816
12154 	 -8.984
12162 	 -8.957
12164 	 -8.847
12178 	 -8.868
12180 	 -8.924
12184 	 -8.776
12186 	 -9.102
12190 	 -9.418
12192 	 -9.361
12198 	 -9.353
12200 	 -9.141
12210 	 -9.197
12212 	 -10.241
12226 	 -10.946
12228 	 -11.105
12230 	 -10.956
12234 	 -12.338
12236 	 -12.024
12242 	 -12.027
12248 	 -12.023
12252 	 -11.344
12254 	 -11.142
12260 	 -10.807
12264 	 -10.742
12270 	 -10.869
12272 	 -10.868
12274 	 -9.616
12276 	 -9.655
12282 	 -9.358
12290 	 -9.086
12296 	 -9.482
12302 	 -9.594
12304 	 -9.515
12320 	 -9.517
12324 	 -8.913
12328 	 -9.131
12330 	 -9.117
12332 	 -9.149
12334 	 -9.139
12336 	 -9.209
12338 	 -8.957
12340 	 -8.789
12344 	 -7.993
12350 	 -7.974
12352 	 -8.019
12354 	 -8.007
12356 	 -7.929
12358 	 -7.588
12360 	 -6.636
12368 	 -6.746
12380 	 -6.634
12382 	 -6.626
12386 	 -6.628
12398 	 -6.623
12402 	 -6.371
12404 	 -6.099
12406 	 -6.163
12412 	 -5.873
12420 	 -5.862
12430 	 -5.951
12436 	 -6.497
12438 	 -5.965
12444 	 -5.904
12452 	 -5.801
12460 	 -5.718
12462 	 -5.602
12464 	 -5.471
12466 	 -5.787
12474 	 -5.748
12476 	 -5.705
12494 	 -5.666
12496 	 -5.641
12500 	 -5.749
12502 	 -5.73
12516 	 -5.68
12520 	 -5.65
12524 	 -5.554
12526 	 -6.008
12532 	 -5.999
12538 	 -6.348
12540 	 -6.326
12542 	 -6.189
12550 	 -6.146
12552 	 -6.026
12572 	 -6.002
12574 	 -6.106
12590 	 -6.065
12592 	 -5.886
12602 	 -5.622
12604 	 -5.617
12608 	 -5.776
12614 	 -5.714
12626 	 -5.566
12630 	 -5.924
12638 	 -5.92
12640 	 -5.92
12642 	 -6.031
12644 	 -6.199
12656 	 -6.187
12668 	 -6.095
12674 	 -6.206
12676 	 -6.188
12678 	 -6.18
12700 	 -6.153
12702 	 -6.226
12710 	 -6.222
12712 	 -6.191
12714 	 -6.019
12716 	 -6.016
12732 	 -6.047
12738 	 -6.106
12742 	 -6.099
12754 	 -6.082
12758 	 -6.08
12768 	 -6.202
12786 	 -6.099
12790 	 -6.764
12794 	 -7.204
12802 	 -7.291
12804 	 -7.515
12814 	 -7.513
12816 	 -7.742
12822 	 -7.911
12824 	 -7.916
12826 	 -8.077
12828 	 -8.042
12832 	 -8.043
12836 	 -7.854
12838 	 -7.895
12840 	 -7.916
12848 	 -8.076
12850 	 -8.574
12854 	 -8.601
12856 	 -8.378
12864 	 -8.512
12870 	 -8.637
12874 	 -8.448
12876 	 -8.413
12880 	 -8.47
12884 	 -8.541
12888 	 -8.775
12892 	 -9.011
12900 	 -8.777
12902 	 -8.606
12904 	 -8.43
12908 	 -8.282
12916 	 -8.208
12920 	 -8.118
12922 	 -7.987
12924 	 -7.838
12928 	 -7.655
12930 	 -7.646
12948 	 -7.819
12950 	 -7.934
12952 	 -7.85
12954 	 -7.781
12956 	 -7.783
12964 	 -7.779
12970 	 -7.774
12972 	 -7.6
12982 	 -7.281
12986 	 -7.255
12988 	 -6.823
12990 	 -7.547
12996 	 -7.521
13002 	 -7.504
13004 	 -7.43
13006 	 -7.44
13008 	 -7.426
13012 	 -7.705
13014 	 -7.634
13016 	 -8.433
13018 	 -8.528
13022 	 -8.466
13028 	 -8.425
13032 	 -8.412
13036 	 -8.749
13042 	 -8.946
13044 	 -9.033
13046 	 -8.955
13050 	 -8.775
13052 	 -8.744
13054 	 -8.749
13058 	 -8.856
13062 	 -8.563
13066 	 -8.633
13068 	 -8.514
13080 	 -8.508
13082 	 -8.5
13084 	 -8.497
13086 	 -7.934
13096 	 -7.927
13098 	 -7.95
13100 	 -7.232
13102 	 -7.186
13104 	 -7.49
13106 	 -7.569
13108 	 -7.543
13114 	 -7.609
13116 	 -7.528
13120 	 -7.483
13122 	 -7.507
13124 	 -7.401
13126 	 -7.371
13134 	 -7.433
13136 	 -7.405
13138 	 -7.316
13144 	 -7.475
13146 	 -7.368
13148 	 -7.296
13150 	 -7.357
13160 	 -7.216
13164 	 -7.243
13176 	 -7.267
13184 	 -7.247
13186 	 -6.495
13188 	 -6.72
13190 	 -6.998
13202 	 -6.987
13206 	 -7.584
13208 	 -7.634
13210 	 -7.615
13214 	 -7.549
13220 	 -7.633
13222 	 -7.694
13224 	 -7.66
13238 	 -7.676
13246 	 -7.607
13248 	 -7.348
13250 	 -7.522
13252 	 -7.52
13254 	 -7.61
13256 	 -7.605
13258 	 -7.52
13262 	 -7.712
13266 	 -7.986
13268 	 -7.976
13270 	 -8.283
13272 	 -8.269
13274 	 -8.264
13286 	 -8.236
13290 	 -8.219
13296 	 -8.406
13308 	 -8.545
13310 	 -8.69
13316 	 -8.829
13324 	 -8.745
13326 	 -8.882
13328 	 -8.843
13330 	 -8.971
13336 	 -8.781
13338 	 -8.762
13352 	 -8.708
13356 	 -8.78
13358 	 -8.911
13366 	 -8.466
13372 	 -8.454
13376 	 -8.377
13378 	 -8.339
13384 	 -8.228
13388 	 -8.224
13398 	 -7.652
13408 	 -7.228
13428 	 -7.116
13436 	 -7.091
13438 	 -7.079
13440 	 -7.122
13444 	 -7.169
13450 	 -7.167
13454 	 -7.157
13470 	 -7.2
13472 	 -7.237
13474 	 -7.225
13478 	 -7.257
13482 	 -7.254
13484 	 -7.27
13486 	 -7.362
13488 	 -7.284
13490 	 -7.317
13496 	 -7.266
13504 	 -7.263
13506 	 -7.304
13514 	 -7.155
13520 	 -7.151
13534 	 -7.132
13536 	 -7.202
13540 	 -7.203
13542 	 -7.199
13544 	 -7.205
13546 	 -7.288
13550 	 -7.394
13554 	 -7.392
13560 	 -7.534
13578 	 -7.493
13604 	 -7.38
13616 	 -7.362
13622 	 -7.787
13628 	 -8.127
13632 	 -8.088
13644 	 -8.01
13646 	 -8.006
13648 	 -7.047
13654 	 -7.045
13668 	 -7.583
13684 	 -7.993
13694 	 -8.343
13696 	 -8.304
13712 	 -8.568
13714 	 -8.322
13716 	 -8.35
13718 	 -8.213
13722 	 -8.263
13726 	 -8.262
13728 	 -8.259
13732 	 -8.275
13736 	 -8.244
13744 	 -8.253
13748 	 -8.106
13750 	 -8.095
13760 	 -7.882
13764 	 -7.799
13766 	 -7.744
13776 	 -7.736
13778 	 -7.551
13782 	 -7.491
13792 	 -6.552
13796 	 -6.323
13798 	 -6.286
13800 	 -6.107
13804 	 -5.667
13808 	 -5.862
13812 	 -6.073
13818 	 -6.37
13820 	 -6.364
13822 	 -6.262
13826 	 -6.288
13828 	 -6.188
13830 	 -6.099
13834 	 -5.973
13840 	 -6.054
13842 	 -6.041
13844 	 -6.233
13846 	 -6.265
13848 	 -6.2
13850 	 -6.305
13856 	 -6.255
13858 	 -6.252
13862 	 -6.242
13878 	 -5.64
13888 	 -5.678
13890 	 -5.905
13894 	 -5.622
13896 	 -5.322
13900 	 -5.307
13902 	 -5.291
13906 	 -5.375
13912 	 -5.269
13914 	 -5.113
13916 	 -5.359
13922 	 -5.367
13924 	 -5.367
13930 	 -5.375
13932 	 -5.242
13940 	 -5.09
13942 	 -4.751
13944 	 -5.149
13946 	 -5.073
13948 	 -5.241
13950 	 -5.19
13952 	 -5.112
13958 	 -4.934
13962 	 -5.049
13964 	 -5.013
13966 	 -4.881
13968 	 -4.389
13978 	 -4.227
13982 	 -4.133
13986 	 -4.236
13992 	 -4.002
13994 	 -4.014
14000 	 -4.086
14002 	 -3.889
14004 	 -3.804
14006 	 -3.731
14008 	 -3.735
14012 	 -3.711
14020 	 -3.721
14022 	 -3.618
14024 	 -3.491
14026 	 -3.245
14028 	 -3.241
14036 	 -3.25
14038 	 -3.149
14040 	 -3.105
14042 	 -3.106
14044 	 -3.129
14046 	 -3.123
14048 	 -3.071
14056 	 -2.559
14058 	 -2.513
14064 	 -2.495
14066 	 -2.482
14070 	 -2.502
14084 	 -2.484
14088 	 -2.455
14090 	 -2.361
14096 	 -2.305
14098 	 -2.226
14100 	 -2.18
14118 	 -2.037
14120 	 -2.035
14122 	 -1.951
14126 	 -1.922
14128 	 -1.918
14136 	 -1.791
14138 	 -1.611
14142 	 -1.443
14144 	 -1.349
14150 	 -1.348
14160 	 -1.294
14166 	 -1.288
14170 	 -1.218
14180 	 -1.228
14182 	 -1.225
14184 	 -1.216
14186 	 -1.036
14200 	 -0.956
14204 	 -0.969
14206 	 -0.951
14212 	 -0.949
14216 	 -0.947
14228 	 -0.881
14234 	 -0.786
14240 	 -0.782
14254 	 -0.642
14270 	 -0.633
14274 	 -0.562
14282 	 -0.54
14288 	 -0.478
14318 	 -0.476
14326 	 -0.475
14328 	 -0.457
14334 	 -0.422
14376 	 -0.421
14378 	 -0.381
14414 	 -0.345
14438 	 -0.249
14504 	 -0.205
14568 	 -0.204
14572 	 -0.203
14702 	 -0.193
15000 	 -1.412
15024 	 -1.543
15050 	 -2.051
15078 	 -2.377
15112 	 -2.412
15158 	 -2.32
15164 	 -2.307
15186 	 -1.828
15216 	 -1.638
15222 	 -1.636
15232 	 -1.46
15238 	 -1.537
15262 	 -1.048
15264 	 -1.042
15268 	 -0.868
15298 	 -0.631
15310 	 -0.651
15336 	 -0.801
15338 	 -0.769
15342 	 -0.767
15356 	 -0.852
15372 	 -0.848
15374 	 -0.658
15382 	 -0.657
15400 	 -0.377
15422 	 -0.297
15456 	 -0.166
15470 	 -0.161
15486 	 -0.064
15558 	 -0.029
15656 	 -0.025
15864 	 -0.021
15888 	 -0.019
15904 	 -0.011
16008 	 -0.01
18000 	 -2.128
18020 	 -2.218
18042 	 -2.634
18064 	 -2.645
18088 	 -2.004
18120 	 -1.385
18154 	 -1.72
18180 	 -1.456
18190 	 -1.58
18234 	 -1.88
18252 	 -1.872
18262 	 -1.779
18270 	 -1.456
18278 	 -1.435
18286 	 -1.388
18296 	 -1.589
18316 	 -1.604
18328 	 -1.726
18336 	 -1.609
18342 	 -1.622
18348 	 -1.425
18360 	 -1.099
18368 	 -0.946
18384 	 -0.953
18402 	 -0.698
18420 	 -0.381
18426 	 -0.337
18434 	 -0.278
18448 	 -0.108
18472 	 -0.093
18552 	 -0.008
18864 	 -0.004
19002 	 0
21000 	 -1.44
21001 	 -1.44
