0 	 0
3000 	 -1.376
3024 	 -1.496
3050 	 -1.88
3062 	 -2.472
3078 	 -3.176
3112 	 -3.62
3158 	 -3.808
3164 	 -3.728
3186 	 -2.828
3198 	 -2.688
3216 	 -1.912
3232 	 -1.736
3238 	 -1.364
3262 	 -0.608
3296 	 -0.264
3400 	 -0.024
3636 	 -0.008
3904 	 0
6000 	 -2.478
6020 	 -2.638
6042 	 -3.286
6064 	 -3.582
6088 	 -3.11
6120 	 -2.686
6138 	 -2.872
6154 	 -3.312
6180 	 -3.048
6190 	 -3.516
6198 	 -3.5
6234 	 -3.9
6284 	 -4.203
6296 	 -4.179
6346 	 -4.159
6360 	 -2.871
6374 	 -2.271
6376 	 -1.719
6424 	 -1.319
6444 	 -0.761
6504 	 -0.637
6506 	 -0.613
6552 	 -0.501
6634 	 -0.359
6704 	 -0.331
6710 	 -0.307
6726 	 -0.295
6728 	 -0.267
6782 	 -0.263
6894 	 -0.165
6990 	 -0.145
6994 	 -0.125
7002 	 -0.093
7272 	 -0.089
7278 	 -0.085
7290 	 -0.073
7324 	 -0.025
9000 	 -1.433
9024 	 -1.537
9050 	 -2.497
9078 	 -3.177
9112 	 -3.761
9158 	 -3.713
9162 	 -3.797
9174 	 -3.705
9186 	 -2.857
9216 	 -3.589
9232 	 -3.413
9238 	 -3.801
9262 	 -1.973
9268 	 -1.305
9298 	 -0.417
9304 	 -0.413
9306 	 -0.409
9334 	 -0.277
9400 	 -0.025
9660 	 -0.009
9904 	 -0.001
12000 	 -2.554
12002 	 -2.49
12004 	 -3.393
12006 	 -4.757
12008 	 -6.098
12010 	 -7.243
12012 	 -7.875
12016 	 -8.315
12020 	 -8.764
12028 	 -8.898
12030 	 -8.966
12032 	 -8.713
12040 	 -8.678
12042 	 -9.154
12048 	 -8.876
12054 	 -8.387
12064 	 -8.487
12070 	 -8.653
12072 	 -8.689
12074 	 -8.21
12086 	 -8.432
12088 	 -7.82
12100 	 -7.78
12102 	 -7.674
12120 	 -7.146
12130 	 -6.894
12132 	 -7.205
12140 	 -7.47
12148 	 -7.704
12154 	 -8.872
12160 	 -9.23
12162 	 -9.203
12164 	 -9.093
12178 	 -9.304
12180 	 -9.39
12186 	 -9.744
12190 	 -10.06
12198 	 -10.03
12200 	 -10.184
12206 	 -10.174
12212 	 -11.218
12226 	 -11.462
12228 	 -11.621
12230 	 -11.909
12234 	 -13.291
12236 	 -12.878
12246 	 -13.24
12252 	 -12.6
12254 	 -12.398
12256 	 -12.406
12260 	 -12.071
12264 	 -12.431
12270 	 -12.558
12272 	 -12.557
12274 	 -11.305
12276 	 -11.279
12282 	 -11.093
12286 	 -11.09
12288 	 -11.19
12290 	 -10.918
12296 	 -11.314
12304 	 -11.084
12310 	 -11.292
12312 	 -11.257
12314 	 -11.067
12324 	 -10.461
12328 	 -10.579
12332 	 -10.611
12334 	 -10.516
12338 	 -10.264
12340 	 -10.314
12344 	 -9.518
12350 	 -9.494
12352 	 -9.514
12354 	 -9.557
12358 	 -9.137
12360 	 -8.185
12372 	 -8.17
12376 	 -7.756
12380 	 -7.759
12382 	 -7.59
12386 	 -7.707
12390 	 -7.875
12392 	 -7.805
12394 	 -7.655
12398 	 -7.65
12402 	 -7.73
12404 	 -7.38
12406 	 -7.551
12412 	 -7.258
12420 	 -7.247
12430 	 -7.336
12436 	 -7.852
12438 	 -7.119
12444 	 -7.113
12452 	 -7.01
12460 	 -6.927
12462 	 -6.898
12464 	 -6.981
12466 	 -7.438
12468 	 -7.43
12474 	 -7.391
12488 	 -7.316
12494 	 -7.268
12496 	 -7.42
12498 	 -7.409
12500 	 -7.384
12504 	 -7.488
12516 	 -7.438
12520 	 -7.408
12522 	 -7.608
12524 	 -7.512
12532 	 -7.893
12534 	 -7.73
12542 	 -7.593
12550 	 -7.649
12552 	 -7.529
12564 	 -7.523
12574 	 -7.849
12576 	 -7.825
12578 	 -7.82
12588 	 -7.32
12590 	 -7.279
12592 	 -6.873
12594 	 -6.885
12604 	 -6.702
12608 	 -6.886
12610 	 -6.882
12614 	 -6.896
12624 	 -6.883
12630 	 -7.269
12634 	 -7.474
12638 	 -7.45
12640 	 -7.334
12642 	 -7.27
12644 	 -7.438
12646 	 -7.572
12662 	 -7.614
12668 	 -7.65
12672 	 -7.54
12674 	 -7.703
12676 	 -7.685
12682 	 -7.745
12700 	 -8.149
12710 	 -8.145
12714 	 -7.818
12716 	 -7.815
12730 	 -7.993
12732 	 -8.019
12734 	 -8.014
12736 	 -8.138
12742 	 -8.131
12758 	 -8.129
12766 	 -8.11
12768 	 -8.374
12776 	 -8.359
12780 	 -8.551
12786 	 -8.53
12796 	 -8.945
12802 	 -9.032
12804 	 -8.994
12806 	 -8.948
12808 	 -9.391
12816 	 -10.053
12820 	 -10.402
12828 	 -10.344
12834 	 -10.205
12836 	 -10.345
12840 	 -10.415
12856 	 -10.137
12872 	 -10.571
12874 	 -10.399
12888 	 -10.688
12894 	 -10.488
12900 	 -10.617
12906 	 -10.528
12908 	 -9.685
12912 	 -9.76
12916 	 -9.686
12920 	 -9.648
12930 	 -9.498
12932 	 -9.528
12936 	 -9.5
12938 	 -9.481
12940 	 -9.474
12942 	 -9.367
12946 	 -9.339
12948 	 -9.318
12952 	 -9.234
12954 	 -8.945
12958 	 -9.006
12964 	 -8.642
12972 	 -8.468
12982 	 -7.939
12984 	 -7.859
12986 	 -7.822
12988 	 -7.962
12990 	 -7.886
12992 	 -7.923
12996 	 -7.926
13000 	 -7.899
13002 	 -7.882
13004 	 -7.764
13006 	 -7.774
13008 	 -7.76
13010 	 -7.801
13016 	 -7.581
13018 	 -7.56
13022 	 -7.498
13028 	 -7.47
13034 	 -7.51
13040 	 -7.755
13042 	 -7.715
13046 	 -7.345
13058 	 -7.778
13062 	 -7.7
13064 	 -7.556
13068 	 -7.425
13072 	 -7.307
13078 	 -7.471
13080 	 -7.465
13082 	 -7.457
13084 	 -7.505
13088 	 -7.739
13096 	 -7.715
13098 	 -7.83
13100 	 -7.817
13102 	 -7.771
13110 	 -7.779
13114 	 -7.769
13120 	 -7.757
13122 	 -7.525
13126 	 -7.524
13130 	 -7.49
13134 	 -7.459
13135 	 -8.065
13142 	 -8.035
13148 	 -7.846
13154 	 -7.874
13164 	 -7.767
13174 	 -7.658
13178 	 -7.435
13182 	 -7.434
13188 	 -7.141
13202 	 -7.037
13206 	 -7.135
13214 	 -7.107
13224 	 -6.98
13228 	 -7.067
13230 	 -7.05
13232 	 -7.115
13238 	 -7.001
13246 	 -6.932
13248 	 -6.807
13250 	 -6.707
13254 	 -6.24
13256 	 -6.235
13262 	 -6.209
13266 	 -6.256
13268 	 -6.251
13270 	 -6.246
13274 	 -6.446
13276 	 -6.735
13284 	 -6.769
13290 	 -6.744
13294 	 -6.873
13308 	 -6.911
13314 	 -7.182
13318 	 -7.17
13328 	 -7.131
13330 	 -7.165
13334 	 -7.203
13366 	 -7.181
13372 	 -6.955
13374 	 -6.959
13380 	 -7.01
13384 	 -6.899
13388 	 -6.895
13392 	 -6.949
13398 	 -7.21
13406 	 -7.182
13408 	 -7.158
13426 	 -6.928
13430 	 -6.992
13434 	 -6.862
13440 	 -7.017
13444 	 -6.991
13452 	 -6.976
13454 	 -6.861
13470 	 -6.862
13474 	 -6.823
13484 	 -6.71
13500 	 -6.656
13506 	 -6.639
13512 	 -6.825
13514 	 -6.812
13518 	 -6.5
13520 	 -6.455
13534 	 -6.403
13536 	 -6.44
13538 	 -6.318
13542 	 -6.272
13544 	 -6.233
13550 	 -6.2
13558 	 -6.17
13564 	 -6.044
13566 	 -5.971
13582 	 -5.758
13584 	 -5.757
13588 	 -5.728
13596 	 -5.738
13600 	 -5.718
13604 	 -6.36
13606 	 -6.342
13608 	 -6.325
13616 	 -6.309
13618 	 -6.012
13636 	 -5.957
13648 	 -5.007
13652 	 -4.994
13660 	 -5.344
13680 	 -5.308
13686 	 -5.286
13692 	 -5.354
13696 	 -5.398
13708 	 -5.318
13714 	 -5.294
13716 	 -5.217
13718 	 -5.212
13722 	 -5.206
13726 	 -5.205
13730 	 -5.198
13732 	 -5.499
13740 	 -5.349
13744 	 -5.247
13748 	 -5.225
13760 	 -5.205
13762 	 -5.107
13766 	 -5.098
13774 	 -5.097
13780 	 -5.228
13786 	 -5.133
13788 	 -5.127
13790 	 -5.245
13796 	 -5.238
13800 	 -5.188
13804 	 -4.735
13808 	 -4.655
13810 	 -4.335
13812 	 -4.25
13820 	 -4.244
13824 	 -4.24
13832 	 -4.436
13836 	 -4.463
13838 	 -4.485
13840 	 -4.372
13846 	 -4.364
13848 	 -4.363
13860 	 -4.251
13874 	 -4.324
13878 	 -3.756
13886 	 -3.748
13900 	 -3.751
13902 	 -3.698
13904 	 -3.53
13910 	 -4.103
13912 	 -4.097
13916 	 -3.953
13926 	 -3.832
13932 	 -4.001
13934 	 -4.166
13936 	 -4.214
13938 	 -4.217
13940 	 -4.419
13942 	 -4.392
13950 	 -4.808
13952 	 -4.724
13954 	 -4.765
13956 	 -4.715
13960 	 -4.549
13962 	 -4.524
13972 	 -4.626
13974 	 -4.531
13978 	 -4.462
13982 	 -4.389
13984 	 -4.191
13990 	 -4.178
13992 	 -4.05
13994 	 -4.026
13998 	 -4.062
14000 	 -4.085
14004 	 -4.032
14010 	 -3.868
14012 	 -3.819
14014 	 -3.666
14020 	 -3.614
14022 	 -3.261
14026 	 -3.299
14028 	 -3.19
14034 	 -3.104
14040 	 -2.894
14044 	 -2.882
14048 	 -2.632
14052 	 -2.573
14054 	 -2.559
14056 	 -2.589
14058 	 -2.584
14070 	 -2.333
14076 	 -2.338
14078 	 -2.306
14092 	 -2.289
14094 	 -2.117
14096 	 -2.098
14108 	 -2.067
14120 	 -2.065
14122 	 -1.536
14124 	 -1.471
14128 	 -1.456
14136 	 -1.329
14144 	 -1.21
14150 	 -1.211
14158 	 -1.187
14164 	 -1.182
14172 	 -1.151
14176 	 -1.115
14182 	 -1.044
14188 	 -0.975
14198 	 -0.936
14200 	 -0.931
14204 	 -0.918
14212 	 -0.916
14214 	 -0.915
14218 	 -0.778
14220 	 -0.758
14248 	 -0.676
14272 	 -0.649
14278 	 -0.631
14284 	 -0.626
14290 	 -0.571
14292 	 -0.48
14294 	 -0.475
14296 	 -0.401
14318 	 -0.399
14326 	 -0.361
14352 	 -0.357
14378 	 -0.317
14386 	 -0.312
14406 	 -0.307
14434 	 -0.269
14440 	 -0.25
14480 	 -0.242
14486 	 -0.207
14542 	 -0.202
14598 	 -0.196
14698 	 -0.195
15000 	 -1.418
15024 	 -1.548
15050 	 -2.345
15078 	 -2.918
15112 	 -3.354
15158 	 -3.309
15162 	 -3.371
15174 	 -3.299
15186 	 -2.549
15216 	 -3.16
15222 	 -3.158
15232 	 -2.982
15238 	 -3.175
15262 	 -1.933
15268 	 -1.674
15282 	 -1.278
15298 	 -0.757
15310 	 -0.777
15336 	 -0.927
15342 	 -0.925
15346 	 -0.847
15356 	 -0.932
15372 	 -0.928
15374 	 -0.733
15382 	 -0.732
15400 	 -0.391
15422 	 -0.311
15456 	 -0.179
15470 	 -0.174
15486 	 -0.073
15558 	 -0.041
15660 	 -0.032
15708 	 -0.026
15814 	 -0.025
15864 	 -0.024
15884 	 -0.021
15888 	 -0.019
15904 	 -0.011
15966 	 -0.01
18000 	 -2.128
18020 	 -2.236
18042 	 -2.716
18064 	 -2.813
18088 	 -2.218
18120 	 -1.597
18154 	 -2.616
18180 	 -2.352
18190 	 -2.87
18234 	 -4.036
18252 	 -4.012
18262 	 -3.919
18270 	 -2.95
18278 	 -2.887
18286 	 -2.746
18296 	 -2.923
18316 	 -2.968
18328 	 -3.09
18336 	 -2.739
18342 	 -2.718
18348 	 -2.127
18360 	 -1.303
18368 	 -1.15
18384 	 -1.157
18402 	 -0.75
18420 	 -0.433
18426 	 -0.389
18434 	 -0.33
18448 	 -0.16
18472 	 -0.145
18552 	 -0.016
18864 	 -0.012
19002 	 0
21000 	 -1.44
21001 	 -1.44
