0 	 0
3000 	 -1.376
3024 	 -1.496
3050 	 -1.88
3062 	 -2.472
3078 	 -3.176
3112 	 -3.62
3158 	 -3.808
3164 	 -3.728
3186 	 -2.828
3198 	 -2.688
3216 	 -1.912
3232 	 -1.736
3238 	 -1.364
3262 	 -0.608
3296 	 -0.264
3400 	 -0.024
3636 	 -0.008
3904 	 0
6000 	 -2.478
6020 	 -2.638
6042 	 -3.286
6064 	 -3.582
6088 	 -3.11
6120 	 -2.686
6138 	 -2.872
6154 	 -3.312
6180 	 -3.048
6190 	 -3.516
6198 	 -3.5
6234 	 -3.9
6284 	 -4.203
6296 	 -4.179
6346 	 -4.159
6360 	 -2.871
6374 	 -2.271
6376 	 -1.719
6424 	 -1.319
6444 	 -0.761
6504 	 -0.637
6506 	 -0.613
6552 	 -0.501
6634 	 -0.359
6704 	 -0.331
6710 	 -0.307
6726 	 -0.295
6728 	 -0.267
6782 	 -0.263
6894 	 -0.165
6990 	 -0.145
6994 	 -0.125
7002 	 -0.093
7272 	 -0.089
7278 	 -0.085
7290 	 -0.073
7324 	 -0.025
9000 	 -1.433
9024 	 -1.537
9050 	 -2.497
9078 	 -3.177
9112 	 -3.761
9158 	 -3.713
9162 	 -3.797
9174 	 -3.705
9186 	 -2.857
9216 	 -3.589
9232 	 -3.413
9238 	 -3.801
9262 	 -1.973
9268 	 -1.305
9298 	 -0.417
9304 	 -0.413
9306 	 -0.409
9334 	 -0.277
9400 	 -0.025
9660 	 -0.009
9904 	 -0.001
12000 	 -2.554
12002 	 -2.49
12004 	 -3.353
12006 	 -4.717
12008 	 -5.647
12010 	 -6.792
12012 	 -7.209
12016 	 -7.649
12020 	 -7.985
12028 	 -8.119
12030 	 -8.187
12032 	 -7.934
12040 	 -7.811
12042 	 -8.287
12048 	 -8.009
12054 	 -7.52
12064 	 -7.62
12070 	 -7.603
12072 	 -7.639
12074 	 -7.16
12086 	 -7.382
12088 	 -6.77
12100 	 -6.753
12102 	 -6.647
12120 	 -6.119
12130 	 -5.913
12132 	 -6.224
12140 	 -6.489
12148 	 -6.723
12154 	 -7.891
12160 	 -8.249
12162 	 -8.222
12164 	 -8.112
12178 	 -8.19
12180 	 -8.276
12186 	 -8.578
12190 	 -8.894
12198 	 -8.864
12200 	 -8.99
12212 	 -10.034
12226 	 -10.278
12228 	 -10.437
12230 	 -10.652
12234 	 -12.034
12236 	 -11.615
12246 	 -11.915
12252 	 -11.275
12254 	 -11.174
12256 	 -11.157
12260 	 -10.822
12270 	 -10.949
12272 	 -10.948
12274 	 -9.696
12276 	 -9.542
12282 	 -9.385
12290 	 -9.113
12296 	 -9.509
12304 	 -9.465
12310 	 -10.008
12314 	 -9.947
12324 	 -9.343
12328 	 -9.656
12332 	 -9.688
12334 	 -9.676
12338 	 -9.424
12344 	 -8.628
12350 	 -8.6
12352 	 -8.645
12354 	 -8.633
12358 	 -8.265
12360 	 -7.65
12376 	 -7.549
12380 	 -7.552
12382 	 -7.573
12386 	 -7.56
12388 	 -7.545
12392 	 -7.503
12398 	 -7.498
12404 	 -7.148
12406 	 -7.349
12412 	 -7.234
12420 	 -7.223
12424 	 -7.238
12430 	 -7.327
12436 	 -7.903
12438 	 -7.47
12444 	 -7.517
12452 	 -7.414
12460 	 -7.331
12462 	 -7.463
12464 	 -7.38
12466 	 -7.837
12468 	 -7.775
12474 	 -7.736
12494 	 -7.697
12496 	 -8.015
12498 	 -7.644
12500 	 -7.656
12502 	 -7.637
12506 	 -7.602
12508 	 -7.594
12516 	 -7.544
12520 	 -7.514
12524 	 -7.422
12534 	 -7.602
12542 	 -7.465
12550 	 -7.114
12552 	 -6.994
12558 	 -6.865
12564 	 -7.273
12574 	 -7.846
12576 	 -7.772
12590 	 -7.873
12592 	 -7.694
12596 	 -7.866
12604 	 -7.861
12608 	 -8.045
12614 	 -7.866
12618 	 -7.846
12624 	 -7.833
12626 	 -7.823
12628 	 -7.775
12630 	 -7.68
12632 	 -7.67
12634 	 -7.818
12638 	 -7.814
12640 	 -7.364
12642 	 -7.35
12644 	 -7.518
12646 	 -7.321
12664 	 -7.183
12668 	 -7.219
12670 	 -7.171
12676 	 -7.153
12700 	 -7.007
12706 	 -7.043
12710 	 -7.039
12714 	 -6.889
12716 	 -6.886
12718 	 -6.705
12728 	 -6.712
12730 	 -6.773
12732 	 -6.799
12742 	 -6.792
12758 	 -6.79
12768 	 -6.916
12776 	 -6.906
12778 	 -6.898
12786 	 -6.714
12792 	 -6.713
12796 	 -6.773
12802 	 -6.86
12804 	 -6.815
12806 	 -6.77
12814 	 -7.113
12828 	 -7.495
12836 	 -7.727
12840 	 -8.112
12862 	 -8.176
12874 	 -8.13
12880 	 -7.806
12886 	 -7.809
12888 	 -8.028
12890 	 -7.985
12894 	 -7.993
12896 	 -8.137
12900 	 -8.327
12902 	 -8.359
12908 	 -8.032
12914 	 -8.121
12916 	 -8.047
12918 	 -8.002
12920 	 -7.927
12922 	 -8.055
12924 	 -7.872
12932 	 -7.902
12946 	 -7.817
12950 	 -7.434
12952 	 -7.49
12954 	 -7.45
12964 	 -7.446
12966 	 -7.47
12968 	 -7.119
12970 	 -7.165
12972 	 -6.941
12982 	 -6.458
12986 	 -6.429
12990 	 -6.518
12996 	 -6.559
13002 	 -6.437
13004 	 -6.363
13006 	 -6.373
13008 	 -6.359
13012 	 -6.33
13018 	 -6.333
13022 	 -6.144
13024 	 -6.03
13026 	 -6.003
13028 	 -5.962
13038 	 -6.142
13040 	 -6.153
13042 	 -6.113
13046 	 -6.033
13052 	 -5.784
13056 	 -5.788
13058 	 -5.917
13062 	 -5.624
13064 	 -5.399
13068 	 -5.167
13070 	 -5.084
13072 	 -5.484
13080 	 -5.389
13082 	 -5.354
13086 	 -5.237
13088 	 -5.469
13090 	 -5.853
13092 	 -5.936
13098 	 -5.88
13102 	 -5.834
13108 	 -5.972
13112 	 -5.954
13114 	 -5.933
13132 	 -5.581
13136 	 -5.564
13144 	 -4.783
13152 	 -4.807
13162 	 -4.809
13164 	 -4.846
13174 	 -4.681
13182 	 -4.621
13184 	 -4.29
13200 	 -4.15
13206 	 -4.317
13208 	 -4.175
13212 	 -4.031
13216 	 -4.009
13224 	 -3.89
13226 	 -3.761
13234 	 -3.832
13244 	 -3.752
13246 	 -3.683
13248 	 -3.464
13250 	 -3.313
13256 	 -3.266
13258 	 -3.264
13260 	 -3.144
13262 	 -3.118
13268 	 -3.108
13274 	 -3.156
13278 	 -3.151
13288 	 -3.3
13290 	 -3.283
13304 	 -3.279
13316 	 -3.474
13328 	 -3.538
13336 	 -3.531
13358 	 -3.497
13366 	 -3.625
13372 	 -3.613
13378 	 -3.599
13384 	 -3.488
13388 	 -3.484
13394 	 -3.4
13398 	 -3.342
13408 	 -3.399
13412 	 -3.479
13414 	 -3.451
13422 	 -3.447
13430 	 -3.379
13448 	 -3.272
13450 	 -3.122
13454 	 -3.111
13466 	 -3.117
13468 	 -2.981
13474 	 -2.969
13484 	 -3.155
13486 	 -3.059
13494 	 -3.049
13502 	 -2.952
13514 	 -2.943
13522 	 -2.913
13538 	 -2.9
13540 	 -2.868
13542 	 -2.864
13594 	 -2.835
13604 	 -2.704
13620 	 -2.682
13628 	 -2.678
13636 	 -2.669
13648 	 -1.639
13652 	 -1.629
13654 	 -1.62
13674 	 -1.752
13696 	 -1.713
13710 	 -1.794
13726 	 -1.793
13744 	 -1.696
13752 	 -1.763
13758 	 -1.756
13760 	 -1.736
13766 	 -1.726
13772 	 -1.722
13804 	 -1.613
13820 	 -1.605
13836 	 -1.742
13870 	 -1.635
13878 	 -1.535
13886 	 -1.511
13888 	 -1.574
13900 	 -1.567
13902 	 -1.514
13912 	 -1.508
13922 	 -1.555
13940 	 -1.683
13942 	 -1.674
13950 	 -1.678
13968 	 -1.653
13976 	 -1.694
13990 	 -1.765
14020 	 -1.764
14048 	 -1.712
14058 	 -1.707
14064 	 -1.593
14084 	 -1.557
14112 	 -1.595
14120 	 -1.593
14128 	 -1.608
14134 	 -1.682
14136 	 -1.555
14144 	 -1.554
14150 	 -1.553
14154 	 -1.55
14168 	 -1.437
14194 	 -1.464
14198 	 -1.448
14204 	 -1.556
14212 	 -1.554
14258 	 -1.565
14268 	 -1.609
14276 	 -1.676
14318 	 -1.674
14326 	 -1.806
14332 	 -1.814
14348 	 -1.555
14352 	 -1.554
14362 	 -1.542
14378 	 -1.541
14400 	 -1.303
14404 	 -1.311
14418 	 -1.286
14432 	 -1.283
14440 	 -1.17
14456 	 -1.116
14470 	 -1.097
14478 	 -1.245
14480 	 -1.135
14490 	 -1.134
14520 	 -1.278
14522 	 -1.271
14548 	 -1.351
14556 	 -0.999
14570 	 -1.005
14584 	 -0.97
14586 	 -0.932
14598 	 -0.616
14600 	 -0.476
14612 	 -0.458
14620 	 -0.412
14628 	 -0.359
14648 	 -0.311
14652 	 -0.282
14664 	 -0.249
14680 	 -0.22
14698 	 -0.199
14720 	 -0.196
14726 	 -0.176
14754 	 -0.167
14766 	 -0.16
15000 	 -1.408
15024 	 -1.528
15050 	 -1.912
15078 	 -2.104
15112 	 -1.936
15158 	 -1.805
15186 	 -1.462
15216 	 -0.886
15222 	 -0.884
15232 	 -0.707
15262 	 -0.564
15310 	 -0.584
15336 	 -0.733
15342 	 -0.731
15356 	 -0.817
15372 	 -0.813
15374 	 -0.618
15382 	 -0.617
15400 	 -0.375
15422 	 -0.296
15456 	 -0.163
15470 	 -0.158
15486 	 -0.062
15558 	 -0.03
15708 	 -0.024
15808 	 -0.023
15864 	 -0.022
15888 	 -0.02
15904 	 -0.012
15928 	 -0.011
16126 	 -0.009
16434 	 -0.008
18000 	 -2.128
18020 	 -2.209
18042 	 -2.593
18064 	 -2.561
18088 	 -1.897
18120 	 -1.279
18154 	 -1.272
18180 	 -1.008
18190 	 -0.935
18234 	 -0.802
18262 	 -0.709
18296 	 -0.922
18328 	 -1.044
18342 	 -1.074
18360 	 -0.997
18368 	 -0.844
18384 	 -0.851
18402 	 -0.672
18420 	 -0.355
18426 	 -0.311
18434 	 -0.252
18448 	 -0.082
18472 	 -0.067
18552 	 -0.004
18864 	 0
21000 	 -1.44
21001 	 -1.44
