0 	 0
3000 	 -1.376
3024 	 -1.496
3050 	 -1.88
3062 	 -2.472
3078 	 -3.176
3112 	 -3.62
3158 	 -3.808
3164 	 -3.728
3186 	 -2.828
3198 	 -2.688
3216 	 -1.912
3232 	 -1.736
3238 	 -1.364
3262 	 -0.608
3296 	 -0.264
3400 	 -0.024
3636 	 -0.008
3904 	 0
6000 	 -2.478
6020 	 -2.638
6042 	 -3.286
6064 	 -3.582
6088 	 -3.11
6120 	 -2.686
6138 	 -2.872
6154 	 -3.312
6180 	 -3.048
6190 	 -3.516
6198 	 -3.5
6234 	 -3.9
6284 	 -4.203
6296 	 -4.179
6346 	 -4.159
6360 	 -2.871
6374 	 -2.271
6376 	 -1.719
6424 	 -1.319
6444 	 -0.761
6504 	 -0.637
6506 	 -0.613
6552 	 -0.501
6634 	 -0.359
6704 	 -0.331
6710 	 -0.307
6726 	 -0.295
6728 	 -0.267
6782 	 -0.263
6894 	 -0.165
6990 	 -0.145
6994 	 -0.125
7002 	 -0.093
7272 	 -0.089
7278 	 -0.085
7290 	 -0.073
7324 	 -0.025
9000 	 -1.433
9024 	 -1.537
9050 	 -2.497
9078 	 -3.177
9112 	 -3.761
9158 	 -3.713
9162 	 -3.797
9174 	 -3.705
9186 	 -2.857
9216 	 -3.589
9232 	 -3.413
9238 	 -3.801
9262 	 -1.973
9268 	 -1.305
9298 	 -0.417
9304 	 -0.413
9306 	 -0.409
9334 	 -0.277
9400 	 -0.025
9660 	 -0.009
9904 	 -0.001
12000 	 -2.554
12002 	 -2.49
12004 	 -3.313
12006 	 -4.677
12008 	 -5.19
12010 	 -6.335
12012 	 -6.541
12016 	 -6.981
12020 	 -7.21
12028 	 -7.344
12030 	 -7.412
12032 	 -7.159
12040 	 -7.018
12042 	 -7.494
12048 	 -7.216
12054 	 -6.727
12064 	 -6.827
12070 	 -6.81
12072 	 -6.846
12074 	 -6.367
12088 	 -5.755
12100 	 -5.738
12102 	 -5.576
12120 	 -5.048
12130 	 -4.842
12140 	 -5.107
12148 	 -5.341
12154 	 -6.377
12160 	 -6.735
12162 	 -6.708
12164 	 -6.598
12178 	 -6.676
12180 	 -6.748
12186 	 -7.05
12190 	 -7.366
12198 	 -7.336
12200 	 -7.412
12212 	 -8.456
12226 	 -8.704
12228 	 -8.863
12230 	 -8.915
12234 	 -10.297
12246 	 -10.583
12252 	 -9.943
12254 	 -9.842
12256 	 -9.915
12260 	 -9.598
12270 	 -9.725
12274 	 -8.473
12276 	 -8.514
12282 	 -8.357
12290 	 -8.085
12296 	 -8.481
12304 	 -8.437
12310 	 -8.681
12314 	 -8.61
12324 	 -8.006
12332 	 -8.038
12334 	 -7.928
12338 	 -7.676
12344 	 -6.88
12350 	 -6.852
12358 	 -6.435
12360 	 -5.483
12362 	 -5.682
12376 	 -5.581
12378 	 -5.751
12380 	 -5.754
12382 	 -5.746
12386 	 -5.805
12388 	 -5.78
12392 	 -5.71
12398 	 -5.705
12404 	 -5.355
12412 	 -5.044
12420 	 -5.033
12430 	 -5.122
12436 	 -5.613
12438 	 -5.336
12452 	 -5.233
12454 	 -5.263
12460 	 -5.18
12462 	 -5.115
12464 	 -5.192
12466 	 -5.649
12474 	 -5.61
12476 	 -5.543
12488 	 -5.527
12494 	 -5.488
12502 	 -5.602
12506 	 -5.588
12520 	 -5.558
12524 	 -5.462
12542 	 -5.481
12550 	 -5.164
12552 	 -5.044
12562 	 -4.798
12574 	 -5.287
12576 	 -5.157
12590 	 -5.146
12592 	 -4.967
12602 	 -4.855
12608 	 -5.039
12614 	 -5.003
12618 	 -4.821
12624 	 -4.808
12630 	 -5.214
12638 	 -5.204
12640 	 -5.147
12642 	 -5.133
12644 	 -5.301
12662 	 -5.381
12666 	 -5.474
12668 	 -5.51
12676 	 -5.492
12694 	 -5.382
12710 	 -5.341
12714 	 -5.307
12716 	 -5.304
12728 	 -5.398
12732 	 -5.424
12742 	 -5.417
12758 	 -5.402
12768 	 -5.452
12774 	 -5.362
12776 	 -5.352
12786 	 -5.335
12802 	 -5.422
12804 	 -5.529
12808 	 -5.416
12828 	 -5.381
12842 	 -5.907
12856 	 -6.151
12878 	 -6.253
12888 	 -6.507
12908 	 -5.348
12912 	 -5.429
12916 	 -5.355
12920 	 -5.265
12924 	 -5.167
12954 	 -5.098
12964 	 -5.094
12972 	 -4.92
12982 	 -4.588
12986 	 -4.562
12990 	 -4.559
12996 	 -4.543
13002 	 -4.526
13004 	 -4.452
13006 	 -4.565
13008 	 -4.551
13014 	 -4.337
13016 	 -4.311
13022 	 -4.249
13028 	 -4.208
13034 	 -4.204
13038 	 -4.393
13042 	 -4.43
13062 	 -4.14
13068 	 -4.021
13082 	 -4.013
13086 	 -3.799
13088 	 -3.797
13090 	 -3.783
13100 	 -3.944
13102 	 -3.898
13108 	 -4.258
13110 	 -4.842
13114 	 -4.821
13126 	 -5.015
13136 	 -5.184
13138 	 -5.117
13144 	 -5.233
13156 	 -4.98
13166 	 -5.45
13172 	 -5.245
13174 	 -5.327
13182 	 -5.535
13206 	 -5.39
13222 	 -5.259
13224 	 -5.416
13240 	 -5.406
13246 	 -5.337
13248 	 -3.65
13250 	 -3.499
13252 	 -4.014
13256 	 -4.01
13260 	 -4.131
13262 	 -4.105
13264 	 -4.066
13268 	 -4.056
13270 	 -4.113
13272 	 -4.22
13274 	 -4.217
13280 	 -4.214
13290 	 -4.197
13294 	 -3.975
13300 	 -3.963
13304 	 -3.87
13322 	 -3.922
13324 	 -3.866
13328 	 -3.957
13340 	 -4.123
13352 	 -4.542
13366 	 -4.596
13372 	 -4.584
13374 	 -4.771
13380 	 -4.668
13384 	 -4.557
13388 	 -4.553
13390 	 -4.52
13398 	 -4.494
13402 	 -4.38
13416 	 -4.465
13418 	 -4.467
13422 	 -4.467
13436 	 -4.48
13448 	 -4.511
13452 	 -3.938
13454 	 -3.804
13458 	 -3.879
13472 	 -3.606
13474 	 -3.58
13476 	 -3.262
13484 	 -3.375
13500 	 -3.404
13506 	 -3.227
13512 	 -3.226
13514 	 -3.217
13522 	 -3.149
13526 	 -3.198
13530 	 -3.247
13542 	 -3.243
13554 	 -3.327
13560 	 -3.235
13566 	 -3.234
13570 	 -3.186
13580 	 -3.341
13604 	 -3.219
13608 	 -3.306
13612 	 -3.298
13620 	 -3.384
13632 	 -3.367
13648 	 -2.307
13658 	 -2.33
13672 	 -2.355
13674 	 -2.358
13680 	 -2.399
13692 	 -2.437
13696 	 -2.398
13700 	 -2.347
13702 	 -2.344
13710 	 -2.294
13720 	 -2.142
13728 	 -2.007
13730 	 -2.323
13744 	 -2.227
13752 	 -1.854
13760 	 -1.834
13766 	 -1.82
13782 	 -1.798
13784 	 -1.758
13804 	 -1.508
13818 	 -1.464
13820 	 -1.458
13860 	 -1.424
13878 	 -1.324
13882 	 -1.503
13886 	 -1.609
13888 	 -1.583
13900 	 -1.578
13902 	 -1.525
13912 	 -1.519
13942 	 -1.51
13976 	 -1.851
14006 	 -1.844
14024 	 -1.671
14028 	 -1.452
14040 	 -1.444
14044 	 -1.509
14048 	 -1.457
14050 	 -1.448
14058 	 -1.443
14088 	 -1.471
14090 	 -1.465
14092 	 -1.466
14106 	 -1.499
14120 	 -1.462
14126 	 -1.512
14136 	 -1.385
14150 	 -1.381
14164 	 -1.489
14166 	 -1.519
14172 	 -1.619
14186 	 -1.52
14196 	 -1.443
14206 	 -1.418
14210 	 -1.407
14212 	 -1.405
14214 	 -1.375
14220 	 -1.535
14226 	 -1.378
14236 	 -1.359
14242 	 -1.295
14248 	 -1.132
14272 	 -1.009
14282 	 -0.875
14288 	 -0.887
14298 	 -0.837
14304 	 -0.807
14312 	 -0.789
14318 	 -0.787
14326 	 -0.786
14328 	 -0.692
14354 	 -0.7
14370 	 -0.677
14378 	 -0.637
14406 	 -0.612
14428 	 -0.605
14502 	 -0.603
14548 	 -0.587
14552 	 -0.568
14576 	 -0.678
14648 	 -0.739
14722 	 -0.662
14738 	 -0.652
14760 	 -0.631
14810 	 -0.561
14876 	 -0.477
14908 	 -0.468
15000 	 -1.552
15024 	 -1.696
15050 	 -2.144
15066 	 -2.134
15078 	 -2.416
15112 	 -2.463
15158 	 -2.426
15160 	 -2.395
15164 	 -2.379
15186 	 -1.999
15216 	 -1.854
15222 	 -1.851
15232 	 -1.675
15238 	 -1.704
15262 	 -1.4
15266 	 -1.376
15276 	 -1.216
15300 	 -1.032
15308 	 -1.049
15310 	 -1.07
15334 	 -1.219
15336 	 -1.368
15342 	 -1.366
15354 	 -1.456
15356 	 -1.541
15372 	 -1.537
15374 	 -1.132
15400 	 -0.73
15422 	 -0.562
15456 	 -0.431
15460 	 -0.286
15470 	 -0.281
15486 	 -0.184
15492 	 -0.112
15558 	 -0.077
15562 	 -0.064
15574 	 -0.035
15666 	 -0.032
15864 	 -0.028
15888 	 -0.025
15904 	 -0.017
15916 	 -0.014
16344 	 -0.009
18000 	 -2.128
18020 	 -2.227
18042 	 -2.675
18064 	 -2.726
18088 	 -2.125
18120 	 -1.552
18154 	 -1.968
18180 	 -1.704
18190 	 -1.963
18234 	 -2.362
18252 	 -2.354
18262 	 -2.167
18270 	 -1.844
18278 	 -1.823
18286 	 -1.776
18296 	 -2.335
18316 	 -2.35
18328 	 -2.594
18336 	 -2.477
18342 	 -2.52
18348 	 -2.323
18360 	 -2.064
18368 	 -1.758
18384 	 -1.772
18402 	 -1.338
18420 	 -0.704
18426 	 -0.616
18434 	 -0.498
18448 	 -0.158
18472 	 -0.128
18552 	 -0.012
18864 	 -0.004
19002 	 0
21000 	 -1.44
21001 	 -1.44
