0 	 0
3000 	 -1.376
3024 	 -1.496
3050 	 -1.88
3062 	 -2.472
3078 	 -3.176
3112 	 -3.62
3158 	 -3.808
3164 	 -3.728
3186 	 -2.828
3198 	 -2.688
3216 	 -1.912
3232 	 -1.736
3238 	 -1.364
3262 	 -0.608
3296 	 -0.264
3400 	 -0.024
3636 	 -0.008
3904 	 0
6000 	 -2.478
6020 	 -2.638
6042 	 -3.286
6064 	 -3.582
6088 	 -3.11
6120 	 -2.686
6138 	 -2.872
6154 	 -3.312
6180 	 -3.048
6190 	 -3.516
6198 	 -3.5
6234 	 -3.9
6284 	 -4.203
6296 	 -4.179
6346 	 -4.159
6360 	 -2.871
6374 	 -2.271
6376 	 -1.719
6424 	 -1.319
6444 	 -0.761
6504 	 -0.637
6506 	 -0.613
6552 	 -0.501
6634 	 -0.359
6704 	 -0.331
6710 	 -0.307
6726 	 -0.295
6728 	 -0.267
6782 	 -0.263
6894 	 -0.165
6990 	 -0.145
6994 	 -0.125
7002 	 -0.093
7272 	 -0.089
7278 	 -0.085
7290 	 -0.073
7324 	 -0.025
9000 	 -1.433
9024 	 -1.537
9050 	 -2.497
9078 	 -3.177
9112 	 -3.761
9158 	 -3.713
9162 	 -3.797
9174 	 -3.705
9186 	 -2.857
9216 	 -3.589
9232 	 -3.413
9238 	 -3.801
9262 	 -1.973
9268 	 -1.305
9298 	 -0.417
9304 	 -0.413
9306 	 -0.409
9334 	 -0.277
9400 	 -0.025
9660 	 -0.009
9904 	 -0.001
12000 	 -2.554
12002 	 -2.49
12004 	 -3.353
12006 	 -4.717
12008 	 -5.641
12010 	 -6.786
12012 	 -7.207
12016 	 -7.647
12020 	 -7.989
12028 	 -8.123
12030 	 -8.191
12032 	 -7.938
12040 	 -7.885
12042 	 -8.361
12048 	 -8.083
12054 	 -7.594
12064 	 -7.694
12070 	 -7.86
12072 	 -7.896
12074 	 -7.417
12088 	 -6.805
12100 	 -6.765
12102 	 -6.603
12120 	 -6.075
12130 	 -5.823
12140 	 -6.088
12148 	 -6.322
12154 	 -7.358
12160 	 -7.716
12162 	 -7.689
12164 	 -7.579
12178 	 -7.79
12180 	 -7.862
12186 	 -8.216
12190 	 -8.532
12198 	 -8.502
12200 	 -8.656
12206 	 -8.646
12212 	 -9.69
12226 	 -9.938
12228 	 -10.097
12230 	 -10.385
12234 	 -11.767
12246 	 -12.129
12252 	 -11.489
12254 	 -11.287
12256 	 -11.295
12260 	 -10.978
12264 	 -11.306
12270 	 -11.433
12274 	 -10.181
12276 	 -10.155
12282 	 -9.969
12286 	 -9.966
12288 	 -10.066
12290 	 -9.794
12296 	 -10.19
12304 	 -9.96
12310 	 -9.988
12312 	 -9.953
12314 	 -9.763
12324 	 -9.21
12332 	 -9.242
12334 	 -9.132
12338 	 -8.88
12344 	 -8.084
12350 	 -8.06
12352 	 -8.178
12354 	 -8.082
12358 	 -7.655
12360 	 -6.703
12372 	 -6.688
12376 	 -6.412
12380 	 -6.415
12382 	 -6.246
12386 	 -6.305
12390 	 -6.407
12392 	 -6.337
12394 	 -6.187
12398 	 -6.182
12402 	 -5.954
12404 	 -5.604
12410 	 -5.706
12412 	 -5.384
12420 	 -5.373
12430 	 -5.462
12436 	 -5.922
12438 	 -5.075
12444 	 -5.097
12452 	 -4.994
12460 	 -4.911
12462 	 -5.018
12464 	 -5.221
12466 	 -5.678
12468 	 -5.67
12474 	 -5.631
12488 	 -5.556
12494 	 -5.517
12498 	 -5.708
12520 	 -5.678
12524 	 -5.582
12534 	 -5.59
12542 	 -5.453
12550 	 -5.425
12552 	 -5.305
12564 	 -5.299
12574 	 -5.646
12576 	 -5.622
12578 	 -5.617
12588 	 -5.296
12590 	 -5.285
12592 	 -5.106
12602 	 -5.101
12606 	 -4.995
12608 	 -5.179
12610 	 -5.175
12624 	 -5.176
12630 	 -5.511
12638 	 -5.487
12640 	 -5.43
12642 	 -5.416
12644 	 -5.584
12650 	 -5.447
12660 	 -5.576
12668 	 -5.612
12672 	 -5.6
12674 	 -5.659
12676 	 -5.641
12684 	 -5.61
12696 	 -5.56
12710 	 -6.061
12716 	 -6.037
12722 	 -6.209
12732 	 -6.235
12736 	 -6.224
12742 	 -6.328
12750 	 -6.299
12758 	 -6.297
12766 	 -6.278
12768 	 -6.275
12776 	 -6.217
12798 	 -6.036
12802 	 -6.123
12804 	 -6.259
12816 	 -6.406
12822 	 -6.378
12828 	 -6.343
12832 	 -6.195
12834 	 -6.276
12854 	 -6.326
12858 	 -6.485
12888 	 -6.774
12894 	 -6.745
12908 	 -6.228
12912 	 -6.208
12916 	 -6.134
12920 	 -6.096
12946 	 -6.196
12952 	 -6.323
12954 	 -6.409
12964 	 -6.405
12969 	 -6.76
12972 	 -6.586
12982 	 -7.159
12986 	 -7.13
12990 	 -7.124
12996 	 -7.266
12998 	 -7.296
13002 	 -7.279
13004 	 -7.227
13006 	 -7.237
13008 	 -7.223
13016 	 -7.015
13018 	 -6.994
13022 	 -6.932
13028 	 -6.913
13030 	 -6.86
13034 	 -6.941
13036 	 -7.496
13042 	 -7.526
13054 	 -7.037
13060 	 -7.245
13062 	 -6.952
13068 	 -6.625
13070 	 -6.782
13078 	 -6.654
13082 	 -6.646
13084 	 -6.667
13086 	 -6.584
13088 	 -6.582
13092 	 -6.21
13100 	 -6.274
13102 	 -6.207
13110 	 -5.723
13114 	 -5.604
13124 	 -5.496
13126 	 -5.427
13130 	 -5.364
13132 	 -5.429
13136 	 -5.432
13142 	 -5.416
13146 	 -5.33
13162 	 -5.159
13164 	 -5.089
13166 	 -5.163
13168 	 -5.236
13182 	 -5.235
13204 	 -5.102
13206 	 -5.629
13216 	 -5.642
13220 	 -5.501
13226 	 -6.126
13228 	 -6.257
13244 	 -6.149
13246 	 -6.101
13248 	 -5.882
13250 	 -5.54
13254 	 -5.62
13256 	 -5.615
13260 	 -5.708
13262 	 -5.682
13268 	 -5.677
13270 	 -5.638
13274 	 -5.676
13284 	 -5.455
13290 	 -5.495
13296 	 -5.532
13300 	 -5.413
13306 	 -5.387
13308 	 -5.405
13310 	 -5.421
13316 	 -5.348
13320 	 -5.326
13322 	 -5.306
13326 	 -5.081
13328 	 -5.047
13330 	 -4.94
13336 	 -4.807
13354 	 -4.503
13360 	 -4.336
13364 	 -4.181
13366 	 -3.836
13372 	 -3.824
13374 	 -3.876
13380 	 -4
13384 	 -3.889
13386 	 -3.99
13388 	 -3.986
13394 	 -3.937
13398 	 -4.072
13426 	 -3.968
13430 	 -4.032
13448 	 -3.982
13454 	 -3.971
13464 	 -4.202
13470 	 -4.278
13474 	 -4.266
13480 	 -4.253
13484 	 -4.365
13500 	 -4.31
13508 	 -4.339
13514 	 -4.33
13516 	 -4.357
13524 	 -4.706
13540 	 -4.754
13542 	 -4.772
13552 	 -4.744
13558 	 -4.722
13560 	 -4.747
13568 	 -4.741
13572 	 -4.73
13574 	 -4.79
13578 	 -4.9
13584 	 -4.899
13586 	 -4.693
13592 	 -4.563
13596 	 -4.603
13604 	 -4.455
13612 	 -4.319
13616 	 -4.239
13634 	 -4.211
13648 	 -2.931
13664 	 -2.9
13674 	 -2.879
13686 	 -2.888
13696 	 -2.798
13706 	 -2.828
13718 	 -2.871
13720 	 -2.897
13744 	 -2.801
13760 	 -2.791
13766 	 -2.782
13772 	 -2.722
13800 	 -2.703
13804 	 -2.436
13808 	 -2.517
13820 	 -2.452
13838 	 -2.316
13848 	 -2.315
13856 	 -2.247
13858 	 -2.308
13872 	 -2.184
13874 	 -2.093
13878 	 -1.993
13888 	 -1.928
13900 	 -1.923
13902 	 -1.87
13906 	 -2.052
13912 	 -2.046
13916 	 -1.846
13922 	 -1.771
13942 	 -1.762
13944 	 -1.601
13948 	 -1.596
13954 	 -1.576
13960 	 -1.55
13976 	 -1.489
13992 	 -1.316
14000 	 -1.29
14004 	 -1.286
14010 	 -1.212
14028 	 -1.164
14032 	 -1.163
14038 	 -1.117
14046 	 -1.1
14048 	 -1.048
14058 	 -1.043
14062 	 -1.026
14068 	 -0.904
14070 	 -0.94
14092 	 -0.927
14116 	 -0.923
14118 	 -0.918
14120 	 -0.916
14136 	 -0.789
14140 	 -0.774
14168 	 -0.75
14182 	 -0.659
14192 	 -0.653
14212 	 -0.651
14214 	 -0.65
14216 	 -0.695
14248 	 -0.757
14264 	 -0.752
14288 	 -0.521
14302 	 -0.493
14318 	 -0.427
14326 	 -0.426
14330 	 -0.421
14338 	 -0.352
14342 	 -0.308
14370 	 -0.263
14378 	 -0.223
14394 	 -0.201
14398 	 -0.186
14408 	 -0.177
14486 	 -0.155
14502 	 -0.153
14590 	 -0.152
14674 	 -0.142
15000 	 -1.411
15024 	 -1.563
15050 	 -2.326
15078 	 -2.909
15112 	 -3.348
15158 	 -3.458
15162 	 -3.519
15174 	 -3.449
15186 	 -2.942
15216 	 -3.398
15222 	 -3.396
15232 	 -3.22
15238 	 -3.484
15262 	 -2.737
15268 	 -2.476
15282 	 -2.08
15298 	 -1.561
15310 	 -1.623
15336 	 -2.07
15342 	 -2.068
15346 	 -1.99
15356 	 -2.244
15372 	 -2.24
15374 	 -1.671
15388 	 -1.67
15400 	 -1.07
15422 	 -0.83
15456 	 -0.437
15470 	 -0.432
15486 	 -0.145
15558 	 -0.04
15660 	 -0.031
15864 	 -0.019
15888 	 -0.017
15904 	 -0.009
15966 	 -0.007
15978 	 -0.006
18000 	 -2.128
18020 	 -2.254
18042 	 -2.798
18064 	 -2.975
18088 	 -2.46
18120 	 -1.931
18154 	 -3.112
18180 	 -2.848
18190 	 -3.636
18234 	 -5
18252 	 -4.976
18262 	 -4.697
18270 	 -3.728
18278 	 -3.665
18286 	 -3.524
18296 	 -4.415
18316 	 -4.46
18328 	 -4.826
18336 	 -4.475
18342 	 -4.514
18348 	 -3.923
18360 	 -3.233
18368 	 -2.774
18384 	 -2.795
18402 	 -2.03
18420 	 -1.079
18426 	 -0.947
18434 	 -0.77
18448 	 -0.26
18472 	 -0.215
18552 	 -0.024
18864 	 -0.012
19002 	 0
21000 	 -1.44
21001 	 -1.44
