0 	 0
3000 	 -1.376
3024 	 -1.496
3050 	 -1.88
3062 	 -2.472
3078 	 -3.176
3112 	 -3.62
3158 	 -3.808
3164 	 -3.728
3186 	 -2.828
3198 	 -2.688
3216 	 -1.912
3232 	 -1.736
3238 	 -1.364
3262 	 -0.608
3296 	 -0.264
3400 	 -0.024
3636 	 -0.008
3904 	 0
6000 	 -2.478
6020 	 -2.638
6042 	 -3.286
6064 	 -3.582
6088 	 -3.11
6120 	 -2.686
6138 	 -2.872
6154 	 -3.312
6180 	 -3.048
6190 	 -3.516
6198 	 -3.5
6234 	 -3.9
6284 	 -4.203
6296 	 -4.179
6346 	 -4.159
6360 	 -2.871
6374 	 -2.271
6376 	 -1.719
6424 	 -1.319
6444 	 -0.761
6504 	 -0.637
6506 	 -0.613
6552 	 -0.501
6634 	 -0.359
6704 	 -0.331
6710 	 -0.307
6726 	 -0.295
6728 	 -0.267
6782 	 -0.263
6894 	 -0.165
6990 	 -0.145
6994 	 -0.125
7002 	 -0.093
7272 	 -0.089
7278 	 -0.085
7290 	 -0.073
7324 	 -0.025
9000 	 -1.433
9024 	 -1.537
9050 	 -2.497
9078 	 -3.177
9112 	 -3.761
9158 	 -3.713
9162 	 -3.797
9174 	 -3.705
9186 	 -2.857
9216 	 -3.589
9232 	 -3.413
9238 	 -3.801
9262 	 -1.973
9268 	 -1.305
9298 	 -0.417
9304 	 -0.413
9306 	 -0.409
9334 	 -0.277
9400 	 -0.025
9660 	 -0.009
9904 	 -0.001
12000 	 -2.554
12002 	 -2.49
12004 	 -3.433
12006 	 -4.797
12008 	 -6.549
12010 	 -7.694
12012 	 -8.541
12016 	 -8.981
12020 	 -9.543
12028 	 -9.677
12030 	 -9.745
12032 	 -9.492
12040 	 -9.545
12042 	 -10.021
12048 	 -9.743
12054 	 -9.254
12064 	 -9.354
12070 	 -9.696
12072 	 -9.732
12074 	 -9.253
12086 	 -9.475
12088 	 -8.863
12100 	 -8.75
12102 	 -8.644
12114 	 -8.785
12120 	 -8.257
12130 	 -7.838
12132 	 -8.145
12140 	 -8.41
12148 	 -8.644
12154 	 -9.812
12160 	 -10.17
12162 	 -10.143
12164 	 -10.033
12178 	 -10.246
12180 	 -10.301
12184 	 -10.153
12186 	 -10.473
12190 	 -10.789
12192 	 -10.732
12198 	 -10.702
12200 	 -10.588
12204 	 -10.553
12210 	 -10.622
12212 	 -11.666
12226 	 -12.43
12228 	 -12.589
12230 	 -12.518
12234 	 -13.9
12236 	 -13.58
12242 	 -13.488
12246 	 -13.762
12248 	 -13.731
12252 	 -13.052
12254 	 -12.789
12256 	 -12.658
12260 	 -12.323
12264 	 -12.258
12270 	 -12.385
12272 	 -12.437
12274 	 -11.185
12276 	 -11.03
12282 	 -10.704
12290 	 -10.432
12296 	 -10.828
12304 	 -10.65
12310 	 -10.719
12314 	 -10.718
12320 	 -10.72
12324 	 -10.116
12328 	 -9.97
12330 	 -10.029
12332 	 -10.061
12334 	 -10.009
12336 	 -10.04
12338 	 -9.788
12344 	 -8.942
12346 	 -8.962
12350 	 -9.016
12352 	 -9.061
12354 	 -9.049
12356 	 -8.997
12358 	 -8.684
12360 	 -7.732
12364 	 -7.599
12376 	 -7.498
12380 	 -7.487
12382 	 -7.638
12386 	 -7.605
12392 	 -7.832
12398 	 -7.827
12404 	 -7.25
12406 	 -7.314
12412 	 -7.04
12414 	 -6.879
12420 	 -6.868
12430 	 -6.957
12436 	 -7.445
12438 	 -6.559
12444 	 -6.481
12450 	 -6.506
12452 	 -6.232
12460 	 -6.194
12462 	 -6.168
12464 	 -6.103
12466 	 -6.56
12468 	 -6.601
12470 	 -6.531
12474 	 -6.568
12476 	 -6.54
12488 	 -6.53
12494 	 -6.475
12496 	 -6.453
12500 	 -6.467
12502 	 -6.452
12506 	 -6.467
12516 	 -6.389
12518 	 -6.87
12520 	 -6.835
12524 	 -6.82
12526 	 -7.031
12532 	 -7.022
12542 	 -6.812
12550 	 -6.453
12552 	 -6.333
12566 	 -6.301
12574 	 -6.224
12576 	 -6.22
12582 	 -6.15
12590 	 -6.109
12592 	 -5.93
12600 	 -5.815
12604 	 -5.594
12608 	 -5.778
12614 	 -5.724
12624 	 -5.711
12630 	 -6.066
12636 	 -6.057
12638 	 -6.039
12640 	 -5.959
12642 	 -5.945
12644 	 -6.113
12646 	 -6.179
12648 	 -6.132
12656 	 -6.124
12668 	 -6.32
12672 	 -6.304
12676 	 -6.197
12680 	 -6.059
12700 	 -6.032
12710 	 -6.028
12714 	 -5.881
12716 	 -5.92
12732 	 -5.951
12740 	 -5.944
12742 	 -5.99
12758 	 -5.988
12768 	 -6.394
12776 	 -6.384
12780 	 -6.763
12782 	 -7.103
12786 	 -7
12790 	 -7.41
12802 	 -7.497
12804 	 -7.436
12812 	 -7.557
12814 	 -7.555
12826 	 -7.439
12828 	 -7.404
12840 	 -6.924
12846 	 -6.97
12850 	 -6.974
12860 	 -7.588
12864 	 -7.395
12868 	 -7.408
12874 	 -7.362
12876 	 -7.348
12888 	 -7.576
12890 	 -7.671
12892 	 -7.684
12900 	 -7.59
12904 	 -7.427
12908 	 -6.91
12914 	 -6.721
12916 	 -6.361
12920 	 -6.136
12928 	 -6.265
12932 	 -6.076
12938 	 -6.226
12950 	 -6.239
12952 	 -6.155
12954 	 -6.086
12964 	 -6.077
12968 	 -5.931
12970 	 -5.926
12972 	 -5.534
12982 	 -5.231
12984 	 -5.52
12986 	 -5.494
12988 	 -5.535
12990 	 -5.526
12994 	 -5.47
12996 	 -5.349
13002 	 -5.555
13004 	 -5.481
13006 	 -5.511
13008 	 -5.497
13010 	 -5.643
13012 	 -5.63
13014 	 -5.604
13022 	 -5.755
13024 	 -6.123
13028 	 -6.082
13036 	 -6.424
13042 	 -6.384
13056 	 -6.233
13062 	 -6.117
13068 	 -6.008
13078 	 -5.974
13080 	 -5.766
13082 	 -5.751
13084 	 -5.787
13088 	 -5.871
13094 	 -5.794
13102 	 -5.761
13110 	 -5.803
13114 	 -5.551
13116 	 -5.718
13120 	 -5.681
13124 	 -5.656
13126 	 -5.66
13132 	 -5.667
13136 	 -5.65
13140 	 -5.3
13148 	 -5.131
13150 	 -4.8
13152 	 -4.661
13164 	 -4.635
13174 	 -4.696
13180 	 -4.562
13182 	 -4.561
13184 	 -4.482
13190 	 -4.458
13194 	 -4.455
13198 	 -4.509
13204 	 -4.391
13206 	 -4.737
13212 	 -4.785
13216 	 -4.808
13224 	 -4.773
13238 	 -4.673
13244 	 -4.597
13246 	 -4.528
13248 	 -4.522
13250 	 -4.502
13254 	 -4.697
13256 	 -4.675
13258 	 -4.673
13262 	 -4.647
13268 	 -4.637
13270 	 -4.632
13274 	 -4.558
13290 	 -4.541
13300 	 -4.517
13302 	 -4.642
13304 	 -4.771
13306 	 -4.753
13326 	 -4.65
13328 	 -4.546
13330 	 -4.872
13346 	 -4.925
13352 	 -4.986
13358 	 -5.133
13364 	 -5.16
13366 	 -4.997
13370 	 -5.002
13372 	 -4.99
13382 	 -4.884
13384 	 -4.773
13388 	 -4.597
13396 	 -4.431
13398 	 -4.373
13402 	 -4.263
13406 	 -4.255
13408 	 -4.226
13412 	 -4.225
13414 	 -4.274
13420 	 -4.264
13424 	 -4.015
13430 	 -4.175
13434 	 -4.086
13450 	 -4.079
13454 	 -4.063
13456 	 -4.014
13464 	 -3.994
13466 	 -3.989
13474 	 -3.977
13484 	 -4.26
13490 	 -4.246
13498 	 -4.274
13514 	 -4.265
13530 	 -4.329
13538 	 -4.322
13542 	 -4.318
13544 	 -4.498
13548 	 -4.506
13554 	 -4.553
13560 	 -4.548
13564 	 -4.52
13572 	 -4.51
13604 	 -4.388
13622 	 -4.548
13648 	 -3.578
13654 	 -3.576
13670 	 -3.542
13696 	 -3.503
13704 	 -3.631
13710 	 -3.546
13712 	 -3.719
13718 	 -3.716
13726 	 -3.715
13728 	 -3.753
13736 	 -3.758
13738 	 -3.739
13740 	 -3.738
13744 	 -3.63
13760 	 -3.61
13766 	 -3.596
13784 	 -3.685
13790 	 -3.662
13800 	 -3.687
13804 	 -2.958
13808 	 -2.969
13820 	 -2.963
13830 	 -2.937
13842 	 -2.879
13858 	 -2.877
13866 	 -2.894
13870 	 -2.651
13874 	 -2.674
13878 	 -2.602
13882 	 -2.556
13888 	 -2.521
13900 	 -2.516
13902 	 -2.463
13908 	 -2.4
13912 	 -2.394
13930 	 -2.444
13934 	 -2.429
13936 	 -2.431
13942 	 -2.422
13948 	 -2.565
13960 	 -2.439
13982 	 -2.421
13996 	 -2.394
14010 	 -2.433
14016 	 -2.432
14020 	 -2.431
14026 	 -2.054
14032 	 -2.051
14038 	 -2.044
14040 	 -2.052
14042 	 -2.156
14048 	 -2.104
14054 	 -2.061
14058 	 -2.061
14064 	 -2.169
14072 	 -2.011
14090 	 -1.977
14094 	 -1.777
14098 	 -1.776
14104 	 -1.703
14110 	 -1.682
14112 	 -1.692
14118 	 -1.638
14120 	 -1.633
14124 	 -1.631
14132 	 -1.608
14136 	 -1.481
14140 	 -0.81
14150 	 -0.73
14160 	 -0.657
14164 	 -0.597
14166 	 -0.539
14180 	 -0.522
14184 	 -0.504
14192 	 -0.458
14212 	 -0.456
14218 	 -0.441
14220 	 -0.414
14222 	 -0.392
14234 	 -0.352
14242 	 -0.311
14260 	 -0.301
14264 	 -0.283
14272 	 -0.282
14290 	 -0.268
14296 	 -0.26
14318 	 -0.258
14320 	 -0.251
14326 	 -0.25
14338 	 -0.242
14374 	 -0.24
14378 	 -0.2
14386 	 -0.192
14424 	 -0.184
14460 	 -0.182
14464 	 -0.179
14468 	 -0.176
14480 	 -0.175
14516 	 -0.174
14520 	 -0.166
14560 	 -0.163
14774 	 -0.162
15000 	 -1.415
15024 	 -1.573
15050 	 -2.321
15078 	 -2.91
15112 	 -3.35
15158 	 -3.368
15162 	 -3.431
15174 	 -3.36
15186 	 -2.75
15216 	 -3.311
15222 	 -3.308
15232 	 -3.132
15238 	 -3.325
15262 	 -2.285
15266 	 -2.256
15268 	 -2.083
15276 	 -1.929
15282 	 -1.665
15298 	 -1.319
15300 	 -1.149
15310 	 -1.19
15336 	 -1.489
15342 	 -1.487
15346 	 -1.435
15350 	 -1.413
15356 	 -1.583
15372 	 -1.579
15374 	 -1.194
15382 	 -1.193
15400 	 -0.727
15422 	 -0.567
15456 	 -0.304
15470 	 -0.299
15486 	 -0.108
15558 	 -0.041
15658 	 -0.038
15660 	 -0.032
15708 	 -0.026
15864 	 -0.021
15888 	 -0.018
15904 	 -0.01
16440 	 -0.009
18000 	 -2.128
18020 	 -2.245
18042 	 -2.757
18064 	 -2.894
18088 	 -2.339
18120 	 -1.764
18154 	 -2.864
18180 	 -2.6
18190 	 -3.253
18234 	 -4.518
18252 	 -4.494
18262 	 -4.308
18270 	 -3.339
18278 	 -3.276
18286 	 -3.135
18296 	 -3.669
18316 	 -3.714
18328 	 -3.958
18336 	 -3.607
18342 	 -3.616
18348 	 -3.025
18360 	 -2.268
18368 	 -1.962
18384 	 -1.976
18402 	 -1.39
18420 	 -0.756
18426 	 -0.668
18434 	 -0.55
18448 	 -0.21
18472 	 -0.18
18552 	 -0.02
18864 	 -0.012
19002 	 0
21000 	 -1.44
21001 	 -1.44
