0 	 0
3000 	 -1.376
3024 	 -1.496
3050 	 -1.88
3062 	 -2.472
3078 	 -3.176
3112 	 -3.62
3158 	 -3.808
3164 	 -3.728
3186 	 -2.828
3198 	 -2.688
3216 	 -1.912
3232 	 -1.736
3238 	 -1.364
3262 	 -0.608
3296 	 -0.264
3400 	 -0.024
3636 	 -0.008
3904 	 0
6000 	 -2.478
6020 	 -2.638
6042 	 -3.286
6064 	 -3.582
6088 	 -3.11
6120 	 -2.686
6138 	 -2.872
6154 	 -3.312
6180 	 -3.048
6190 	 -3.516
6198 	 -3.5
6234 	 -3.9
6284 	 -4.203
6296 	 -4.179
6346 	 -4.159
6360 	 -2.871
6374 	 -2.271
6376 	 -1.719
6424 	 -1.319
6444 	 -0.761
6504 	 -0.637
6506 	 -0.613
6552 	 -0.501
6634 	 -0.359
6704 	 -0.331
6710 	 -0.307
6726 	 -0.295
6728 	 -0.267
6782 	 -0.263
6894 	 -0.165
6990 	 -0.145
6994 	 -0.125
7002 	 -0.093
7272 	 -0.089
7278 	 -0.085
7290 	 -0.073
7324 	 -0.025
9000 	 -1.433
9024 	 -1.537
9050 	 -2.497
9078 	 -3.177
9112 	 -3.761
9158 	 -3.713
9162 	 -3.797
9174 	 -3.705
9186 	 -2.857
9216 	 -3.589
9232 	 -3.413
9238 	 -3.801
9262 	 -1.973
9268 	 -1.305
9298 	 -0.417
9304 	 -0.413
9306 	 -0.409
9334 	 -0.277
9400 	 -0.025
9660 	 -0.009
9904 	 -0.001
12000 	 -2.554
12002 	 -2.49
12004 	 -3.313
12006 	 -4.677
12008 	 -5.19
12010 	 -6.335
12012 	 -6.541
12016 	 -6.981
12020 	 -7.21
12028 	 -7.344
12030 	 -7.412
12032 	 -7.159
12040 	 -7.018
12042 	 -7.494
12048 	 -7.216
12054 	 -6.727
12064 	 -6.827
12070 	 -6.809
12072 	 -6.845
12074 	 -6.366
12088 	 -5.754
12100 	 -5.731
12102 	 -5.569
12120 	 -5.041
12130 	 -4.995
12140 	 -5.26
12148 	 -5.494
12154 	 -6.53
12162 	 -6.503
12164 	 -6.393
12178 	 -6.535
12180 	 -6.607
12186 	 -6.961
12190 	 -7.277
12198 	 -7.269
12200 	 -7.345
12206 	 -7.335
12212 	 -8.379
12226 	 -8.627
12228 	 -8.786
12230 	 -9.046
12234 	 -10.428
12252 	 -9.788
12254 	 -9.687
12256 	 -9.829
12260 	 -9.512
12264 	 -9.88
12270 	 -10.007
12274 	 -8.755
12282 	 -8.598
12286 	 -8.391
12290 	 -8.119
12296 	 -8.515
12304 	 -8.285
12312 	 -8.25
12320 	 -8.486
12324 	 -7.88
12332 	 -7.912
12334 	 -7.887
12338 	 -7.635
12344 	 -6.839
12350 	 -6.824
12354 	 -6.755
12358 	 -6.433
12360 	 -5.481
12372 	 -5.466
12376 	 -5.611
12382 	 -5.544
12386 	 -5.603
12392 	 -5.646
12394 	 -5.496
12398 	 -5.491
12404 	 -5.219
12410 	 -5.282
12412 	 -4.971
12414 	 -4.948
12420 	 -4.937
12430 	 -5.026
12436 	 -5.472
12438 	 -5.2
12444 	 -5.211
12452 	 -5.108
12460 	 -5.025
12466 	 -5.482
12474 	 -5.266
12494 	 -5.227
12496 	 -5.212
12508 	 -5.175
12520 	 -5.145
12524 	 -5.049
12530 	 -5.062
12540 	 -4.933
12542 	 -4.796
12548 	 -4.765
12552 	 -4.645
12554 	 -4.924
12564 	 -4.918
12574 	 -5.372
12576 	 -5.352
12578 	 -5.347
12590 	 -5.444
12592 	 -5.265
12594 	 -5.189
12608 	 -5.373
12614 	 -5.239
12630 	 -5.563
12638 	 -5.559
12640 	 -5.502
12642 	 -5.488
12644 	 -5.656
12654 	 -5.644
12656 	 -5.724
12664 	 -5.706
12668 	 -5.742
12672 	 -5.73
12674 	 -5.603
12676 	 -5.585
12682 	 -5.662
12706 	 -5.532
12710 	 -5.528
12716 	 -5.525
12732 	 -5.551
12736 	 -5.417
12742 	 -5.41
12758 	 -5.408
12768 	 -6.083
12772 	 -6.01
12782 	 -6.363
12786 	 -6.255
12790 	 -6.087
12802 	 -6.174
12804 	 -6.281
12820 	 -6.248
12828 	 -6.213
12840 	 -5.996
12854 	 -5.812
12888 	 -6.116
12894 	 -6.143
12908 	 -5.42
12912 	 -5.384
12916 	 -5.31
12920 	 -5.22
12926 	 -5.344
12928 	 -5.267
12940 	 -5.084
12952 	 -5.139
12954 	 -5.07
12958 	 -5.098
12964 	 -5.094
12972 	 -4.92
12982 	 -4.627
12986 	 -4.601
12988 	 -4.52
12990 	 -4.517
12996 	 -4.501
13002 	 -4.484
13004 	 -4.41
13006 	 -4.42
13008 	 -4.406
13016 	 -4.379
13022 	 -4.388
13028 	 -4.347
13034 	 -5.088
13042 	 -5.04
13044 	 -5.568
13052 	 -5.758
13054 	 -5.702
13062 	 -5.411
13068 	 -5.292
13074 	 -5.243
13080 	 -5.112
13082 	 -5.104
13090 	 -5.112
13094 	 -5.249
13098 	 -4.977
13102 	 -4.931
13104 	 -5.459
13112 	 -5.455
13114 	 -5.434
13120 	 -5.383
13126 	 -5.382
13130 	 -5.385
13132 	 -5.434
13138 	 -5.417
13140 	 -5.505
13142 	 -5.298
13154 	 -5.29
13156 	 -5.136
13164 	 -4.82
13172 	 -4.738
13176 	 -4.579
13184 	 -4.666
13196 	 -4.565
13202 	 -4.576
13206 	 -4.705
13208 	 -4.765
13226 	 -4.757
13246 	 -4.688
13248 	 -4.152
13250 	 -4.001
13256 	 -3.996
13262 	 -3.97
13266 	 -4.294
13268 	 -4.284
13270 	 -4.279
13274 	 -4.274
13278 	 -4.375
13280 	 -4.696
13284 	 -4.619
13290 	 -4.602
13296 	 -4.765
13302 	 -4.876
13312 	 -4.808
13314 	 -4.784
13328 	 -4.578
13334 	 -4.547
13346 	 -4.612
13348 	 -4.464
13366 	 -4.472
13368 	 -4.444
13372 	 -4.432
13374 	 -4.212
13384 	 -4.039
13388 	 -4.035
13392 	 -3.989
13398 	 -4.024
13402 	 -3.875
13408 	 -3.708
13414 	 -3.398
13422 	 -3.291
13428 	 -3.181
13430 	 -3.043
13432 	 -3.155
13440 	 -3.231
13454 	 -3.197
13474 	 -3.185
13478 	 -3.121
13482 	 -3.039
13484 	 -3.125
13488 	 -3.113
13514 	 -3.104
13524 	 -3.199
13538 	 -3.284
13540 	 -3.388
13542 	 -3.384
13544 	 -3.373
13554 	 -3.35
13572 	 -3.371
13582 	 -3.399
13596 	 -3.45
13604 	 -3.328
13608 	 -3.377
13616 	 -3.381
13630 	 -3.418
13644 	 -3.419
13646 	 -3.177
13648 	 -2.427
13652 	 -2.265
13664 	 -2.233
13674 	 -2.116
13688 	 -2.404
13696 	 -2.324
13698 	 -2.249
13722 	 -2.207
13734 	 -2.325
13742 	 -2.302
13744 	 -2.205
13760 	 -2.322
13766 	 -2.308
13782 	 -2.347
13804 	 -2.038
13806 	 -1.891
13820 	 -1.885
13826 	 -1.909
13834 	 -1.769
13838 	 -1.715
13844 	 -1.829
13848 	 -1.828
13862 	 -1.896
13868 	 -1.631
13878 	 -1.531
13888 	 -1.404
13900 	 -1.458
13902 	 -1.405
13912 	 -1.399
13914 	 -1.381
13916 	 -1.404
13926 	 -1.327
13928 	 -1.269
13930 	 -1.259
13934 	 -1.298
13940 	 -1.288
13942 	 -1.279
13950 	 -1.293
13972 	 -1.254
13996 	 -1.295
14020 	 -1.294
14024 	 -1.383
14032 	 -1.528
14046 	 -1.537
14048 	 -1.485
14052 	 -1.475
14058 	 -1.47
14064 	 -1.616
14070 	 -1.662
14104 	 -1.708
14106 	 -1.823
14120 	 -1.749
14136 	 -1.622
14146 	 -1.611
14150 	 -1.61
14176 	 -1.442
14198 	 -1.414
14212 	 -1.412
14214 	 -1.264
14230 	 -1.244
14232 	 -1.271
14236 	 -1.242
14246 	 -1.189
14258 	 -1.183
14262 	 -1.043
14282 	 -0.96
14288 	 -0.944
14290 	 -0.897
14302 	 -0.894
14316 	 -0.877
14318 	 -0.875
14326 	 -0.865
14336 	 -0.764
14340 	 -0.762
14344 	 -0.746
14348 	 -0.734
14364 	 -0.71
14374 	 -0.707
14378 	 -0.667
14384 	 -0.657
14392 	 -0.656
14396 	 -0.612
14408 	 -0.723
14440 	 -0.714
14446 	 -0.613
14488 	 -0.488
14498 	 -0.486
14504 	 -0.419
14508 	 -0.402
14514 	 -0.385
14522 	 -0.383
14524 	 -0.329
14544 	 -0.219
14556 	 -0.214
14570 	 -0.206
14586 	 -0.203
14596 	 -0.175
14624 	 -0.173
14670 	 -0.16
14682 	 -0.144
14752 	 -0.142
15000 	 -1.421
15024 	 -1.593
15050 	 -2.313
15078 	 -2.909
15112 	 -3.364
15158 	 -3.492
15162 	 -3.555
15174 	 -3.485
15186 	 -3.16
15216 	 -3.626
15222 	 -3.623
15232 	 -3.447
15238 	 -3.636
15262 	 -3
15266 	 -2.917
15276 	 -2.458
15300 	 -1.941
15308 	 -1.958
15310 	 -2.019
15334 	 -2.168
15336 	 -2.617
15342 	 -2.615
15350 	 -2.571
15354 	 -2.656
15356 	 -2.909
15372 	 -2.709
15374 	 -2.139
15382 	 -2.138
15400 	 -1.409
15422 	 -1.083
15456 	 -0.69
15458 	 -0.556
15470 	 -0.551
15486 	 -0.264
15488 	 -0.179
15558 	 -0.074
15566 	 -0.043
15656 	 -0.039
15658 	 -0.036
15668 	 -0.033
15864 	 -0.021
15888 	 -0.018
15890 	 -0.015
15904 	 -0.007
15954 	 -0.006
18000 	 -2.128
18020 	 -2.263
18042 	 -2.839
18064 	 -3.056
18088 	 -2.581
18120 	 -2.098
18154 	 -3.36
18180 	 -3.096
18190 	 -4.019
18234 	 -5.482
18252 	 -5.458
18262 	 -5.085
18270 	 -4.116
18278 	 -4.053
18286 	 -3.912
18296 	 -5.161
18316 	 -5.206
18328 	 -5.694
18336 	 -5.343
18342 	 -5.412
18348 	 -4.821
18360 	 -4.198
18368 	 -3.586
18384 	 -3.614
18402 	 -2.67
18420 	 -1.402
18426 	 -1.226
18434 	 -0.99
18448 	 -0.31
18472 	 -0.25
18552 	 -0.028
18864 	 -0.012
19002 	 0
21000 	 -1.44
21001 	 -1.44
